timestamp,accel_x,accel_y,accel_z,gyro_x,gyro_y,gyro_z
6628000,0.00400691,-0.000115905765,-9.804779,0.00088601164,0.00032877512,0.00025848168
6632000,-0.0026550882,-0.0015886269,-9.793806,0.0013711989,-0.0010898627,1.7046046e-05
6636000,-0.009516664,-0.0009117309,-9.790352,0.00076911587,-0.001426536,0.0003313748
6640000,-0.00038006628,-0.0001788859,-9.800861,0.0001369933,-0.000709847,0.001330086
6644000,0.0044534053,0.0032493074,-9.800171,-0.0004496367,-0.0009073636,0.0008233944
6648000,7.862109e-06,0.005955564,-9.795607,-7.6888e-05,-0.00012769258,-0.00041636248
6652000,0.0046094875,0.007292258,-9.792371,0.00033574688,0.00057909504,-0.00048560422
6656000,0.006711713,0.0045795767,-9.798861,-0.0003176762,-1.2731813e-05,1.1238823e-06
6660000,-0.00050187006,-0.009368264,-9.800544,-0.0010854577,0.0001076478,0.00020274699
6664000,-0.0067252284,-0.008490959,-9.798008,-0.0010578599,-0.00020003767,0.0008159147
6668000,-0.0026643695,0.0032958668,-9.800315,7.842234e-05,-0.00020079299,0.00063794537
6672000,0.001735542,-0.001742687,-9.791479,0.0010336963,-0.00028416398,-8.007958e-05
6676000,0.006165377,-0.0033738052,-9.796952,0.000964155,-0.00036321953,-0.00044779314
6680000,0.006876503,0.0042360476,-9.804425,0.00031374051,0.00038225186,-0.00035182125
6684000,-0.00092776667,0.0009756775,-9.8050785,0.0006205335,0.00048120608,0.00013449312
6688000,-0.0030159445,-0.004597489,-9.804609,0.0008893171,0.00042641704,0.00041633676
6692000,-0.0010898901,-0.0022262612,-9.794026,-0.00020464581,-0.00018075602,0.0009914144
6696000,0.0046347133,-0.0010210641,-9.8006315,0.00012843493,-0.00091336784,0.0009629459
6700000,0.0054311594,0.0006436922,-9.800871,0.00092747423,-0.00044104244,0.00015121888
6704000,0.003358729,0.005171662,-9.795748,0.00056656817,0.0002210851,0.0002773869
6708000,0.002433082,0.0029043634,-9.805468,0.00030774725,0.0006977444,0.0010461359
6712000,0.0014864696,-0.0016262033,-9.804921,-9.066545e-05,-0.00027664524,0.0011698236
6716000,0.0082921535,-0.0057114405,-9.798792,-7.216409e-05,-0.0012694481,-0.00011788069
6720000,0.004160786,-0.0029306149,-9.806391,-8.3896724e-05,-0.0007468455,-7.38588e-05
6724000,-0.006487159,0.0023714572,-9.806591,0.00043992937,-5.964901e-05,0.0006779488
6728000,0.0011443719,0.0015058069,-9.796856,-0.00013299265,0.00033577977,-0.0004179798
6732000,0.0081493305,-0.0056462404,-9.79557,-0.00077721116,-0.0007352951,-0.00082291453
6736000,3.2900018e-05,-1.9448371e-05,-9.790209,0.00028256388,-0.0007378047,-0.00067979825
6740000,-0.0009864751,0.0066550253,-9.79123,0.00024230183,9.041959e-05,-0.0005464685
6744000,0.004998774,0.0061434694,-9.793825,-0.0008916235,7.059605e-05,-0.0002737301
6748000,0.0072748624,0.003235318,-9.801324,-0.0010405121,-4.5641078e-05,0.00011155219
6752000,0.0015489876,-0.0043336707,-9.804014,-0.00015638139,-0.00027689437,0.0002628109
6756000,0.0001351602,-0.0031596234,-9.794226,-0.00071315473,0.00018506429,-0.0002712262
6760000,0.0052773124,-0.0005358233,-9.793531,-0.00041923596,0.00033658743,-0.00055236934
6764000,0.0050052037,-0.0051458227,-9.789109,0.001060346,-0.0010010833,-0.0005001709
6768000,0.0013187508,-0.0037814952,-9.7934065,0.001025651,-0.00068877067,-0.0014259851
6772000,0.0036146564,6.6044186e-07,-9.799403,0.00045449435,0.00030405028,-0.00061075273
6776000,0.0060288147,-0.0039526997,-9.799816,0.00017092227,-0.00026050268,0.00035629835
6780000,0.0010893058,-0.0038547474,-9.803372,-0.00043206703,0.00011248338,-0.00031342512
6784000,-0.00032765878,-0.002757757,-9.802233,-0.0011348801,0.00032511118,-0.00058569404
6788000,-0.0012699281,-0.0018906823,-9.801001,-0.0007066217,-9.544343e-05,-0.0007595177
6792000,-0.0054477183,-0.0035209346,-9.799478,-0.0008012406,0.00021985477,-6.191739e-06
6796000,-0.0012207238,-0.003714223,-9.799541,-0.0012565502,-0.00013745787,0.0003603875
6800000,-0.001898741,-0.001135396,-9.80398,5.8275427e-06,-0.00053688674,-0.00039464692
6804000,-0.0031181856,-0.0024670097,-9.805586,0.00081562495,-0.0009135482,-0.00019344692
6808000,0.0038561851,0.0014603576,-9.7999115,0.0005887911,-0.0016801334,4.0377112e-05
6812000,0.0050816587,0.004204389,-9.802824,0.00017514723,-0.00055711594,-0.00077976834
6816000,0.0018044641,0.0041834875,-9.804127,-0.00038377894,0.0002096844,-0.0003137477
6820000,0.0034305884,0.0026925069,-9.793494,-0.00016548275,-0.00051760336,2.4756116e-06
6824000,0.0017018386,-0.0029084575,-9.79192,4.885268e-05,-5.274723e-05,0.00020346942
6828000,-0.0053064674,-0.004662856,-9.794705,-0.000330775,0.001005237,-0.000247079
6832000,-0.004077868,0.0024310087,-9.794203,0.0001169789,0.00063453754,-0.0010287486
6836000,-0.0022002065,0.006413934,-9.792425,0.0008632862,-3.8825037e-05,0.00023299381
6840000,-0.0051348163,0.0015761333,-9.79369,0.00047032654,1.4074749e-05,0.0010291963
6844000,-0.003090396,-0.003936284,-9.793562,1.6328422e-06,0.0010266795,0.00078094
6848000,-0.0031458603,-0.0034911095,-9.793105,-0.00013578666,0.00049698283,0.00035060107
6852000,-0.007231147,-0.0009828592,-9.795254,8.5846965e-05,-0.000810611,-0.0003324317
6856000,0.0031731662,-0.003132988,-9.797417,-0.0003088297,0.00032799732,-0.00079934293
6860000,0.0043461747,0.002815187,-9.801213,-0.00020350507,0.00017960354,0.00013620625
6864000,0.0011724224,0.010698122,-9.8085575,0.0012227165,-0.0006951106,0.0005409857
6868000,0.0016653191,0.011690086,-9.813063,0.0010240412,-0.00045554366,0.00021814705
6872000,-0.0001933731,0.0017316432,-9.80143,0.00050357886,-0.0007079339,7.500891e-05
6876000,0.003379819,-0.0012170555,-9.796862,0.0012528704,-0.00050962623,-0.00035301075
6880000,-0.0031237542,0.004806132,-9.797804,0.00069592276,0.00041854987,0.00020354606
6884000,-0.0074683754,0.005342489,-9.800726,-0.00017041602,0.00096801115,0.00011336741
6888000,-0.00892426,0.00379099,-9.806669,-0.00031537982,0.00078724563,-0.0005291403
6892000,-0.009585869,0.0050587207,-9.807255,-0.00027518882,-0.00015191824,-0.00092153053
6896000,0.0012515299,0.0014132019,-9.804222,-0.0002621445,-0.00043592261,-0.0012437291
6900000,0.0035282043,-7.9189385e-06,-9.797411,-0.0007134683,0.0003792935,-0.00036201262
6904000,-0.00010888884,0.002737522,-9.791791,-0.0002508497,8.423642e-05,-0.00025655155
6908000,-0.0040258784,-0.0012977752,-9.795029,0.0002420398,8.639936e-05,-0.0006324715
6912000,0.0017873782,-0.0014221328,-9.80398,4.6214933e-05,0.0003116263,0.0002363021
6916000,0.005871779,-0.005366578,-9.803737,0.0006217626,0.00020114206,-0.00044746842
6920000,-0.001692499,-0.009649777,-9.806364,0.00076437794,0.0003850285,-0.0017435749
6924000,0.0038383945,-0.0037399407,-9.810984,0.0006594736,0.00050360215,-0.0013964586
6928000,0.0022198115,0.008778646,-9.801514,0.0005299417,0.0002600941,-1.3505254e-05
6932000,-0.0024196515,0.005253446,-9.802607,-0.0002996552,-3.6709087e-05,0.00021511198
6936000,0.0011245217,-0.0089672,-9.807408,-0.00025071064,9.1597096e-05,-0.0006108292
6940000,0.00056698575,-0.0055775857,-9.800682,0.00010277882,-0.000120796445,-0.00084138004
6944000,-0.0041811713,-0.0013728016,-9.801695,-0.0002901153,-0.0008167126,-0.00017704497
6948000,-0.004414401,-0.0018825094,-9.804083,-0.00094023516,-0.00042012412,0.0006489204
6952000,0.0032228646,0.0030660452,-9.805059,-0.0012298875,-0.00031179725,0.0009812702
6956000,0.0028945785,0.0031608748,-9.799259,0.00029276867,-0.0009436659,0.0010316401
6960000,0.00078481575,0.0038586059,-9.79463,0.0013640434,-0.00045137713,-0.00043461364
6964000,0.0021680393,0.0046765376,-9.799229,0.0008159437,0.00025309357,-0.00015630561
6968000,0.0010171151,-0.0064695813,-9.802988,-0.00029849313,0.00026059896,0.0008681534
6972000,-0.0018467756,-0.008745768,-9.805483,-9.1374095e-06,-0.00042497437,0.00025612907
6976000,-0.010075571,0.0021842364,-9.803647,0.0016051535,-0.00032976017,0.0005344802
6980000,-0.004654567,0.00880309,-9.802741,0.0008600906,0.00013128512,0.00025371672
6984000,-0.0008275128,0.005290695,-9.8043785,8.742048e-05,0.0005102673,-0.00080627867
6988000,-0.0079134805,0.0014892564,-9.806126,-0.00051600375,-0.0003465198,0.00015164407
6992000,-0.0025655702,0.003531396,-9.8025,-0.0014735142,-0.0009448386,0.0009484279
6996000,-0.0018398253,0.0035091313,-9.800718,-0.0008568736,-0.0009232305,0.00013002688
7000000,-0.0022596456,-0.002161414,-9.799929,-0.00061442744,-9.222687e-05,-0.00020127556
7004000,0.0011975168,-0.0064203218,-9.801981,-0.0007880097,0.00051511556,-0.00081356626
7008000,-0.00044272898,0.0074913623,-9.80934,-0.0010971138,0.00018253228,-0.00093451247
7012000,-0.002341206,0.012190583,-9.809708,-0.00086170714,0.0006038795,-0.00060897163
7016000,0.0022030862,-0.001609185,-9.801512,-0.0003438705,5.6640485e-05,-0.00046054003
7020000,0.00465958,-0.0029950875,-9.796791,9.128426e-05,-0.0005020202,0.00067099027
7024000,-0.0018424306,0.00019895897,-9.798457,-8.130783e-06,-0.00028537374,-0.00022149463
7028000,-0.0038283714,-0.0012204661,-9.8003845,-0.00054060976,-0.00026610112,-0.00083998486
7032000,-0.0010896247,0.001287058,-9.801138,-0.0005135811,-4.0462135e-05,0.00030319372
7036000,-0.0004487087,0.0038595696,-9.796974,0.00052743556,0.0005326403,0.00022025315
7040000,0.0011613054,-0.005231862,-9.7988405,0.0008872509,0.00024701003,-0.0006695068
7044000,0.0029120867,-0.009035873,-9.802622,-0.00040946834,-0.00059136713,-0.0005076276
7048000,0.0008454812,-0.004815014,-9.806402,-0.0005883033,-0.00026860498,0.00034943258
7052000,-0.0031259444,-0.0064733755,-9.810795,-3.3018045e-05,2.7740522e-05,0.00065980665
7056000,-0.0034941097,-0.0059618377,-9.806095,0.0004567064,-0.00046153832,0.0007972123
7060000,-0.0026004526,-0.004117583,-9.796349,-0.00072910637,-0.0011079985,-1.6311626e-06
7064000,-0.0062231356,0.00058506906,-9.7948,-0.0010922643,-0.0005635242,-0.00043809693
7068000,0.0021906723,0.007319645,-9.796028,-2.3047278e-05,0.0010190702,-0.0006224495
7072000,0.0042369985,0.003881189,-9.795189,-0.00015623197,0.0009418851,0.0005593899
7076000,-0.0006024224,-0.0010025188,-9.795958,-0.0002809566,-0.00033764608,0.0009804834
7080000,0.0060616597,0.0005056787,-9.802252,0.00010758921,-0.00077634945,-0.00025267169
7084000,0.0078844875,0.00069601834,-9.802673,0.0014519942,-0.00024669615,-0.00035082462
7088000,0.0063448492,-0.0035291163,-9.797251,0.0021180864,0.00012202017,-0.00019450938
7092000,0.004579765,-0.0063188598,-9.797859,0.00073553383,-0.0005204711,-0.00023486496
7096000,0.0042019477,0.0037179345,-9.796065,-0.00038227174,-0.0007523669,-0.00019857877
7100000,-0.0012197013,0.012319017,-9.798255,0.0005396516,0.0005072931,-0.00045535364
7104000,-0.003682257,0.0041328985,-9.803984,0.00063310383,0.0011864767,-8.9987174e-05
7108000,-0.00024359906,0.0058576507,-9.803458,-0.0004621441,0.0003783548,-0.00041417
7112000,-0.0025350205,0.004287288,-9.798563,-0.0008393122,0.00027573176,-0.0005390311
7116000,0.0033792027,-0.001956329,-9.805368,-0.00057529577,-8.7701475e-05,0.0005813624
7120000,0.0061438796,0.0070069213,-9.806099,0.00043930323,-0.00063878205,0.00031986798
7124000,0.0028327,0.0053014657,-9.798586,0.00093378033,-0.0006758968,0.00024041372
7128000,-0.0048306836,0.0006680386,-9.803285,0.00044694843,-0.00080379273,-0.0002550878
7132000,-0.00788527,-0.0025677104,-9.801727,-0.00028201914,-0.00044780594,-0.00039443723
7136000,0.00023846554,-0.0017255552,-9.795165,-0.000955356,-0.0002534812,0.00058465614
7140000,0.0002930658,0.002572645,-9.800771,-0.00063255866,-0.00027450654,-0.00041253262
7144000,-0.001818593,-0.0025269743,-9.805582,0.00039333824,-0.00088524795,-0.0003353321
7148000,-0.0022181422,-0.0024439627,-9.804445,0.0011177951,-0.00062207156,0.0010821933
7152000,0.0016078508,0.0040416364,-9.8033285,0.00082147156,-0.0002366484,0.0003424984
7156000,0.002842511,0.011634429,-9.806046,-0.00041567162,-0.0006005947,0.00026995136
7160000,-0.0009556411,0.006038387,-9.805761,-0.00092309224,-0.00050611945,0.00046616993
7164000,0.0064752433,0.00016907572,-9.799194,0.00017518042,0.00017175505,-0.00026177833
7168000,0.0066337213,0.005560314,-9.801327,0.00022049638,-0.00025152924,-0.0004931481
7172000,-0.0024529062,0.005108163,-9.806286,-0.0005223429,-0.00018177745,-0.00080047804
7176000,-0.0041988194,0.0034830703,-9.80713,-8.11081e-05,0.0009260429,-0.0014096947
7180000,-0.010258269,0.00642696,-9.8058195,0.00019172781,3.2426055e-05,-0.0006632612
7184000,-0.008759453,0.0038624108,-9.796467,0.000567766,-0.00045486205,0.00032539308
7188000,0.0010295773,-0.0030233143,-9.79063,0.00020488037,0.00039600985,0.00014947838
7192000,0.0040047807,-0.00096356426,-9.800243,-0.00022368149,-0.00019413515,-0.00012465019
7196000,0.0028747572,-0.001550305,-9.802323,-0.00017341702,6.684567e-05,-0.00020457343
7200000,0.0046277363,-0.0017083187,-9.80088,0.00025459882,0.00073402654,0.000648918
7204000,-0.0008798508,-0.0016602484,-9.797126,0.0013996343,0.00022466292,0.0007194325
7208000,-0.0059157973,-0.002501609,-9.793085,0.0011010946,0.000101215395,6.329245e-05
7212000,-0.0009390624,-0.004940209,-9.794087,-5.1777843e-05,0.00063816056,0.0005071748
7216000,-0.0040081213,-0.0033981148,-9.792675,0.00019888995,-0.0006455045,0.00042269987
7220000,-0.005114902,0.0010071269,-9.801504,0.00015619489,-0.0020594515,0.00081595336
7224000,-0.001963107,-0.0029011946,-9.804468,-6.000711e-05,-0.00088036037,0.00096360885
7228000,-0.0022324051,-0.0033029981,-9.799893,0.00057050784,-0.0005491949,-5.7007128e-05
7232000,0.0048044007,-0.0028091655,-9.797076,0.0005810964,-0.00016969192,-0.0013895354
7236000,0.009892999,-0.000440154,-9.793104,0.00041201813,-2.063804e-05,-0.00069073134
7240000,0.005064514,0.005795325,-9.798381,0.00027967547,-0.00017392021,0.0010182913
7244000,0.00038881652,0.012326798,-9.803765,0.00060012523,0.0002498982,0.0009220811
7248000,-0.0013120936,0.0028942563,-9.803331,0.0010385965,-0.0004789843,0.00054912566
7252000,-0.0051449486,-0.007312175,-9.799642,0.00062167045,-0.0007578916,1.8650155e-06
7256000,-0.004209606,0.004476511,-9.79443,0.0008779131,-0.0003399895,0.00026487766
7260000,0.0024502645,0.0077924323,-9.79501,0.000104847575,-6.138897e-05,0.0008780713
7264000,0.0007911774,0.0016879326,-9.798339,-0.00047051907,-0.0004741475,0.00046647002
7268000,-0.0004022022,-0.0017242496,-9.795173,-0.00021973476,-3.9310522e-05,4.4316206e-05
7272000,-0.0067690685,-0.0036534125,-9.799453,-0.0005706894,0.00020472212,-0.00053060777
7276000,-0.0044186246,-0.0016994231,-9.8076515,0.00017862034,-0.0008104844,-0.0008995855
7280000,0.006354348,-0.0034462512,-9.802587,0.00053306355,0.00018378411,-0.0004684965
7284000,0.0019140592,-0.002671934,-9.791147,0.00044694415,0.0006571854,-0.0009278263
7288000,-0.0006853249,-0.003931591,-9.796295,0.00072578195,0.0007662587,-0.00045884144
7292000,-0.0002229608,-0.0032616141,-9.802191,0.00036877865,0.00040908656,0.0008460544
7296000,-0.0038967556,0.0050795795,-9.801638,2.082621e-05,-0.00062812516,0.00074707234
7300000,-0.0017049605,0.0057323053,-9.801366,0.00052978145,-0.0001233934,0.00040796824
7304000,-0.004150741,-0.0031321894,-9.792059,9.610564e-05,0.00045563767,-0.0004231069
7308000,-0.013069576,-0.007331365,-9.793858,-0.00044611847,-1.1530693e-05,0.00041008036
7312000,-0.007406826,-0.0038060995,-9.800042,-0.000245073,-0.0003450423,-0.0003133256
7316000,-0.0037303288,-0.0012479521,-9.801842,-0.00021587797,0.0003470883,-0.0006060213
7320000,-0.003301267,-0.00093358674,-9.795605,4.271593e-05,-0.00014102164,0.00031981818
7324000,-0.0021446198,0.0033000614,-9.794727,0.0009126246,-0.0007821655,-0.0005077539
7328000,-0.006190123,0.004528836,-9.80089,0.0007887398,0.00020248536,-0.0004441111
7332000,-0.0033740257,-0.0012064241,-9.800728,-0.0005994788,0.0007937727,-0.0006531366
7336000,-0.0025882474,-0.0005658697,-9.799528,-0.0013855057,0.0003331218,-0.00030455992
7340000,-0.00035059173,0.0082377,-9.802864,-0.00075333245,0.00036046808,-0.00010322854
7344000,-0.00025806302,0.008599766,-9.798722,0.00015575693,0.0006450847,-0.00050725095
7348000,-0.00530905,0.002506459,-9.802038,-0.00087839307,-5.7462843e-05,-0.001267501
7352000,0.00022424225,-0.0017866935,-9.809139,-0.00086197315,2.114459e-05,-0.0014817647
7356000,0.0004356911,-0.011222393,-9.809513,-0.00019958202,0.00039937836,-0.0009937531
7360000,0.0036946293,-0.0043472713,-9.812574,0.0002058213,-5.34292e-05,-0.0004777151
7364000,0.0066883345,0.00032353518,-9.804213,0.0009492164,-0.00010425296,-0.0003347586
7368000,0.00043941388,0.0003842634,-9.801775,0.0006303903,-0.00013265376,0.00022251377
7372000,0.006855743,-0.00049524225,-9.805737,-6.4486136e-05,-0.0006021662,-4.722681e-05
7376000,0.005128623,0.00047961646,-9.800926,-6.048881e-05,-0.00047776639,-0.0009477069
7380000,-0.0007558363,0.012484337,-9.799831,0.00028096515,-5.2057923e-05,-1.2155288e-05
7384000,-0.0016726514,0.009425099,-9.798464,0.00087919587,-0.0012154172,0.0004896211
7388000,0.0010110314,0.007967086,-9.794323,0.00056250964,-0.00024971814,0.00032237498
7392000,0.0036838213,0.010209979,-9.800156,-0.00010078694,0.00076940254,0.00016597881
7396000,-0.002077879,0.007383362,-9.797844,0.00041544516,0.00032744763,-0.0011396293
7400000,0.004024017,0.005718158,-9.796096,0.0009968352,0.00040116577,-0.0012560383
7404000,0.012602918,0.0012369086,-9.799516,0.0012203776,-7.2102184e-06,9.418309e-05
7408000,0.0057184002,0.0014652887,-9.797153,0.00042271192,0.0001491293,0.0002796558
7412000,-0.0023277493,0.0045080036,-9.801027,2.071475e-05,-0.00026494707,-0.0009086397
7416000,-0.0030170623,-0.0013063983,-9.8033085,0.00040889878,-0.00041574342,-0.00083875045
7420000,0.0015631316,-0.00035318665,-9.802904,5.1812316e-05,0.00010647741,0.0005395427
7424000,0.0061366493,0.004362601,-9.803294,-2.2626808e-05,0.0004311598,0.00050216046
7428000,0.004894385,0.0039581275,-9.801161,0.00010085627,0.00021694378,0.00039225575
7432000,-0.0023029982,-0.0028588353,-9.797004,0.0002569621,0.0001523769,0.00019509776
7436000,-0.0032701672,-0.0061219563,-9.80105,0.00020973716,0.00057904166,-0.0004998088
7440000,0.0038042897,0.00023424599,-9.808229,-0.00025613373,0.00031585587,3.838882e-05
7444000,0.0010577401,0.003318379,-9.809593,0.00052991044,-0.00015772013,0.0015835614
7448000,0.0046610082,-0.0012842893,-9.811079,0.0011001871,3.368801e-05,0.001271953
7452000,0.0014425297,-0.0040982114,-9.810705,0.0008373866,-4.8572852e-05,0.00044490673
7456000,-0.0049205935,0.004131259,-9.81052,-0.00043250862,0.00021425048,0.0011108784
7460000,-0.0018722599,0.000736196,-9.807617,-0.00084011833,-0.00054712355,0.0015250222
7464000,-0.0034259337,-0.005976513,-9.804148,-0.0006109066,-0.000987015,0.001151748
7468000,-0.0012470436,-0.002176925,-9.801405,-0.0004501921,-0.00075217476,0.00048670158
7472000,0.0006068434,0.002137875,-9.797758,-0.00061255926,-0.00095665327,0.00046630716
7476000,-0.00173461,0.0007319397,-9.79408,-0.00097078143,-0.00029973127,-0.00039147236
7480000,-0.0018147331,-7.52354e-05,-9.7907095,-0.00044981047,0.00015025958,-0.0008688707
7484000,-3.4434604e-05,-0.0025810269,-9.799843,9.204829e-05,0.00019210236,-0.00049523654
7488000,-0.001822035,-0.0047039874,-9.808809,0.0008050568,-0.00020814255,-0.0004368581
7492000,0.00062873506,-0.00270735,-9.805428,0.0011911916,0.00012445127,-0.0005060193
7496000,0.0016969588,-0.0020110623,-9.801498,0.0013920075,0.001042476,-0.00014488726
7500000,-0.00889148,0.0028184454,-9.79627,0.0009294954,0.0003855852,-3.0351244e-05
7504000,-0.0053686127,0.00059860514,-9.794172,0.0005328705,-0.0010392698,0.0002887691
7508000,0.0038243064,0.00016858587,-9.800896,0.00048058655,-0.0006290944,0.0011835613
7512000,0.007274191,-4.998528e-05,-9.803559,4.9795006e-05,-0.00056762795,0.0011023377
7516000,0.011481866,-0.01051438,-9.80422,-8.124049e-05,-0.0014987482,0.0010970075
7520000,0.007227219,-0.006786598,-9.802324,0.0006517738,-0.0021132224,0.0010886465
7524000,0.0014882284,-0.0023309165,-9.802745,-6.633842e-05,-0.0014321009,0.0005192063
7528000,-0.0032006833,0.0006976053,-9.801464,-0.001295965,-0.00035851734,-0.0004657626
7532000,-0.003369633,0.0030231932,-9.797276,-0.0010171268,0.00036933683,-0.00065217074
7536000,-0.0032665762,-0.0029460625,-9.8053055,-0.0003327364,0.0007825134,-0.0005619038
7540000,-0.0047508436,0.0034974122,-9.802557,0.0012961717,-0.00065000204,-0.00097656087
7544000,-0.008211696,0.005062512,-9.791695,0.0013415997,-9.209582e-05,-8.319886e-05
7548000,-0.0061949017,0.001316702,-9.797425,-0.00023242384,0.0008132266,0.0009661861
7552000,0.0029520362,-0.0007975425,-9.807804,-0.00072167884,-4.4897955e-05,0.00032224733
7556000,0.0006309417,-0.009553286,-9.805212,-0.0004568046,-0.00020718138,0.0004800284
7560000,-0.004627695,-0.0062449644,-9.8018055,-0.00011339839,0.00066954695,-0.00013682102
7564000,-0.003967237,0.001150145,-9.798243,0.0011514841,0.00023436196,-0.0007644327
7568000,-0.0031167013,0.0020406418,-9.792423,0.002032607,-0.0006229396,-0.00038774317
7572000,-0.0004349927,0.0064352355,-9.792471,0.00023896314,0.00025511478,-0.0008318976
7576000,-0.0014817112,0.002652243,-9.79566,-0.0006676849,8.729338e-05,-0.00061023474
7580000,-0.005529751,-0.0037359372,-9.800859,5.68177e-05,-0.00042334432,-0.00073415716
7584000,-0.0029292277,-0.0025015252,-9.805973,0.00052282476,0.00086161436,-0.0004003587
7588000,-0.003980043,-1.3959993e-05,-9.807278,0.00013457233,0.00031642322,0.00063930784
7592000,-0.00324929,-0.0031952863,-9.809193,-0.0005196198,-0.00085459463,0.0008788753
7596000,0.0021271878,-0.0074781734,-9.807274,-0.00055216753,0.00029716047,0.00094832614
7600000,-4.360133e-05,-0.005915891,-9.804571,-0.000559599,0.001083131,0.00066322106
7604000,-3.5414763e-05,-0.0070229843,-9.805733,-0.0007713722,0.0010006739,0.0005460259
7608000,0.0059454357,-0.0055380994,-9.804428,-0.00037640883,0.0003562412,0.000495861
7612000,0.006384537,0.0051842015,-9.801933,8.242857e-05,4.7873025e-05,8.359605e-05
7616000,0.0045728064,-0.005414972,-9.798382,-8.7088796e-05,-0.00031858374,-4.863943e-05
7620000,0.007636225,-0.013810099,-9.799524,9.892685e-05,0.00020071433,-0.00017645069
7624000,0.0028500129,0.0019050114,-9.799547,0.00021154711,0.0002908267,0.00012620151
7628000,-0.0059374482,7.5241194e-05,-9.797863,0.000328165,-0.00034238418,0.0007467848
7632000,-0.0019590766,-0.0070632347,-9.799315,4.096165e-05,-0.0005995797,0.0006444925
7636000,0.005269179,-0.004385222,-9.801477,5.2049985e-05,-0.00059682556,-0.0001789519
7640000,0.0042613866,0.001927661,-9.809232,0.0005268994,-0.00012809123,-9.617174e-05
7644000,0.0072402703,0.007014784,-9.80908,-4.4680615e-05,-0.00091306807,-0.00070528436
7648000,0.0068456214,0.0035506133,-9.795765,-0.0010280762,-0.0007990374,-0.0010478945
7652000,0.0013569178,0.00095503003,-9.79361,-0.00075507694,0.00049851515,-0.0005674195
7656000,0.00049859815,-0.0019817308,-9.800884,4.3792526e-05,-3.5982573e-06,-0.00060655095
7660000,-0.00031649036,-0.005023254,-9.794487,-0.00017137789,9.905651e-05,0.00011151847
7664000,0.0015542618,-0.006763958,-9.798021,0.0001234811,0.00066132454,0.0009949997
7668000,0.0015879194,-0.00526447,-9.803006,0.0005899264,0.0003175013,0.0010601166
7672000,-0.004883186,-0.004013038,-9.806255,0.00014243828,0.0002540809,0.00050806394
7676000,0.0031578965,0.0023616098,-9.815066,-0.00035539546,0.0001459059,0.00034910356
7680000,0.004801036,0.011038022,-9.805962,-0.00042295957,9.653062e-05,0.0009879606
7684000,0.0002345827,0.011276321,-9.799448,-5.715413e-05,-0.0007485176,0.0015173369
7688000,0.005634034,0.008168562,-9.795193,-0.00016119315,-0.00076655933,-7.839808e-05
7692000,0.003736789,0.0059982394,-9.79528,-0.0011074026,-0.0005319925,-0.0005694375
7696000,0.0012315115,0.0029577902,-9.801907,-0.0010342577,-0.00078270177,0.0003616191
7700000,0.00010508622,0.003989374,-9.80551,-1.7582694e-05,-0.00030867552,-0.00013368607
7704000,0.0013487822,0.0031675422,-9.809191,0.00020259143,-0.00010918242,-0.0007495752
7708000,0.0050089285,-0.0014238118,-9.80234,0.0005959653,-0.00023393547,-0.0009724364
7712000,0.007418421,0.0017077496,-9.800287,0.00085277186,0.00036075595,-0.00083119964
7716000,0.0073983404,0.0056472197,-9.800981,3.1612926e-05,0.00042362124,-0.0010005921
7720000,0.0021036756,0.0008350219,-9.798975,0.0003168036,-0.0003674954,-0.00089366717
7724000,-0.0011756718,-0.0031729129,-9.798431,0.0010318991,-0.0008147917,-0.0002533167
7728000,0.004808228,0.0011669288,-9.7963505,0.00088663265,-0.0005098438,-0.0002756833
7732000,0.0035287975,0.006765553,-9.796387,0.00024818102,0.000641067,7.361462e-05
7736000,-0.003020558,0.0027455976,-9.797897,-0.00043775246,0.00035178944,8.2114646e-05
7740000,-0.0048069805,-0.002556762,-9.803066,0.0003268514,-0.00075490976,-0.0005238795
7744000,-0.009301176,0.0031202058,-9.799431,0.00035843402,-0.00050733663,0.00015770418
7748000,-0.009733001,0.002093048,-9.793267,-0.00031591064,0.0006321626,0.000833704
7752000,-0.0040830434,-0.009685398,-9.794559,-0.000341013,0.001157988,0.00029311745
7756000,-0.004050364,-0.010620479,-9.793952,-0.0002493136,0.0006897404,-0.00021692977
7760000,0.0003671316,0.0047844173,-9.791232,-0.000654661,0.00023185725,-8.235294e-05
7764000,0.003441527,0.004073333,-9.797489,-0.00060490443,-0.00049641496,0.0010500991
7768000,-0.0031359599,-0.0044117714,-9.801882,-0.00033055435,-0.000515704,0.0012809485
7772000,-0.002038583,-0.0010189867,-9.798269,-0.00056683173,0.00026027721,-0.00020389607
7776000,0.003343076,-0.005020748,-9.799075,-0.00021869584,-0.0010483586,-0.00037152172
7780000,0.004916314,-0.013765325,-9.800167,0.00028269042,-0.001861462,-0.0007464457
7784000,0.004175337,-0.0024765763,-9.802752,0.0003758278,-0.0011158132,-0.0007535847
7788000,0.000853113,0.008281708,-9.799599,0.000506803,-0.0005544684,-0.0007665763
7792000,-0.0010052657,0.0036917694,-9.796298,-0.0003442765,9.9513454e-05,-0.0002770105
7796000,0.0008610731,0.000856121,-9.802408,-0.00011773749,0.00032130102,0.00012069306
7800000,0.0012576925,-0.0005156234,-9.80533,0.00019678967,0.0005180056,-0.00084210356
7804000,0.001036098,-0.00019357947,-9.807648,0.00029099404,0.0012764871,-0.00029499785
7808000,0.0056668487,-0.0018504917,-9.809105,0.0008955152,0.000899419,0.00013755953
7812000,0.006749619,0.00010823234,-9.809204,-0.00014235392,0.00047195397,0.00019055411
7816000,0.0023391768,0.005075581,-9.809048,-0.00025387897,0.0008278676,0.0007391293
7820000,0.0017250625,0.001336571,-9.807189,0.0011325208,0.00029342785,0.00029561543
7824000,-0.0039902255,0.0016575598,-9.805531,0.0009375323,0.00026833144,-0.0003823316
7828000,-0.0054421173,0.0065068263,-9.795465,-0.00070146634,0.00041284846,-0.00036349831
7832000,0.0037452604,-0.0034035384,-9.7913265,0.0006693023,-0.00025115942,-8.2734325e-05
7836000,-0.0009114278,-0.009969436,-9.806532,0.0017193477,-0.000610072,0.00043623048
7840000,-0.0033196635,-0.0043098303,-9.810241,-8.257838e-06,-0.00023355894,4.0942497e-05
7844000,-0.0021512313,1.2319952e-05,-9.802206,-0.000770231,-0.0005249318,0.00016418965
7848000,-0.004900782,-0.0031098423,-9.802115,-0.0005238539,-0.0004253117,0.0006134679
7852000,0.00011992306,-0.0056144632,-9.799828,1.745389e-05,0.00029638092,7.0447175e-05
7856000,0.0021735472,-0.002882965,-9.794583,6.7669816e-06,-3.3986515e-05,-0.0006853354
7860000,0.00034378233,0.00080858805,-9.794876,0.00034501852,0.00019986824,-0.00028502778
7864000,-0.0024406314,-0.0024474286,-9.800719,0.000845978,0.0005765198,0.00031492393
7868000,0.0002160565,-0.0056225993,-9.8043995,0.00059579156,-0.00036883753,0.0007638393
7872000,-0.00042529573,0.00019992697,-9.800943,0.0005853011,5.1759205e-05,0.0006288754
7876000,-0.00629587,-0.0015848464,-9.794432,0.00073364814,0.00097592303,-0.00023449876
7880000,-0.009377467,-0.003993351,-9.796757,0.00027425334,0.00089544913,-0.00051723886
7884000,-0.0029135619,-0.0009629123,-9.801368,-0.00019520012,0.00028616158,8.858284e-05
7888000,0.00033855514,-3.2164397e-05,-9.801497,-0.0002587766,-0.00094954495,0.0008526642
7892000,-0.0063248333,-0.004007258,-9.799976,-0.0009012223,-0.0009508785,0.0013605135
7896000,-0.00038413983,0.00076420646,-9.797884,-0.0005114212,0.00030397333,0.00090516306
7900000,-0.0020708628,0.0052126185,-9.801173,-2.4010531e-05,0.00022879397,-0.0003010943
7904000,-0.007374464,0.002026932,-9.800896,-0.0007258928,0.00010816738,-0.0007768043
7908000,-0.00045213423,0.0007485782,-9.801631,-0.00047778274,-0.00022119947,-0.00015390669
7912000,0.0042622522,0.0025804213,-9.805395,0.000493187,-0.00094264,0.00082025235
7916000,0.0050269,0.0030846917,-9.8021145,0.0009116302,-0.0010374706,0.00038672233
7920000,0.0025910637,0.00014970009,-9.793346,0.00044378848,-0.00079848146,-0.00035302073
7924000,0.0005971164,0.0011759495,-9.796391,-7.178053e-05,0.0002753627,-0.00077943073
7928000,0.0016839966,0.005156647,-9.803318,-0.0003821343,0.00037421874,0.0004706149
7932000,-0.002668518,0.0044760383,-9.799861,-0.00020210243,-7.924229e-05,0.001145657
7936000,-0.002086828,0.0038634252,-9.79599,0.00015704126,0.00019020725,0.0008568892
7940000,0.005450787,0.007880478,-9.799719,0.00044444308,-0.00032747912,0.0006139053
7944000,-0.0024550022,0.007289261,-9.798634,0.00079963374,-0.00056917715,-0.000377718
7948000,-0.0076187868,0.0012662597,-9.796993,0.0003990235,0.00024669713,0.00066935027
7952000,0.00019065433,-0.006791828,-9.806437,-0.00027370657,0.00021653743,0.0010452884
7956000,0.0036447889,-0.0076498953,-9.804232,-0.00068874075,-0.00056016434,0.00018201058
7960000,-0.00067603565,-0.0005430035,-9.797962,-0.00093399535,0.0003236099,-0.0005852504
7964000,-0.0036571608,3.2610136e-05,-9.797457,0.0003356818,0.0005407987,-0.0011874833
7968000,-0.0022693623,-0.005162088,-9.797974,0.00086656684,-0.00026055548,0.00052235887
7972000,-0.0021110885,-0.0057809255,-9.8027935,-0.0004645084,0.00014401884,0.0012238184
7976000,-0.0025105495,-0.0061636185,-9.80184,-4.6501e-05,-0.0005416429,-0.00035400002
7980000,8.1992606e-05,-0.0023404423,-9.807776,0.00025406363,-0.00054997974,-0.00060749246
7984000,0.0034959423,0.0002665693,-9.809384,-0.0001950876,-2.8258837e-05,0.00042312124
7988000,0.007221817,-0.0025701486,-9.796248,-9.2026436e-05,0.00025544656,0.0003587003
7992000,0.012862075,0.0029199834,-9.796766,4.5761655e-05,0.00056603027,-1.426129e-05
7996000,0.010222798,0.005032028,-9.802386,-0.00036504987,-0.00050584716,-2.7418973e-05
8000000,0.0044902405,0.008928738,-9.804323,-0.00020791609,-0.00073096075,0.00019045275
8004000,0.0033393786,0.002862229,-9.7997,0.0006291978,0.00017506126,0.00048054624
8008000,-0.0016098832,-0.013587744,-9.795299,0.00021508013,-0.0003058607,0.0010405808
8012000,-0.0029525456,-0.0023155669,-9.800943,-0.00022948068,-0.00075385725,-6.120762e-05
8016000,0.005259695,0.003526434,-9.807279,3.8374725e-07,-0.00079026463,-0.0006814842
8020000,-0.0014688272,-0.0029224262,-9.805535,-0.0004032504,-0.00017487501,0.00069870806
8024000,-0.009449896,0.0046536713,-9.807543,-0.00019884815,0.0013864076,0.0011014465
8028000,0.0035768698,0.00917799,-9.804831,0.0012915514,0.001144785,0.0002073247
8032000,0.0054728016,0.003669868,-9.79444,0.00071197347,-3.7616457e-05,-0.00031051607
8036000,0.0019648336,-0.003865307,-9.793318,-0.00049948116,-3.8972204e-05,8.603747e-06
8040000,0.0065005408,-0.0020415224,-9.794584,-0.0004412923,0.0009099664,-0.00021313384
8044000,0.0074697384,0.00480645,-9.794614,-0.0006555153,0.0007364434,0.00010198995
8048000,0.0019175434,0.0055795237,-9.801243,-0.0008015107,-0.00025364535,-0.00014376352
8052000,-9.740157e-05,0.01037268,-9.8048,-0.00052911125,-0.0003496212,-0.00044534166
8056000,0.0025231931,0.010003349,-9.796384,-0.00028706653,0.0005782823,-0.000393813
8060000,-0.0015875067,0.0009901217,-9.796551,0.0005025367,0.00057234167,-0.00095574453
8064000,0.0014736766,-0.0022076447,-9.800243,0.0008358977,0.0007271052,-0.0010943161
8068000,-6.684987e-05,-0.0025961655,-9.794851,0.00037117602,-0.0005495613,-0.00020716744
8072000,-0.0054000383,-0.002130794,-9.792887,0.0001956773,-0.0015943779,0.0009336536
8076000,-0.0005209403,-0.006107242,-9.798782,-9.000363e-05,-0.00026284403,0.0004536866
8080000,-0.0008776721,-0.002429275,-9.799822,-0.0005270144,-0.00024619463,5.3443182e-05
8084000,-0.009549138,0.0019811578,-9.794819,-0.000413378,9.489528e-05,0.0008688804
8088000,-0.0052592997,-0.0009271037,-9.797822,-0.0002898957,0.00029623034,6.235419e-05
8092000,-0.0007216509,-0.007077519,-9.80068,0.00043006052,0.00020695801,-0.0008065339
8096000,-0.0031409995,-0.008186635,-9.802315,0.0008176644,0.00019241787,-0.0006062284
8100000,0.0041561676,0.0014976683,-9.803364,0.0003766272,-0.00011422577,-0.00028474137
8104000,0.0047506266,0.0008877727,-9.803708,0.00061245257,3.0961804e-05,4.4752836e-05
8108000,-0.0023363042,0.0034074767,-9.808523,-5.9405607e-05,-0.00027351725,-0.00010022461
8112000,-0.0050800834,0.0020236843,-9.804522,-0.00039172458,-0.00068641175,0.00016755398
8116000,-0.0006407236,-0.005068783,-9.799072,-2.0393561e-05,-0.00034234775,0.0007599283
8120000,0.002436994,0.0006515778,-9.792015,0.00025573064,-0.0004897329,-0.00032585644
8124000,-0.0034520584,0.0014198326,-9.787947,-0.0002579791,-0.00041966778,-0.0005755956
8128000,-0.0062129805,-0.0045042313,-9.802398,-0.0009432292,0.00019158746,7.706197e-05
8132000,-0.0006901622,-0.0074895103,-9.807276,-0.0009946824,0.0010347073,-0.0002956063
8136000,0.00031261932,-0.0014504209,-9.800934,-0.0005245601,0.0008298666,-0.0011575752
8140000,-0.0019004017,0.0062819966,-9.799954,0.00015936838,-0.00018882487,-0.0016665759
8144000,0.002117103,0.0042741545,-9.798084,0.00021405234,0.0003162426,-0.0006494274
8148000,0.0005250792,0.004629545,-9.79365,0.00039448298,0.0007794028,0.00030645428
8152000,-0.007497883,0.0042370027,-9.7882395,0.00016088266,-0.0005805407,-0.00011627905
8156000,-0.0035383753,0.0012166627,-9.794029,-0.00049645104,-0.00071105425,-0.00020026043
8160000,-0.0004176838,0.00068244885,-9.801193,-6.285595e-05,0.00017695162,3.799285e-05
8164000,-0.00078772096,0.0036916363,-9.799652,-0.00041122414,-0.00021700474,-0.0005366756
8168000,-0.0021313585,0.0022085125,-9.799715,-0.0009980793,-0.00031142132,-0.0008052269
8172000,-0.0039995466,0.0001449636,-9.804293,-0.00024199409,0.0005025574,0.00015616539
8176000,-0.0037986902,-7.0484064e-05,-9.8088255,0.00054219394,0.001241859,-7.688238e-06
8180000,-0.0075946283,0.0009066321,-9.806344,-0.0006804947,0.0015957742,-0.0011712966
8184000,-0.0071117776,0.0025452997,-9.797756,-0.0011597029,0.0019680327,-0.00022832333
8188000,0.002646222,-0.0029286963,-9.798582,-0.0006392114,0.0009938724,0.0012487925
8192000,0.008471295,-0.004164574,-9.802311,-0.00081479445,-0.0006341824,0.0008737939
8196000,0.0030548074,-0.0046898513,-9.790396,-0.0002967886,-0.00015136326,7.282335e-05
8200000,-0.003712587,-0.0039918013,-9.790098,0.00045866086,0.00044323702,6.8990856e-05
8204000,-0.0041757585,-0.0020131154,-9.7973385,0.00046788587,0.0005173228,-0.0003000904
8208000,-0.00016961322,0.003745503,-9.796855,-0.00043601348,0.0012223768,-0.0005458857
8212000,0.0033236872,-0.0003386892,-9.805651,-0.00050220225,0.0015657011,-4.337755e-05
8216000,0.0028809085,-0.008434768,-9.807415,-0.00014784328,0.00076319976,0.00012155128
8220000,0.008595649,-0.007133467,-9.801983,-0.00029637362,0.00014912382,0.00012293272
8224000,0.0119483005,-0.0062319776,-9.800401,0.00039380294,8.232517e-05,0.0005703005
8228000,0.0010171754,-0.0040333667,-9.803732,0.00015633253,-0.0006620679,0.00012794156
8232000,-0.0052131303,-0.005259195,-9.8059025,-0.00058785843,-0.0004910938,0.0006355887
8236000,-0.0046912334,0.0016980433,-9.803423,-0.0012280142,0.000941748,0.0016883904
8240000,0.0054444657,0.0068146675,-9.801348,-0.0014182227,0.0008606301,0.0007444028
8244000,0.007949106,-0.0026509287,-9.806675,-0.00018750897,0.0008024415,-0.00043449432
8248000,0.0009954027,-0.0065435246,-9.8074255,-0.00061490445,0.00088841986,-8.6973225e-05
8252000,0.0030024291,-0.0046114307,-9.807289,-0.00034600336,0.00040208176,0.00061470363
8256000,0.004675569,-0.0050141015,-9.809106,-0.00014627929,0.0006420854,0.0005766767
8260000,0.005969676,-0.0041541806,-9.805689,-0.00028508925,0.00044919873,-0.00010168348
8264000,0.0017902259,-0.0011282286,-9.805016,-0.00011376824,-1.0251581e-05,-0.00029292275
8268000,-0.0010291841,-0.00050312694,-9.803028,0.00057011546,-0.00047632525,-0.00024153525
8272000,0.0010891496,-6.54513e-05,-9.802912,0.0009986721,-1.3222654e-05,-0.00040479205
8276000,0.0077867825,0.00091374683,-9.803753,-4.520722e-05,0.0004117518,-0.0003588453
8280000,0.00803377,0.0035018951,-9.807672,-0.0007358397,0.00035539447,0.00021254654
8284000,0.0015979192,-0.0023880096,-9.802994,-0.00029640616,6.256179e-05,-0.00060232054
8288000,0.0016913512,-0.0027835704,-9.798847,7.471901e-05,-0.0013661904,-0.0013165027
8292000,0.0014990177,0.0013776909,-9.797207,0.00015593317,-0.0013157433,0.0006039846
8296000,0.0019883597,-0.0022643723,-9.795346,-1.0552536e-05,-0.00027798643,0.00054608413
8300000,0.0026917595,-0.0049814126,-9.805519,0.00012644575,0.0004473037,-0.00025331654
8304000,0.0062963516,-0.006319398,-9.806855,0.0006543612,0.00012715542,-0.00012728441
8308000,0.0057813497,0.003874289,-9.803404,-0.00010146307,-0.00041919382,-0.00023897075
8312000,-0.0008365377,0.0065818094,-9.801542,-0.0007660433,-1.1087656e-05,0.00012728499
8316000,-0.0025949345,-0.00043368348,-9.796155,-0.00016977027,-0.00018121825,0.00030934322
8320000,0.002140679,-0.0016668764,-9.792608,0.00045166918,-0.00043739588,0.00036221335
8324000,0.0018162536,-0.0002543687,-9.793865,-0.00027500556,-0.00046944135,0.00018375086
8328000,-0.004921004,-0.0019130568,-9.7985325,-0.00012240832,2.0304024e-06,0.0003277591
8332000,-0.0012585004,-0.0010017575,-9.796188,0.0005215758,0.00028979054,0.00032261823
8336000,-0.0022873452,0.0041417615,-9.793279,0.00022030505,0.00011482398,0.000178109
8340000,-0.006878356,0.002231944,-9.7940235,-0.00031303603,-0.00097216375,0.0014577113
8344000,-0.0029024382,-0.0029318428,-9.794756,-6.9192974e-05,-0.0010029597,0.00087482575
8348000,0.0021116273,-0.0017119468,-9.794995,7.8827616e-05,0.00016228366,-0.0005805843
8352000,0.0013993179,-0.0026146674,-9.7941475,0.0002323359,3.6701942e-05,8.283771e-05
8356000,-0.0016266971,-0.005089129,-9.795195,0.0008357358,-0.00014041176,0.00095638406
8360000,-0.0020888876,-0.00052715285,-9.794494,-0.00018174348,-0.0003910358,0.0005036781
8364000,0.0004097477,-0.0035777339,-9.789877,-0.0003850443,-0.00030930163,-0.00069509115
8368000,0.0016299554,-0.0050483197,-9.796609,1.9531026e-05,0.0004247523,0.00014889408
8372000,-0.005042299,-0.0039308276,-9.808685,-0.00021305482,0.000391238,0.0010757786
8376000,-0.0023794328,0.0011672409,-9.807198,-0.00011582068,0.00046810962,-0.00011782153
8380000,-0.00048776285,-0.00544581,-9.797485,0.00011139418,0.00022073356,-0.0010235412
8384000,0.0013210822,-0.010563883,-9.79694,0.0004578779,0.0005757351,-0.0006553625
8388000,0.00656801,0.002313383,-9.797233,0.00026680328,0.00079040235,-0.00011712099
8392000,0.00019981386,-0.0011013892,-9.795355,0.00039816654,-0.0006682478,9.897509e-05
8396000,-0.0052284487,-0.005670205,-9.798921,9.372594e-06,-0.00041767675,0.0009934817
8400000,-0.005048779,0.0013856977,-9.796838,-0.0002767511,0.0005919225,0.0009803108
8404000,0.0010195696,0.0025252092,-9.800041,0.0010192776,-0.0009567284,0.000580051
8408000,0.0059981276,-0.0043163793,-9.80252,0.0012104261,-0.0014889477,0.00087059516
8412000,0.0011016261,-0.01025098,-9.79331,7.516942e-05,-0.00010321927,0.00038753566
8416000,-0.002352748,-0.0006770482,-9.795235,-0.0011262617,0.00011140811,-0.000747597
8420000,-0.004131706,0.001585908,-9.794748,-0.00013807668,0.00018245888,-0.00068258494
8424000,-0.0066020424,-0.005426171,-9.789988,0.0018494691,-0.0005913449,0.0010203914
8428000,-0.0045929677,-0.0024028125,-9.794167,0.0009332384,8.391976e-05,0.0011085104
8432000,0.0021248367,-0.0016280145,-9.800419,1.2404253e-05,0.0009433693,0.00034000282
8436000,0.0026456218,-0.0021965695,-9.800871,-0.00048074106,-0.00036953317,0.0001962882
8440000,0.00557805,-0.006311927,-9.797106,-0.00039287028,-0.00015438123,-0.00024137509
8444000,0.008060265,-0.006217376,-9.800603,0.0008502693,0.00077260233,-8.504315e-05
8448000,0.007177661,-0.002555518,-9.8008995,-0.00020313587,0.0009212858,-0.00039602543
8452000,0.0066036424,-0.0058607613,-9.803211,-0.0001944538,0.00036999438,-0.00056746096
8456000,0.0022427926,0.0046107117,-9.806829,0.0008735624,-0.0005658718,-0.00027673476
8460000,-0.0003268703,0.007186513,-9.7993355,0.00032215402,-0.0005531324,-0.00087096205
8464000,-0.0015584971,-0.00066480826,-9.7999325,0.00085614796,0.00048066664,-0.00067098526
8468000,0.0042605,0.0021181912,-9.802314,0.00085227663,0.0006838156,-0.0003299493
8472000,0.0078557525,0.0030696017,-9.794405,-1.1022041e-05,0.0004312301,-0.0005187403
8476000,-0.0031241542,0.0075576925,-9.796776,0.0004991813,0.00019143087,-0.00051581033
8480000,-0.0033395942,0.0056904512,-9.7975,0.0005401823,0.00092410354,0.00030333674
8484000,0.0083330665,-0.0014300476,-9.794046,8.3278705e-05,0.0020649082,0.00123708
8488000,0.005100793,-0.003779459,-9.795792,0.00036155022,0.00044356045,0.0009725675
8492000,0.00171698,-0.0022260088,-9.803319,0.00032114834,-0.00080375595,0.00018372203
8496000,-0.006191337,-0.0034340564,-9.797528,0.0002551927,0.00010211574,-0.00046327515
8500000,-0.008246306,-0.002979385,-9.788725,0.00040336122,0.00083936664,-2.353492e-05
8504000,-0.0020560347,0.0011327013,-9.800845,0.00017703469,0.00050566485,0.0011368968
8508000,-0.006011367,0.0053119007,-9.8091755,0.00030149016,0.000402031,0.0012006147
8512000,-0.003608856,-0.00057338487,-9.805887,0.00024430096,-0.00041679948,-0.00033895802
8516000,0.0005465657,-0.005170247,-9.798159,-0.00034715596,-0.00091961544,-0.0012121933
8520000,0.0022731468,-0.0014622475,-9.789248,0.00039693975,0.00020360587,-0.00038116088
8524000,0.006043688,-0.004999431,-9.791445,0.00012227516,0.0006893191,-0.00062954304
8528000,0.002870589,-0.0036219454,-9.798848,-0.00082208024,0.00085643545,3.895467e-05
8532000,-0.002292823,0.0018937404,-9.798273,-0.0001636541,0.00040375596,0.0009562901
8536000,-0.0052285884,0.0023654953,-9.798913,9.4482944e-05,-0.00044929166,0.00035982183
8540000,-0.0039384216,0.002525474,-9.790289,-0.00052593386,-0.00061241986,0.00032810698
8544000,0.004554666,0.00014928616,-9.7907295,-0.00077650463,-0.0002098461,8.4591484e-05
8548000,0.004017587,0.0014127268,-9.791647,-0.00049749116,0.0003556662,-0.0001331992
8552000,-0.0020892608,0.0022710725,-9.794047,-0.00023101225,0.00093562726,-0.00046210055
8556000,-0.0031205013,0.0020636674,-9.80271,-0.0005244183,0.0009710701,-0.0013641941
8560000,0.0021204674,-0.00095830887,-9.803707,-0.00054166926,0.00088839355,-0.0011410075
8564000,0.005956012,-0.0015531144,-9.802786,-0.00022065632,0.00025902686,0.00053170964
8568000,0.0061393203,0.0030481478,-9.791637,0.0001771323,-7.1393024e-06,0.00020045727
8572000,0.0034002573,0.0023599751,-9.790665,0.00029573918,0.00025303705,-0.0003269248
8576000,0.00027930044,0.0032271515,-9.796556,0.00011905128,2.1770153e-05,0.00060792867
8580000,-0.00030051317,0.004175517,-9.8047905,0.00030344524,0.00018035452,0.001157529
8584000,-0.0040817074,-2.1593105e-07,-9.806169,0.00025573093,-8.8167006e-05,0.001062286
8588000,-0.0034605814,-0.00190901,-9.799654,-0.0001417891,-0.00032692062,0.00037618703
8592000,-0.005402279,0.0019609272,-9.797204,-0.00075931154,-2.6219283e-05,0.0007710689
8596000,-0.004344746,-0.00073296984,-9.803056,-0.00047970336,-0.00031529227,0.0009223753
8600000,-0.003708085,0.0058521144,-9.805267,0.00019471602,-0.00067696674,0.0010234443
8604000,-0.0023580967,0.0025165435,-9.803469,-0.00035419298,-0.00054073526,0.00062949274
8608000,0.0016267644,-0.007929073,-9.8017845,-0.00027010357,-0.0011166394,0.00020270799
8612000,0.0028243558,-0.0035839698,-9.80304,-6.491496e-05,-0.0006859531,-0.0001452121
8616000,0.000404266,0.0025709474,-9.797922,-2.2446464e-05,-0.00033297998,-0.00075242034
8620000,-0.0008325821,0.0019135451,-9.788784,-0.00031124425,-0.0005075659,0.0004486768
8624000,0.0025160618,-0.004235795,-9.790974,-0.00049276813,-2.1118936e-05,0.00066896016
8628000,0.00020089294,-0.0049139666,-9.796904,0.00018701816,-0.0008491785,5.4824286e-05
8632000,-0.0030724038,-0.0011380767,-9.802152,-0.00062911044,-0.0001416128,0.0005286882
8636000,-0.0033676114,-0.0020617915,-9.799007,-0.000113398964,0.00058295974,0.00034761036
8640000,0.0012725883,-0.0045620548,-9.797688,0.0011993314,0.00042446004,-0.0004668836
8644000,0.0040500527,0.0040234295,-9.799528,0.0012935804,0.00024738433,-0.00060541026
8648000,0.0012475846,0.00191667,-9.796792,8.5274485e-05,0.0005268367,-0.00027650376
8652000,-0.00011099188,-0.00552092,-9.79707,-0.00020357531,0.0006644197,-0.00043548364
8656000,0.0014968021,-0.0053825076,-9.798466,-2.5957992e-05,0.00037478216,-0.00046910453
8660000,-0.004360348,6.434432e-05,-9.801713,-0.0008181825,-0.00020999188,9.725851e-05
8664000,-0.0008658465,-0.0026832947,-9.797815,-0.0015341149,-0.00081932545,-0.0005590223
8668000,0.0026546207,-0.005574101,-9.799471,-0.0015641658,-0.00075163064,-0.0005027469
8672000,-0.0017295778,0.0013943972,-9.800804,-0.0005930689,-0.0007860416,0.0002828929
8676000,0.00073214294,0.0037473352,-9.798978,-0.00040301654,-0.000101877726,0.00013966186
8680000,-0.002722055,0.003942323,-9.798389,-0.00045243267,0.00042292292,-0.0005234251
8684000,-0.003559799,0.0027288264,-9.794387,-0.00011215049,-0.00011514963,-0.00032635234
8688000,-0.0009996294,-0.00043761203,-9.800495,-0.0002911798,-0.00021056786,0.00018737023
8692000,0.0014887869,-0.0031281319,-9.798411,-0.00023364987,0.00020026603,0.00013785159
8696000,0.0018802151,-0.005433118,-9.7947445,0.00050692627,-0.0008482502,-0.00024375757
8700000,0.0038541716,-0.0027792384,-9.799357,0.0010539333,-0.0011768416,-0.0012388156
8704000,-0.00011798694,-0.0024098393,-9.804639,0.00064485177,-0.0002210445,-0.0008697667
8708000,-0.0013987739,-0.0045857783,-9.801744,-0.00022535495,-0.00013738974,0.0006679431
8712000,0.0020966134,0.0014392035,-9.79944,-0.00072580006,-0.00043605364,0.0010828408
8716000,-0.0034376788,0.0021914174,-9.803692,-0.0010103161,-0.0005668741,0.00071212254
8720000,-0.0024228215,-0.006251724,-9.798867,-0.0006390709,-0.001076816,2.4872532e-05
8724000,-0.0041478463,-0.008753095,-9.79915,-0.00061409513,-0.00067185547,-0.00030565093
8728000,-0.002078838,-0.0057372884,-9.798666,-0.0011782016,0.00030358616,0.000156311
8732000,0.0007076982,-0.0042198156,-9.797317,-0.0010538858,1.564219e-05,-4.8989565e-05
8736000,-0.002161502,-0.00647001,-9.795845,-0.0010113132,-8.71055e-05,-0.00054023234
8740000,-0.005610809,-0.004684212,-9.7942095,-0.00121452,0.00095120014,-0.0004482053
8744000,-0.00540083,0.0009984807,-9.806204,-0.0009453314,0.00024108596,-0.00074340747
8748000,-0.003677445,-0.0041321334,-9.807653,-0.00024652877,-0.0003079529,-0.00045899017
8752000,-0.004147227,-0.0018139211,-9.802324,-0.0005479523,6.514271e-07,-0.00023171773
8756000,-0.0006333154,-0.0018782002,-9.799778,-0.000703719,9.706074e-05,-0.0005367194
8760000,0.0010360826,-0.0072885966,-9.798405,0.00013109526,-0.00031375067,0.00034741993
8764000,-0.00056154747,-0.0005915541,-9.80331,0.0004318197,-0.000457764,0.0002564441
8768000,-0.0010441993,-0.0036591366,-9.806798,0.00018484466,-6.36878e-05,-0.0006461168
8772000,-8.8377456e-05,0.0005782803,-9.802359,-0.00085286994,-0.00026620334,-0.0012419045
8776000,-0.001270236,0.00655768,-9.793503,-0.00016508477,0.0005690126,-0.00086240214
8780000,-0.004770376,-0.0051765162,-9.788954,0.0002601473,0.0003289694,-0.00048046728
8784000,0.00042119419,-0.008547801,-9.793195,-0.0003979031,-0.00016905935,-0.00016844003
8788000,0.0041098064,-0.0022313895,-9.79579,-0.00019354683,-0.00038064018,0.00022197411
8792000,0.0040409626,-0.00085952785,-9.799751,-0.00022160953,-0.0007704613,-0.0004078194
8796000,0.009374872,0.00023094128,-9.800282,0.0005946732,-0.00038754154,-0.00021014453
8800000,0.008094726,0.0026985437,-9.802237,0.00068427506,0.0004161367,0.00052347576
8804000,-8.570451e-05,0.0009806699,-9.807308,-0.0010022804,0.00029053283,0.0001300013
8808000,-0.003972863,-0.0008464937,-9.804419,-0.0002160657,-2.9699184e-05,-0.00066299585
8812000,-0.0058096778,0.0040068137,-9.803529,-0.00030825785,4.511298e-05,-0.00043069493
8816000,-0.010123655,0.0012827492,-9.801345,-0.0013349869,0.00016188709,0.0002384366
8820000,-0.009126942,-0.0017687707,-9.800422,0.00016234709,4.2641905e-06,-0.0002049909
8824000,-0.0018141943,0.0011561424,-9.808012,-6.740939e-05,-0.0006806403,-0.00084001775
8828000,0.0059455372,0.0045055426,-9.805119,-0.00043977585,-0.00028057382,-0.0005656828
8832000,0.004526809,0.003801615,-9.798956,0.0002670655,0.00011441079,1.2998691e-05
8836000,0.009675983,-0.0011677409,-9.798811,5.982429e-06,-0.0002431911,9.6080286e-05
8840000,0.010940443,-0.002254606,-9.8037815,0.00096372206,-0.00054205564,-5.147378e-05
8844000,-0.0020551805,0.00077552994,-9.799746,0.0014018948,-0.00027020043,0.00021150397
8848000,-0.0073532085,0.0027410965,-9.796219,0.0002944649,-0.00037366658,0.00021856102
8852000,-0.0025610323,-0.0070078773,-9.79558,0.0006991155,-0.00055211637,-0.0002754033
8856000,-0.0053890524,-0.0048999046,-9.795889,-0.00026150484,-0.00010198452,-1.0614852e-05
8860000,-0.0043445136,0.0027129664,-9.806873,-0.0009107612,5.8363952e-05,0.0003403788
8864000,0.00337506,0.0050747464,-9.805076,-0.0007296741,5.995188e-05,0.0005137925
8868000,0.004390902,0.0017274473,-9.802998,-0.00065028435,-0.00024641064,5.327257e-05
8872000,0.0005073708,-0.001968481,-9.808197,0.00047062608,-0.0010629205,-0.0007332445
8876000,-0.0059516947,0.0004962214,-9.800869,-0.00063398416,-0.00055039115,-0.0010647365
8880000,-0.0023076616,-0.0032955583,-9.800653,-0.0017919028,0.00032457992,-0.000689593
8884000,0.00091816403,-0.0016480539,-9.802267,-0.0005497556,9.4636634e-05,0.0004236028
8888000,-0.0021633725,8.269865e-05,-9.7975855,0.00063886394,-0.00021109683,0.0004921468
8892000,-0.0037847743,0.0012668831,-9.804651,0.000818638,-7.306149e-06,-0.00038298935
8896000,-0.0011139165,-0.002625804,-9.805898,0.00044822256,-0.00015905553,-0.00041727084
8900000,0.008714346,-0.005161061,-9.798903,0.0006203495,-0.00020063101,-0.0010431195
8904000,0.001749302,-0.0032456317,-9.798331,0.00040404923,0.00015043962,-0.0014066385
8908000,-0.0063407603,-0.0077870465,-9.800842,-0.00050650846,0.00039606693,0.00030990236
8912000,-0.002953376,-0.0027664613,-9.795855,-0.0005778101,0.00046428305,0.00032319216
8916000,-0.0018401395,0.0070529827,-9.798569,-0.0001729133,-0.00087195553,0.00021481728
8920000,0.00065954454,0.0073477854,-9.804209,-0.0007162036,-0.00095352257,-0.00013817381
8924000,0.0047917846,-0.0041972036,-9.808704,-0.0013968124,-0.00026510426,8.3963e-05
8928000,0.0063437945,-0.004781504,-9.806402,-0.0012069929,-0.00031221722,0.00018431385
8932000,-0.00065509195,0.0030028715,-9.798095,-0.0012590099,-0.00051391573,-0.0004871343
8936000,-0.0018375597,0.001271602,-9.796367,-0.0010898674,-0.0004350031,0.00069765694
8940000,0.0011361908,-0.002355916,-9.800127,-0.00067665585,-0.00041468834,0.0010378549
8944000,0.00402563,-0.0037487953,-9.800731,0.000119361386,-9.88221e-05,0.0003445439
8948000,0.0065965494,-0.0057961745,-9.800464,0.0006097483,0.00010969944,-5.9684502e-05
8952000,0.0061790776,-0.0025221552,-9.798779,0.00010042839,-0.0002522747,-6.021827e-05
8956000,0.0021649967,0.0072686686,-9.7949295,-0.000118401025,0.00034755532,-0.00084699265
8960000,-0.003100609,0.01107527,-9.79702,-0.00047026388,0.00064102875,-0.0010904766
8964000,-0.0052122343,0.00721176,-9.793673,-0.0004266408,0.00032814732,-0.00057081005
8968000,-0.004339997,0.0060794842,-9.794682,-0.00010099562,0.00019096202,-0.0007297597
8972000,-0.0018336928,0.0032144818,-9.801148,-0.00015238272,0.0007363872,0.00053908594
8976000,0.004888317,-0.0050027566,-9.802446,-0.00011703645,2.7904258e-05,0.0014539855
8980000,0.0012930545,-0.0007914605,-9.798317,-0.0006421569,-0.0004677957,0.00021437721
8984000,-0.0009016023,0.00872558,-9.79932,-0.0006909744,-8.303861e-05,-0.0005440888
8988000,0.006221392,0.005607212,-9.805023,-0.00037960813,0.00021978542,-0.0005559471
8992000,0.0051889922,0.00082455133,-9.799385,-0.00068794354,0.00029860658,-0.00019294463
8996000,-0.0018826419,0.002653485,-9.794925,-0.0014357385,-0.000103392726,0.0001155513
9000000,-0.00045921473,0.0031880767,-9.797037,-0.0007374129,-0.00088502775,-3.3441484e-05
9004000,0.004769019,0.0027555476,-9.794775,0.00019345421,-0.0012160827,0.00064998027
9008000,0.008898019,0.0054847402,-9.791581,0.00028182997,-0.000105638595,0.0009343217
9012000,0.0047677,0.006655275,-9.7893715,0.00030205233,0.00035314393,0.00038203388
9016000,-0.0003334941,0.0045896564,-9.798136,-9.6326534e-05,0.00026999039,-0.00027616372
9020000,-0.003937185,-0.002131472,-9.802309,-0.00047408967,-0.0002728068,8.8572255e-05
9024000,-0.012905849,-0.002298284,-9.795925,-0.0007731294,0.000115235285,0.00021914649
9028000,-0.010232584,-0.0002000058,-9.801718,-0.00042515827,-0.00032832174,-0.0006883439
9032000,-0.006166327,-0.0037318342,-9.805222,0.00013754707,-0.0006891177,-0.00041971868
9036000,-0.007710952,-0.003130476,-9.798761,0.0008544119,-0.00020540161,5.2650717e-05
9040000,-0.004377622,0.005920637,-9.800308,0.0010574465,-0.000127535,0.0008702592
9044000,-0.00075830397,0.008101023,-9.800484,-0.00046284462,0.00045951217,0.000460284
9048000,-0.00433844,-0.003263478,-9.794023,-0.00093612523,0.00057518046,0.00013963321
9052000,-0.009662126,-0.0011686371,-9.798343,0.00057313737,-0.0002401959,0.0009971734
9056000,-0.008636402,0.0063914717,-9.801504,0.0010419392,-0.00031419375,0.00060628937
9060000,0.001400338,0.0029094995,-9.80219,-4.211095e-05,0.0008171124,0.00043085671
9064000,0.005007759,0.00085571915,-9.801782,-0.0010434233,0.0005426574,0.00031673943
9068000,-0.00035405596,0.0014219562,-9.794136,-0.00032172768,-0.00011022989,-0.00048268834
9072000,-0.00079862436,-0.0031722249,-9.792145,-0.00032260362,-0.00080318184,-0.0005651345
9076000,-0.001145405,-0.006736047,-9.795994,-0.00034287968,-0.0002948084,-0.0009563562
9080000,0.0027654257,-0.008525506,-9.7961235,1.4670967e-05,9.400202e-05,-0.0004595333
9084000,0.012830153,-0.004848093,-9.798769,-0.00031698984,-0.0007228052,0.00018135675
9088000,0.009115986,-0.0007309661,-9.801193,-0.00070693623,-0.00079295353,0.00013682908
9092000,0.0045408467,0.00012497458,-9.800216,-0.00013915462,-0.000587436,-0.00037992548
9096000,0.0050751353,-0.0013618652,-9.800285,0.0006066316,0.00019713973,3.901951e-05
9100000,0.0038580443,-0.005569978,-9.794588,0.00023836977,0.0003235584,0.0010200934
9104000,0.0038947065,-0.0052603637,-9.789642,0.00089430605,-6.123989e-05,0.0007058586
9108000,0.0026575893,0.0014436758,-9.792312,0.0006859711,0.000382488,0.0007113295
9112000,0.0017724772,0.007208308,-9.795858,-0.00012471837,0.00016753201,0.00015479226
9116000,0.0015313812,0.0030057237,-9.802683,0.0003733683,2.857908e-05,-0.0007115903
9120000,-0.00052534405,-0.0016638451,-9.803977,-0.00058072933,-0.000104827624,-0.00013539683
9124000,-0.0035947084,0.0013596915,-9.805691,-0.001927072,-0.0010909304,0.0005134638
9128000,-0.0030533555,-0.0063762832,-9.808485,-0.00096669234,-0.0010052066,0.00011302628
9132000,-0.004893187,-0.0027394982,-9.793015,-0.00097636634,-8.4818406e-05,0.00039543974
9136000,-0.005762406,0.0039677587,-9.792608,-0.0005457786,0.00041249784,0.00021622694
9140000,-0.00787015,-0.0010722515,-9.801439,0.0002047862,-0.00011965132,3.87336e-05
9144000,-0.006201603,0.005991263,-9.799606,-0.00047538205,-0.000981586,0.000723153
9148000,-0.0005281209,0.009186158,-9.8032055,-0.00015461125,-0.0006496655,0.00017498423
9152000,7.013412e-05,0.008947483,-9.801573,0.00019122829,0.0006591893,-0.0013780099
9156000,0.0020266552,0.0035747513,-9.795166,-0.00024578822,-5.569618e-05,-0.0014510304
9160000,0.0018123712,-0.0008689275,-9.794518,0.0004944148,-0.0007569426,9.893307e-05
9164000,-0.0026631928,0.0030262657,-9.7925,0.00075059885,-0.00012502611,-0.0006909414
9168000,-0.004379554,0.00037102104,-9.792992,-0.000118821314,8.896047e-05,-0.0014051463
9172000,6.490026e-05,-0.0040991567,-9.79516,-0.00014275717,0.00044750588,0.00020783431
9176000,0.0015462965,-0.0032278914,-9.790268,-0.00046899915,0.0007351001,0.00023671697
9180000,0.0030689456,0.00036445213,-9.791443,-0.0010746701,0.0006089872,-0.00067770056
9184000,0.004846315,0.0042967256,-9.800301,-0.00047982883,-0.00027268953,-0.00091860286
9188000,0.004995877,0.0018338101,-9.808632,0.00024745156,-0.00026671705,0.0002782433
9192000,0.0041325297,0.001883995,-9.802822,0.00042957396,0.00038688464,0.0002606103
9196000,0.00041063043,0.0076810247,-9.800919,0.00013834653,0.00030555646,-0.0010214603
9200000,0.002900532,0.0076218084,-9.797894,0.00013336423,-0.0001610457,-0.00059976045
9204000,0.0010084067,0.0009092526,-9.792215,0.00072083273,-0.00032493917,6.782582e-05
9208000,0.0006009205,-0.00057043415,-9.7982435,0.00018557697,-0.00017856258,4.7356403e-05
9212000,-0.0008964302,-0.0009338747,-9.798621,0.00044200214,0.00033545165,-0.0004835112
9216000,-0.0026811315,0.00022383963,-9.802069,0.00042870876,0.00010104448,-0.0003140548
9220000,-0.0049864436,-0.0019105148,-9.805889,0.00023541717,0.0002528223,0.0002932635
9224000,-0.005853365,-0.006916123,-9.801051,0.0007280786,0.0005453379,0.00019922953
9228000,-0.00072778185,-0.0074193217,-9.800691,4.6194822e-05,-0.00052978174,0.00015003548
9232000,0.0033124487,-0.0027722318,-9.801847,-0.00040342414,-0.0003863422,0.00077476475
9236000,0.002115834,0.0016937885,-9.793922,-0.0011813742,-5.339255e-05,0.0014171724
9240000,-0.0021698861,0.0033124858,-9.800289,-0.001142085,-0.0012471572,0.00058960076
9244000,-0.0025214185,0.0053333608,-9.802441,-0.0003870705,-0.0010878688,-0.000118692515
9248000,-0.004337834,0.0034194665,-9.794605,0.00024814112,-0.00051252317,-0.000875531
9252000,-0.004132405,0.0025573075,-9.798831,-0.00051784737,0.00016991407,-0.00027727682
9256000,-0.0063384036,-0.0014839855,-9.80327,-0.0011476128,0.0005979343,0.0010180165
9260000,-0.0044881552,-0.003680937,-9.801482,-6.6329085e-05,-0.00014930063,-0.00040576563
9264000,0.0010711926,0.002513012,-9.8010235,0.0004447205,-0.00013650741,-0.0007010853
9268000,0.006632359,-0.00039705474,-9.804213,0.0005741086,0.0002617408,-0.00037432558
9272000,0.011530291,-0.0050995247,-9.79636,0.000731894,0.000524565,-0.001065535
9276000,0.007750079,-0.0064867605,-9.7945,0.0007083244,-2.4709385e-05,-0.00075630326
9280000,-0.005820565,-0.008883037,-9.804384,-0.00024853184,-0.00018794587,-0.0007411852
9284000,-0.008738734,-0.004509335,-9.804642,-0.0006038598,-0.00025717204,-0.0007136649
9288000,-0.004851319,0.004221599,-9.797161,-0.00028410627,-0.00035317172,-3.5102454e-05
9292000,-0.0030968573,0.0012514874,-9.802235,0.00046262454,-2.0779076e-05,0.00055967603
9296000,0.00011575567,-0.0017115347,-9.801909,0.0008405342,-0.00041070458,0.0004112828
9300000,0.0023925132,-0.0043696454,-9.796738,0.00059635146,-0.0002700769,0.00045173432
9304000,0.008296602,-0.010524297,-9.802477,0.00019172406,0.00030680338,0.00031619947
9308000,0.008878066,-0.005919858,-9.797309,0.00016370989,0.00076842157,0.00025462304
9312000,-0.0012656888,0.00042714004,-9.795206,0.00036825277,0.0013304343,0.0006642287
9316000,-0.008448169,-0.002403883,-9.798084,0.0007846398,0.001292481,0.00010072653
9320000,-0.00729098,-0.00034112617,-9.799042,0.000104798004,0.0002744467,-0.00026934905
9324000,0.002244441,0.00040707516,-9.795805,-0.00047810114,-0.00074199965,-0.00083737564
9328000,0.00691061,-0.0021917406,-9.793568,-7.658424e-05,-0.00076889904,-0.0010954906
9332000,0.0024691084,-0.0015961869,-9.803715,2.7566924e-05,-0.00088149216,-0.00020438404
9336000,-0.00041728112,-0.005706202,-9.802891,0.0011315189,-0.0013820807,0.00073311036
9340000,0.004673302,-0.0024394116,-9.79724,0.0011132465,0.00016707169,0.00017077875
9344000,0.0039619743,0.0003229187,-9.800684,-0.0001955902,-0.00041811375,-0.0008353187
9348000,-0.0039440575,0.002005658,-9.8018055,-0.0009153726,-0.0009720379,-0.00050960615
9352000,-0.0036812117,0.0024130838,-9.803411,-0.000574301,-0.00010645817,0.00032300781
9356000,0.004113473,0.0016155493,-9.805845,-0.00033330897,-0.00076442,-0.00015558547
9360000,0.007383054,0.00067961577,-9.802796,-0.00025143567,-0.0006987201,-0.00042505004
9364000,0.0015772753,0.0052021183,-9.79808,-0.00092104037,-0.00038892124,-0.00022040552
9368000,-0.0021160617,0.008087899,-9.800705,-0.0011137666,-0.00013385175,-1.2782044e-05
9372000,-0.0032129271,0.0005852098,-9.801823,0.0001569324,0.0003529088,0.00043064367
9376000,0.00056277704,-0.003998069,-9.80197,0.00047043152,-0.0003010906,6.2939434e-05
9380000,0.0033755666,0.0008495931,-9.802494,-0.000102329795,-0.001163846,-0.00086519844
9384000,0.00016139555,0.0028440596,-9.796958,-8.2256796e-05,-0.000119229015,-0.00073667796
9388000,-0.00432123,-0.0050065815,-9.797354,0.00028565887,0.00028318664,0.00027086586
9392000,-0.0007943299,-0.0017654131,-9.79626,-0.00016520316,-0.0005797943,-0.0008396217
9396000,0.0015705528,0.000930804,-9.796763,-0.00020856486,-0.0010856774,-0.00058990193
9400000,0.00023862469,0.0022025725,-9.804875,8.2004495e-05,-0.00061297265,0.0004208341
9404000,-0.0009980747,0.0055434173,-9.8060875,0.00080839224,-0.000539441,-0.0006129765
9408000,-0.004957142,0.0042333426,-9.803037,0.00031546588,-0.00010243355,-0.00063475716
9412000,0.00027238578,0.007084716,-9.801718,-0.0009621855,0.0009921181,0.00066234317
9416000,0.007015898,0.0031505432,-9.806375,-0.00016911408,0.0008915497,0.0009173162
9420000,0.0039655,-0.0068108276,-9.804266,0.0002167188,0.0003777614,0.0006375953
9424000,0.0022564428,-0.003477289,-9.799341,0.0003088456,0.00069249363,-6.2191575e-05
9428000,-0.0015578826,0.0026575313,-9.803094,7.85782e-05,0.00041409503,-0.0008681562
9432000,-0.006994039,-0.0037938664,-9.793257,-0.00047049308,0.00023456494,-0.0006224133
9436000,-0.0037988303,-0.0021250094,-9.789738,0.00052461814,0.00034874002,-0.00023853777
9440000,-0.0033491005,0.0028002777,-9.793369,0.0010687707,3.75231e-05,0.0006410072
9444000,-0.005697051,0.0027656269,-9.797419,0.00030582928,-4.7161622e-05,0.0011650417
9448000,-0.006319533,0.0061254296,-9.803134,0.0003554404,0.0005982186,0.00066671066
9452000,0.0010145383,-0.002127502,-9.801479,0.00093521504,-4.8733673e-05,-0.0006174243
9456000,0.0034760358,-0.006432479,-9.801001,0.0011734864,-0.00089200976,-0.00095870346
9460000,0.0010815695,-0.0025701262,-9.801538,0.0007851588,-0.00070981804,-0.0011065897
9464000,-0.0046066986,-0.004242222,-9.802032,-0.0001787332,-0.0004146707,-0.0010933043
9468000,-0.009557228,0.0003093472,-9.802628,-0.00045447436,0.00020977091,-0.00018869717
9472000,-0.004805167,-0.005605449,-9.805268,0.0006053835,-0.00055665243,-0.0003339978
9476000,0.0011462634,-0.012147992,-9.799715,0.0006189777,-0.0012285361,3.4840916e-05
9480000,0.0010951695,-0.0038531548,-9.798426,-0.0006230068,0.00010941227,0.00016406903
9484000,-0.0003381492,0.003669782,-9.803522,-0.00023682785,-6.8253125e-06,7.787982e-05
9488000,-0.0015745383,6.7918e-05,-9.799679,0.00037724955,-0.0003509109,0.00052120484
9492000,-0.005560983,-0.00092404475,-9.793813,-9.191244e-05,-0.00013577845,-0.00015527575
9496000,-0.00083014683,-0.004201956,-9.797674,-0.0015242998,-0.00030469327,-1.7436376e-05
9500000,0.008695569,-0.005044695,-9.79744,-0.0010368596,0.00029092966,0.0005132189
9504000,0.004654178,0.0070742257,-9.799103,0.00043673927,-4.3597363e-05,0.00031077472
9508000,-0.0044293823,0.008096149,-9.79893,0.00017978168,0.000107295404,0.00054009847
9512000,-0.0010657109,0.00042680002,-9.800364,-0.0002679908,-0.0005171848,0.00038259447
9516000,0.0024651363,-0.00066459156,-9.805438,-0.00018004002,-0.0014782824,-0.0002957661
9520000,0.0024351473,-0.0012115921,-9.80205,-0.00016839025,-2.4769302e-05,-0.00086400326
9524000,0.0036071432,-0.003532232,-9.798826,-0.0004831045,0.00072020857,-0.00020748939
9528000,-0.0028506005,0.003152687,-9.801871,0.0008230054,0.00096883386,0.00080518064
9532000,-0.0073202318,0.008239412,-9.800862,0.0013379337,0.0008925656,-0.00017957609
9536000,0.00045783346,0.005045297,-9.793659,0.00023047584,0.00028322983,-0.00031862227
9540000,0.0009979587,-0.0006364497,-9.798425,-0.0010785881,-0.00068211183,0.00055845623
9544000,-1.6043079e-05,-0.0016742304,-9.79933,-0.0016654577,-0.0008645423,1.4209572e-05
9548000,0.0034403526,-0.0004427192,-9.80463,-0.0001534505,0.00018072141,0.000101903286
9552000,0.0053498633,0.003751239,-9.806795,-0.00011138628,-1.0855366e-05,0.00023103549
9556000,0.006099838,0.006661428,-9.799236,-0.00037777086,0.0002043971,0.0003325236
9560000,0.007181299,0.0036095376,-9.796236,2.4551266e-05,-9.201367e-05,0.00095807185
9564000,0.0025885787,0.004442474,-9.799582,-0.0011518302,-0.0005389988,0.0012595574
9568000,-0.0010886507,0.001804567,-9.799672,-0.0009777019,0.0003150446,0.00065347797
9572000,0.005248517,-0.0011266593,-9.797325,-9.538389e-05,0.0005962518,-0.00015390244
9576000,0.003493322,0.0033008927,-9.799208,0.00039250977,-0.0008399969,-0.00040893268
9580000,-0.0056231036,0.012696604,-9.797207,0.000394392,-0.0011114236,-0.0004906417
9584000,-0.007912112,0.009843548,-9.797365,-0.00018873968,0.0005159901,3.588708e-05
9588000,-0.003872434,0.00024017785,-9.804609,-0.00025331427,0.000456881,0.0005082963
9592000,-0.004828235,-0.003364635,-9.805531,0.0007090931,-0.00021705849,1.9369932e-05
9596000,-0.0041253986,-0.008273906,-9.802112,0.0009620486,0.00012055524,-0.00088368286
9600000,0.003514685,-0.0021621897,-9.798773,0.00028429308,-0.0001666057,-0.00036045827
9604000,0.0018456843,0.003383206,-9.7977915,0.0006073586,-0.000620965,-0.000255872
9608000,0.00071913516,0.0036204779,-9.804179,0.0007268289,0.0007263447,9.993598e-05
9612000,0.0012345766,0.0041770446,-9.799222,0.0013224606,0.00075216586,0.0012039224
9616000,-0.0018336319,-0.0018160447,-9.796401,0.0014932364,5.1413645e-05,0.0011680516
9620000,-0.0072660064,0.0056100446,-9.800558,-0.0005539028,0.00092618394,0.00011459779
9624000,-0.005777087,0.010333541,-9.801514,0.00019306132,0.00046298938,-0.00067275256
9628000,0.0033943513,0.005695755,-9.80352,0.0007513387,0.00016712805,-0.00014715463
9632000,0.007780958,0.005594077,-9.8024,-0.0004696576,0.0002859667,-0.0004485156
9636000,0.0072797677,0.0033666845,-9.798518,-9.203318e-05,-0.00024686274,-0.0008664332
9640000,-0.005499157,0.0051188804,-9.804108,0.00023298555,0.00036673612,-0.0005122196
9644000,-0.009337241,0.004605093,-9.810192,0.0009757521,0.0008621101,-0.00086960965
9648000,-0.0003465676,0.0032880548,-9.804858,0.0010243915,-0.00026645986,-0.001249265
9652000,0.003350088,0.003949793,-9.80786,7.176429e-05,-0.00025053788,-0.001242125
9656000,0.0030112984,-0.00096552196,-9.806467,-0.0011055891,0.00044765684,-0.00063348573
9660000,-0.0009920229,-0.004052257,-9.786785,-0.0014048454,2.6689726e-05,0.00027113548
9664000,-0.0019974406,0.004041731,-9.78694,-5.2154443e-05,-0.0010424162,0.00019163932
9668000,-0.0013616576,0.0068939026,-9.802113,0.0005086394,-0.0009244344,0.0008457366
9672000,-0.0050128372,-0.00029154477,-9.80253,-0.0004368646,-0.0006341815,0.000836042
9676000,-0.0013264006,0.0038651973,-9.796635,-0.0010300525,-0.0005653795,-0.000497876
9680000,0.0071976595,0.0061404547,-9.799413,-0.001527501,-0.00069002394,-0.0008023518
9684000,0.0011232758,-0.0026419808,-9.796246,-0.00012723794,-0.0002799217,-0.000399108
9688000,-0.002665565,-0.002698762,-9.795555,0.00021884777,0.00029383862,0.0006076381
9692000,0.0015376009,0.0012168115,-9.799637,-0.000373137,-0.00045123487,0.00019187487
9696000,-0.00062313763,0.0051428955,-9.795953,0.00025649375,-0.00024844968,-0.00033584994
9700000,-0.0017407779,0.013693516,-9.796974,0.0006155222,-0.0007050541,-0.00050448545
9704000,0.0010632859,0.0052357377,-9.794549,0.00072494446,-0.0012481149,-0.0007071261
9708000,0.0037373113,-0.0061831065,-9.796003,-0.00019073495,-0.00016548074,7.101696e-05
9712000,0.00613728,-0.005046681,-9.807993,0.0008294906,0.00010550597,0.00010927641
9716000,0.0057142563,-0.0040941807,-9.8074875,0.0011951232,0.00044957493,0.00057348004
9720000,0.0004987925,0.002488588,-9.794451,-0.0012244895,0.000281267,0.0008731686
9724000,0.0009224494,0.0019011057,-9.797092,-0.0014884436,-8.9719026e-05,0.0003859456
9728000,0.0034646303,0.0011703703,-9.800365,-8.303109e-05,0.00036392704,0.000412267
9732000,0.00082736823,0.006082657,-9.791922,0.00039317404,-0.00034081738,0.0008480162
9736000,-0.0020874084,0.0015069098,-9.790031,5.2949683e-05,-0.001124945,0.0008381142
9740000,0.0020188878,-0.0025890379,-9.796185,6.275513e-05,-0.0008907041,0.0006406846
9744000,0.006161353,-0.0032082445,-9.798547,-0.0001757456,-0.0004670191,0.000591261
9748000,0.008806562,0.0020930758,-9.799953,-0.0004792934,-0.00020830237,-9.212776e-05
9752000,0.008703713,0.0073997662,-9.800999,-0.00022143868,-3.2363603e-06,-0.0006323876
9756000,0.005138846,0.0019294305,-9.799835,0.000346089,-0.00060213276,-0.00013421627
9760000,0.0033950328,-0.0005584951,-9.800235,0.00046271342,-0.00063574826,-0.00018759264
9764000,0.0012710118,0.0013581709,-9.799391,-1.3494078e-05,-0.00022849091,-0.00074578414
9768000,-0.0006803352,0.0004952096,-9.800741,-0.00021885679,-0.000112570684,-0.00088452664
9772000,-0.0025255468,0.0011240263,-9.801048,-0.00089595735,0.00062797766,-0.0015735441
9776000,-0.0026021658,-0.00047088048,-9.798454,-0.0004012445,0.0005883108,-0.0014509774
9780000,-0.0072454,-0.0009568124,-9.79698,0.00075697026,0.00019831563,-0.0004105685
9784000,-0.0030948082,-0.0029385763,-9.794817,7.097896e-05,8.060424e-05,0.00047516075
9788000,0.0032975397,-0.0037358967,-9.7945,-0.00072129327,-0.00042622548,0.0007809748
9792000,-0.0004766049,-0.0006253435,-9.791487,-0.0005144949,-0.00030479793,0.00019133902
9796000,-0.003021361,0.0010425188,-9.790741,-0.00035612748,-0.00028336528,0.0007175895
9800000,-0.0036760767,-0.0027959605,-9.801984,-0.00012912748,-0.0008388984,0.00042388437
9804000,-0.005496734,-0.0015149458,-9.807571,-0.00063494674,-0.00057734497,0.001296436
9808000,-0.0031581041,0.0032163057,-9.805782,8.441493e-05,0.00016887557,0.0015783331
9812000,0.0016169949,0.003973949,-9.805457,0.00078735553,2.3083281e-05,-0.00071649294
9816000,0.006163597,-0.002031456,-9.800812,0.00094800483,0.00013295631,-0.00031476142
9820000,0.004029789,-0.0054407422,-9.801664,0.0005394853,0.0005190681,0.00059626414
9824000,0.004568606,-0.003545042,-9.807289,-0.0004626796,0.00045079237,-0.000779173
9828000,0.0037259543,-0.0021591093,-9.806667,-4.3960696e-05,0.0008239911,-0.0012479236
9832000,-0.00012552412,0.003506355,-9.808542,-0.00050585,0.00023021974,-0.0005030814
9836000,-7.677173e-05,-0.0025364328,-9.808842,-0.0002302741,0.0005542066,-0.00013236582
9840000,-0.0018077326,-0.010128583,-9.806334,0.00055720436,0.00084098225,0.0010237157
9844000,-0.0032669746,-0.0054713506,-9.8008375,-6.0571496e-05,4.760592e-05,0.0018811243
9848000,-0.0037151526,-0.005594121,-9.801136,-0.0009926627,0.0014781153,0.0009653522
9852000,-0.00581966,-0.005913246,-9.800679,-5.9832266e-05,0.000714686,-0.00018044154
9856000,-0.0050987676,-0.0027847688,-9.791754,0.0004680935,-0.0011160197,0.00048008648
9860000,-0.0046590287,-0.0011479502,-9.791458,-0.0011959544,-0.0014130633,0.0004911344
9864000,-0.0027321891,0.0037988508,-9.799537,-0.000952289,-0.00038682402,-4.498768e-05
9868000,0.006013714,-0.00060465944,-9.800341,0.0005651137,6.7219735e-05,0.0005359098
9872000,0.009240589,-0.0051125283,-9.793997,0.0011746151,-0.0006099947,0.00037909253
9876000,0.007190018,-0.0048993006,-9.794685,0.0009521204,-0.00014904757,3.3780132e-05
9880000,-0.004327265,-0.0010004116,-9.797241,0.0008667545,-0.0003156349,9.9123994e-05
9884000,-0.0057837195,0.001731201,-9.805813,0.0009533916,-0.0002544357,-0.00058934477
9888000,0.0013195426,0.00075626187,-9.808695,0.0010022863,0.00019635046,-0.00019253095
9892000,0.00079801545,-0.0015357402,-9.799049,0.0007261826,0.00023765267,0.00021233471
9896000,-0.00246766,0.0023844012,-9.797506,0.0003671597,4.883103e-05,-0.00035984398
9900000,-0.0012122735,0.0010255935,-9.799585,-0.00013088383,0.00059681816,-0.00050167384
9904000,0.008094337,-0.00058523944,-9.803467,-0.0011295744,0.0013400458,-0.00023351473
9908000,0.010118693,0.0026267986,-9.802469,-0.0004766966,0.00070407783,-2.1907596e-05
9912000,0.0036627317,-0.00015449461,-9.803267,-0.00042453525,0.00032674638,-3.177323e-05
9916000,0.0018225969,0.004655251,-9.799588,-0.0004333323,0.0004839403,0.00026825303
9920000,0.003838858,0.0038203634,-9.793629,-0.0001259294,0.0010731973,0.00055581785
9924000,0.008532942,-0.000185999,-9.800266,-0.00050718396,0.0012463635,0.00023308926
9928000,0.013219424,0.0050002225,-9.80352,2.7689823e-05,0.00084838434,-3.94806e-05
9932000,0.005679042,-0.0012826662,-9.804115,0.00010760492,0.00038961726,0.000857732
9936000,0.0038672055,-0.007689663,-9.806574,2.7384574e-06,0.00044925144,0.0003007772
9940000,0.0053808005,-0.002869825,-9.800623,0.00020817741,0.00096755207,-0.0004308505
9944000,0.00055710843,0.0019385456,-9.792591,0.0008408483,0.0003239365,0.00016771395
9948000,0.00030891885,0.0012539079,-9.790256,-6.399833e-05,-7.5330136e-05,0.0005645686
9952000,-0.00074120203,0.0048242533,-9.791884,-0.0010490288,0.00020460559,0.00044802602
9956000,0.004378721,0.0076212906,-9.798493,-0.0008666103,0.00024327451,0.00036979056
9960000,0.005352198,-0.001888043,-9.809785,-0.00033971283,0.0003769329,0.00047740765
9964000,-0.0009831012,-0.002739057,-9.812729,0.00026396528,1.4568847e-05,0.0003965044
9968000,-0.00070029666,0.0006060854,-9.804732,-0.0002948701,0.00029152588,2.0668207e-05
9972000,-0.002597009,-0.0022561983,-9.800409,0.00039107673,0.0008074331,-0.000471638
9976000,-0.008172164,-0.0012309704,-9.797201,0.0009883717,9.717765e-06,0.0001637572
9980000,-0.005395323,-0.0018592149,-9.79747,0.00041452574,0.0004135333,0.0004442433
9984000,-0.003779136,-0.0057744426,-9.795931,0.00018892561,0.0005912636,0.000683142
9988000,-0.0035251402,0.001635137,-9.79337,0.00091418053,-0.00014008068,0.00045860567
9992000,-0.0017592339,0.007687715,-9.8008,0.0013840655,0.00038529644,-0.00014030795
9996000,-0.0052859904,0.0035666365,-9.800755,0.00079940405,-9.594777e-05,0.00017269205
10000000,-0.003042017,-0.003833979,-9.798063,0.0007815323,-0.0016660969,0.00072468194
10004000,0.00034345893,-0.0047982913,-9.806494,0.00017929752,-0.00036574973,0.00046876585
10008000,-0.0017190931,-0.0006715018,-9.802206,-0.00073205365,0.001251084,0.0003721848
10012000,-0.0066505643,-0.00091404316,-9.7964,-0.0015778667,0.0005710808,5.2740168e-05
10016000,-0.005112987,-0.0068336464,-9.801563,-0.00091930886,-0.00022365719,-0.00069267506
10020000,-0.00015651467,-0.0031051254,-9.804945,0.00018415487,-0.00021946113,-2.3909857e-05
10024000,0.00045099645,0.0035233544,-9.798579,-0.00030942925,0.00023470719,2.3082071e-05
10028000,0.0046989117,0.0060346127,-9.790878,-0.00040671043,0.0005597108,0.00019050592
10032000,0.005586253,0.0060717864,-9.798375,-0.00064538757,-0.00014919999,0.00015408667
10036000,0.0026174118,-0.0015147245,-9.800741,1.6357377e-05,-0.00057474046,-0.00011544902
10040000,0.00033968233,-0.0041861734,-9.795631,0.0009996695,0.0006940914,4.7591984e-05
10044000,-0.0018780427,-0.0046985405,-9.794512,0.0007055797,0.00032304233,-0.00030101766
10048000,-0.0003131883,-0.001529887,-9.80051,0.00077107357,-0.00030370924,8.966193e-06
10052000,-0.0017992746,0.0021510539,-9.803635,0.0007059386,0.00037601718,-0.00064736546
10056000,-0.0028574965,-0.0035862182,-9.7979145,-0.0004220298,3.8880935e-05,-0.00015343574
10060000,-0.001079433,0.0029742974,-9.799501,-0.0016113115,-0.001028994,0.000121931495
10064000,-0.0017626467,0.0023086506,-9.797861,-0.00085153483,-0.001029942,-0.00087936124
10068000,-0.0039408333,-0.005109077,-9.800457,9.9474484e-05,-0.00043874,0.00024334915
10072000,-0.0028970733,0.0018314207,-9.803142,-0.00028077367,-0.0003591647,0.00055028114
10076000,-0.003256633,0.0012265936,-9.801336,-0.0009683424,-0.00014918196,0.0003076317
10080000,-0.0022321716,-0.0027499255,-9.801922,-0.0012692395,-0.00037689405,0.00016724621
10084000,-0.0016199843,-0.0052102655,-9.801874,-0.00073768874,-4.353403e-05,-0.00074206357
10088000,0.0006210364,-0.0063922983,-9.80456,-0.00040759903,0.00022081808,-0.00051519275
10092000,-0.00608314,-0.008341218,-9.806017,0.00016009575,-0.00026535077,-7.546608e-05
10096000,-0.010587993,-0.007668403,-9.805742,2.6096635e-05,-0.0007295418,0.00027864397
10100000,-0.003080713,-3.9462746e-05,-9.802803,-4.1932573e-05,-0.0012483196,0.00013274592
10104000,-0.0022501643,-0.00041654462,-9.798162,0.00033284017,-0.00081444543,-0.00039186413
10108000,-0.0001687448,-0.0017962477,-9.801419,0.0006832401,0.0003240572,-5.6029272e-05
10112000,0.002096182,0.0035661692,-9.800957,0.00080163835,0.00177486,-0.00018987636
10116000,0.0076595326,-0.003251333,-9.792916,0.00066174776,0.001517422,9.028023e-05
10120000,0.0008811221,-0.009040415,-9.799911,0.00043665693,0.0005750635,0.00043181083
10124000,-0.0070764422,-0.006466864,-9.795696,-9.205145e-05,0.00079171534,1.0174315e-05
10128000,-0.0008628061,-0.012670815,-9.798466,0.00045549613,0.0003361627,-0.000228999
10132000,0.00020997287,-0.0076414663,-9.811947,-0.00034457206,0.00042116904,-0.0003303617
10136000,-0.0012927292,0.0013997317,-9.808023,-0.00080716755,0.0006349915,-0.00037545463
10140000,0.0031061857,-0.0015132126,-9.805657,-0.0006020431,0.00036383217,0.00046596062
10144000,0.0026053125,0.010693493,-9.803641,-0.0003845507,0.00023695141,0.00041644977
10148000,-0.0009871938,0.013183387,-9.80217,0.00033299054,-0.0003450838,8.406853e-05
10152000,-0.0020596324,0.000468106,-9.801265,0.00031851252,-0.0001591589,-4.3332653e-05
10156000,-0.00376731,0.00018997552,-9.798716,0.0003311541,-0.00015424637,-0.0006448388
10160000,0.00025718077,0.0031214966,-9.796614,0.0006958612,-0.0008460106,0.00029135437
10164000,0.002661093,0.0031326576,-9.799011,0.00038621426,-0.0010941512,0.0008584327
10168000,-0.0051200627,-0.0009979425,-9.804071,-0.0008508392,-0.0009463567,0.00046262218
10172000,-0.005168151,-0.0055475454,-9.800922,-0.0005500038,-0.00052562007,0.0004548538
10176000,-0.0033362077,-0.0032051376,-9.800635,0.00073409005,0.00039346286,0.00024445556
10180000,-0.0041086357,-0.0007983882,-9.802508,0.001118237,0.0006549975,0.00038482394
10184000,-0.0028526462,-0.0012330888,-9.796532,0.0022719856,-6.876223e-05,0.00014007375
10188000,-0.0018601196,0.0034656047,-9.803929,0.0014135959,-6.736749e-05,-4.4839417e-05
10192000,-0.0077092755,-4.7490925e-05,-9.805937,-0.0009146463,-0.00020412848,0.00039633492
10196000,-0.009616274,-0.009320919,-9.799963,-0.00062644185,0.0003507987,0.00048704408
10200000,-0.00019483097,-0.0012640356,-9.797491,-0.0008675888,0.0010144965,0.0005608552
10204000,-0.0004303379,0.0017115963,-9.796572,-0.00034060364,3.0125718e-06,0.00014505575
10208000,-0.0001513901,-0.0042117434,-9.801769,0.0004242314,-0.0009324665,-0.00024687397
10212000,0.005122182,0.006469543,-9.800466,0.00048804394,-0.0003627719,-0.0002544699
10216000,-7.003895e-05,0.007447245,-9.793608,6.272718e-05,7.4457064e-05,-0.00052527734
10220000,0.0037240284,-0.0018250375,-9.797682,0.00017612713,-0.0009870783,-0.00035584776
10224000,0.013589974,-0.0017101233,-9.806835,0.0007317416,-0.00047462023,-0.000136923
10228000,0.008381862,-0.00052867533,-9.802919,0.0003783005,0.00024017635,-0.00094076584
10232000,0.00551568,0.00057194417,-9.797108,0.0004912399,-0.00018648618,-0.0014597514
10236000,0.0016460837,-0.0021882525,-9.796652,-0.00041315396,0.000607457,-0.00083582645
10240000,-0.0006074124,0.0031795716,-9.798512,-0.00078557007,0.00055761135,0.00045178016
10244000,-0.00077848055,0.003206544,-9.793295,0.00035181723,-0.00022348246,0.00081664434
10248000,0.0002386808,-0.0025086068,-9.790958,0.00029719685,-0.00048778826,0.00030990737
10252000,0.0028281198,-0.0018972579,-9.796115,-0.00024764874,-0.00106345,-0.00030486676
10256000,0.0034016245,-0.0048375768,-9.798555,-0.00055434485,-0.00076155533,-0.0008528676
10260000,0.0035529602,-0.0020197905,-9.799177,0.00053446594,-0.0009644972,-0.0001239881
10264000,-0.004556824,0.0006526148,-9.799392,0.0007676141,-0.0009526626,0.0009937906
10268000,-0.0052802092,0.00015584037,-9.794283,-2.9997447e-05,0.0009970483,0.00032240205
10272000,0.0026603297,-0.0044082967,-9.790089,0.00085133966,0.0011117515,0.0004183687
10276000,0.00101069,-0.008591084,-9.795875,0.00051819935,5.360746e-07,0.0007829614
10280000,-0.0036979234,0.0035318902,-9.805991,-0.0006297833,-0.00033367952,-0.00033627733
10284000,-0.0029192194,0.0019160671,-9.804916,-0.0009468255,-0.0007685022,0.00034467207
10288000,-0.005326477,-0.007920547,-9.800348,-0.00043367335,-0.0002933834,0.0015621543
10292000,-0.0023556508,-0.0029313227,-9.800945,-0.0001583892,0.00074871635,0.00037125955
10296000,-0.00018777046,-0.0001461307,-9.804554,-0.0003987627,0.00034468074,9.995188e-06
10300000,-0.0021882525,7.486546e-05,-9.800226,-0.00057580456,-0.00012014607,-0.00015964705
10304000,0.0017345237,-0.00045166022,-9.7991085,-2.7274478e-05,0.00010760349,-0.0007108178
10308000,0.0013263915,0.00017134867,-9.802634,0.00061749195,0.0002589237,0.00013613963
10312000,-0.006963307,-0.002135158,-9.800114,0.0001461793,0.00018579827,-5.765839e-05
10316000,-0.008518238,-0.003038494,-9.800108,-0.00029890458,6.966783e-05,-0.0006844761
10320000,9.381585e-05,-0.005155314,-9.798458,-0.0005781957,-0.0004224997,-0.00036532554
10324000,0.00473316,-0.009089435,-9.794125,-2.8961008e-06,-0.00057188934,-2.8663531e-05
10328000,0.002885351,-0.004402314,-9.79476,0.00089333573,0.00036419719,8.397555e-05
10332000,-0.005710666,0.0025249051,-9.799356,-0.00014387174,0.000102671336,-0.00036141032
10336000,-0.009972079,0.0007168671,-9.796864,-1.2452498e-05,-0.0001646884,0.00012701012
10340000,-0.0067529823,0.00025210605,-9.798161,0.0005313169,0.00011530038,-0.00027923638
10344000,-0.0043628747,0.0017182971,-9.798562,-0.0006556782,-0.00032798838,-0.0012263879
10348000,-0.00049699354,0.0044006268,-9.794568,-0.00059119007,-0.00040618825,0.00030622174
10352000,0.0033217883,0.008406385,-9.791632,0.0010604627,5.5028864e-05,0.0005579854
10356000,-8.6549684e-05,0.00099184,-9.8024,0.0011880008,-0.00023597188,-0.0006218257
10360000,-0.010313148,-0.004851863,-9.802673,-0.0005501757,-0.00051221135,-0.0008621134
10364000,-0.01081085,0.00041160302,-9.798721,-0.00012398463,-1.5018913e-05,0.0005224441
10368000,-0.004051012,0.004709505,-9.80482,0.0012248472,-0.0004103697,0.0007358883
10372000,0.0012889226,0.0014351145,-9.805898,0.00082026544,-0.0010364882,-4.2524985e-05
10376000,0.0018310172,-0.0032148669,-9.807396,0.00071052945,-0.001300661,-0.00028918605
10380000,0.0017676065,0.0030194407,-9.804295,0.00019199817,-0.00041406776,-0.0008613146
10384000,0.0035658313,0.0021626668,-9.8076935,-0.00090601656,3.385259e-05,-0.0007563035
10388000,0.0015431681,-0.00441603,-9.804062,-0.00093584944,-0.00046070048,-0.0010667238
10392000,-0.0035741152,-0.0036967967,-9.7939625,-0.00066897704,-0.0001291722,-0.0010019476
10396000,6.340585e-05,0.0005405489,-9.797293,-2.0296387e-05,-0.00035643444,0.00024238318
10400000,0.0038107429,0.0034697538,-9.805181,0.00066046935,-0.0004876954,0.00065213005
10404000,-0.00210801,0.0044056564,-9.802833,0.0002702335,0.00048731448,0.00058132794
10408000,0.0017280204,0.008147175,-9.799095,-2.8340486e-05,-0.00018663498,-0.0005053526
10412000,0.006861425,0.0072376574,-9.802174,-4.6067347e-05,-0.0009612603,-0.0009395175
10416000,0.0007655191,0.003064102,-9.805525,-0.00014134508,-0.000536838,0.0006183383
10420000,-0.00015679168,0.0022386105,-9.804703,0.000492047,-0.0005027007,0.00036555983
10424000,0.0028595417,0.0057008257,-9.7976885,4.4331897e-05,0.0001222774,-0.00032961194
10428000,-0.0010428865,7.357767e-05,-9.800085,-0.00073470396,0.00012492236,-0.0005142394
10432000,0.0037467927,-0.0015779175,-9.801191,-0.0007305598,8.797264e-05,-0.00052612246
10436000,0.0055731647,0.0027336637,-9.798113,-0.0010933345,7.414216e-05,0.0005115253
10440000,0.002989094,0.0014620958,-9.794375,-0.00074226444,-0.00047268096,0.00016371037
10444000,0.0035536964,-0.0038011621,-9.792642,-6.2337065e-05,-0.000732399,-0.00028464396
10448000,0.00013454811,-0.005625421,-9.798207,-0.00014106378,-0.000324372,0.0006581875
10452000,0.002679869,-0.003006496,-9.804427,-0.00027066586,0.00026592248,0.00042724315
10456000,0.0072234273,0.0015097148,-9.801968,-0.00029074203,0.00046989266,0.00018407371
10460000,0.0051257447,0.0050126323,-9.797527,1.4771673e-05,0.00051432534,0.0001547142
10464000,-0.00297884,-0.0011073035,-9.801369,-9.3942115e-05,0.00087957864,0.0006032727
10468000,-0.001911052,-0.008302276,-9.803131,-0.00056943204,0.00051425945,0.00028967918
10472000,0.004080896,-0.0037245788,-9.80283,-0.00032684745,0.00068857975,0.00013238934
10476000,0.002964453,0.0006163597,-9.806095,-0.00028999473,0.0010276263,0.0007802605
10480000,0.003635252,0.0005847567,-9.803769,-0.00010845274,0.00064740033,4.749712e-05
10484000,0.0005179045,0.0041419007,-9.793921,0.0002115205,0.00037120088,-0.00039312374
10488000,-0.00049564743,0.0031251658,-9.79177,0.0005118119,0.00022096922,-0.00027414423
10492000,-0.0021556485,-0.0032730117,-9.793356,0.0003690687,0.00062305003,-0.00033271714
10496000,-0.0010193496,-0.0059215203,-9.7937565,0.00013287496,0.0004945628,-0.00097285566
10500000,0.0051774117,-0.0025815915,-9.799353,7.275528e-06,-5.2814714e-05,-0.00030156184
10504000,0.0034900387,-0.0003315569,-9.802568,-0.00025028235,-0.0007025589,0.0003046709
10508000,-0.0018721278,-0.0034584545,-9.795275,0.00010734826,-0.0008740362,-0.00043841405
10512000,-0.006624371,-0.0016895654,-9.791906,0.0003797038,-0.00031903235,-0.0002708123
10516000,-0.005356786,0.0033251666,-9.8034,-0.00036128538,0.00077262,-5.677887e-05
10520000,0.0027144009,0.00052159495,-9.80555,-0.0003071529,0.00037064936,-0.0003138807
10524000,0.0022391947,0.000438681,-9.801277,0.0003252112,-0.0002199974,0.00024810884
10528000,-0.0051843734,-0.0026629588,-9.807212,0.00017434492,0.00018375902,0.0005632041
10532000,-0.003444093,-0.006115312,-9.80307,0.0004954855,-0.00022400098,0.00062190177
10536000,-0.0005467558,-0.0063889357,-9.801338,0.00038517412,-0.000819629,0.0010928272
10540000,0.002118308,-0.006570431,-9.804439,-6.3719344e-05,-0.00021591953,0.00043616135
10544000,0.0063721132,-0.00046765915,-9.7986965,-0.000121387544,0.0013888923,-4.9856317e-05
10548000,0.0021553691,0.0038488866,-9.79332,-0.00030732967,0.0011249824,0.0005919392
10552000,-0.0054934085,0.0014363588,-9.794281,-9.8372275e-06,-7.2387746e-05,0.001128233
10556000,-0.0064210068,0.0013835512,-9.792943,0.0006358128,-0.00036635806,0.00045310432
10560000,-0.0016457005,-0.0012522046,-9.792278,0.000526293,-0.00069651776,0.0001689942
10564000,-0.007640865,-0.0052050604,-9.798075,-0.00019533023,1.5224817e-05,0.0005970424
10568000,-0.011190618,-0.0050609084,-9.797272,-0.00013280145,0.00031226914,0.000557368
10572000,-0.0025420082,0.0042185388,-9.793255,-0.00016519263,0.00065919734,5.3511096e-05
10576000,-0.0011061458,0.006387334,-9.8016205,0.00019105263,0.0013389103,0.00026163555
10580000,0.0050251177,-0.0039588157,-9.803982,0.0010951639,0.0011473699,0.00062480295
10584000,0.005503404,-0.00028622703,-9.797583,0.001071105,0.00069438113,-0.00047156238
10588000,0.0022944054,0.0050590555,-9.794081,0.0011600963,-1.3899215e-05,-0.0005375754
10592000,0.0051302947,0.0017949037,-9.792847,0.0002165615,-0.00022442183,0.0007904094
10596000,0.003157864,-0.0035676146,-9.802719,-0.00035978356,-0.000415933,0.0005309688
10600000,-0.0018139433,-0.00427143,-9.812143,5.4263157e-05,-0.0008951201,3.8296814e-05
10604000,0.00030863174,-0.0042053433,-9.80801,0.0005387374,-0.00028534833,9.581002e-05
10608000,-0.0010658763,-0.0034576766,-9.79648,0.0010384554,0.00034219373,0.00044734066
10612000,-0.0015942191,0.0013219372,-9.796726,0.0003540869,-0.0006194538,0.00079421053
10616000,0.0003038547,-0.004772289,-9.801235,-0.0004653433,-0.0007952688,9.294977e-05
10620000,-0.0015239618,-0.0013333001,-9.799606,-5.1654548e-05,-0.00019926832,-0.0001241639
10624000,0.0013389837,0.0030617374,-9.79953,0.00027062747,0.0002416964,-0.00027985184
10628000,0.0007819639,-0.0010985831,-9.797251,0.0003203169,0.00011094662,6.434604e-05
10632000,-0.0021163311,0.0043257703,-9.792811,7.270105e-05,-0.0005727806,0.00038715167
10636000,0.0018481964,-0.002522408,-9.796866,0.0006696491,-0.00073813496,-0.00015912238
10640000,0.0072032344,-0.0017648847,-9.802311,0.0010479698,-0.00044147464,-0.000532786
10644000,0.0034562687,0.0048719225,-9.801495,0.00026319711,-0.00024385855,0.00095248944
10648000,-0.0060625114,0.0010644428,-9.800505,0.0007925051,0.00042116427,0.0018229942
10652000,-0.0066761845,0.0031747853,-9.802329,0.0007027762,0.0014347628,0.00019350144
10656000,-0.0051448434,0.005203453,-9.79705,-0.00020835572,0.0004679986,-0.0008991127
10660000,-0.0025395148,0.007100831,-9.796106,-0.0002511935,-0.00029022156,5.0479757e-05
10664000,0.0013812575,0.0007423783,-9.795326,0.00014447152,0.00071555865,0.00048077642
10668000,-0.002258787,-0.0046207234,-9.787422,6.088022e-05,0.0014129635,0.000341088
10672000,-0.003252687,-0.003677961,-9.791649,-0.00038993979,0.0009724672,-3.2211377e-05
10676000,-0.010269286,-0.0013334919,-9.796758,-0.00044533974,0.00024027364,-0.00032839403
10680000,-0.0038404765,0.0013657681,-9.791992,-0.00055280334,-3.371885e-05,-0.00043251802
10684000,0.0028510792,-0.0022573601,-9.794519,0.00037619725,-9.678257e-05,-0.0012337022
10688000,-0.0016225881,-0.0024812277,-9.800732,0.0015251916,-0.00024836906,-0.0010339484
10692000,-0.0013242019,-0.0021286367,-9.804777,0.0011939905,-0.00044568707,-0.0008296412
10696000,-0.0054618865,0.0033176774,-9.809805,0.00036788356,0.00040963342,-0.0006430092
10700000,-0.0014719202,0.0034778917,-9.802391,6.2873023e-06,0.0005258341,0.00019515735
10704000,0.0029876586,-0.0026439375,-9.79932,0.00044107955,0.00013725943,-0.00024314431
10708000,0.007473972,-0.0036605434,-9.802067,0.0006527483,0.0007458403,-0.0003020546
10712000,0.010749148,-9.161408e-05,-9.799669,2.552165e-05,0.0003838452,8.951475e-05
10716000,0.0037687453,0.001030588,-9.800777,-3.6683587e-06,-0.00081819517,-0.00015372892
10720000,-0.0024252096,-0.003389446,-9.793629,0.0005548852,-0.00090315146,-0.00055815105
10724000,-0.003855651,0.00091789075,-9.795506,0.000636529,-0.00080472726,-0.0010407942
10728000,-0.0031362344,0.004385497,-9.810507,0.00045520288,-0.0009730345,0.00033079606
10732000,-0.0007862756,-0.005565019,-9.803762,0.00011620185,-0.00035255536,0.0015758972
10736000,-0.002544169,0.0036455865,-9.794535,-0.00028707265,0.000111814195,0.0006764199
10740000,-0.0031589211,0.007978787,-9.793085,6.900988e-05,-9.3336435e-05,-0.00063449686
10744000,-0.001206459,-0.0043892204,-9.796202,0.000337426,-0.00011021214,-0.00082702655
10748000,0.000382851,-0.004887613,-9.804679,-8.465273e-05,-3.2165164e-05,0.0001296697
10752000,0.0049004857,-0.008444679,-9.804108,-8.637305e-06,-0.00019202255,0.0012103948
10756000,0.0034938927,-0.009306852,-9.801233,0.0006293012,-0.0005568298,0.000583664
10760000,-0.0006285284,0.0005989016,-9.799992,0.0011791396,0.00012706418,-0.00026893997
10764000,-0.0019688099,0.0051413276,-9.79721,0.0006054759,4.199575e-06,-0.0005777338
10768000,-0.0017043256,0.0015905277,-9.800945,-2.0172925e-05,-0.0007194878,0.00020564032
10772000,-0.0027133948,6.9128786e-05,-9.80312,0.00022856423,-0.00048931665,0.0012458795
10776000,-0.0052706944,-0.0010442273,-9.798807,0.00081079674,-0.00017905954,-0.0002790604
10780000,-0.001948073,-0.00016002466,-9.798308,0.000444927,0.0008245447,-0.0008693336
10784000,0.0018240534,0.00017941219,-9.806858,0.0007077919,0.00067805016,0.00046622148
10788000,-0.0027400302,0.001864921,-9.806931,0.00047426383,-0.00041257645,0.0011555378
10792000,-0.0076282034,0.0008966613,-9.802432,5.7286103e-05,-2.7295891e-05,0.00023401345
10796000,-0.005427617,0.0013901355,-9.799355,0.00069938943,0.00059771707,-0.00046457307
10800000,-0.0025718096,0.0021645501,-9.79343,0.00046373508,0.00019713934,-0.00014547652
10804000,0.000521892,-0.0019011495,-9.80084,0.00076243683,-6.487871e-05,0.00011711438
10808000,-0.0005745705,-0.006541739,-9.800534,0.00021547987,0.00012513067,0.0007924477
10812000,-0.001965733,0.0013504329,-9.7981415,-0.0005917087,4.3835393e-05,0.00026599903
10816000,0.0020664746,0.0021373387,-9.798969,-0.000670864,-0.00038601673,-0.00011199517
10820000,-0.0018901143,0.0004174501,-9.795225,-0.0004283941,0.00055231876,0.0008749381
10824000,-0.0033831473,0.0038356066,-9.798268,-6.14939e-05,0.00090401515,-0.00038365874
10828000,-0.0010579696,0.0083534,-9.803107,6.431427e-05,0.00042720843,-0.001172069
10832000,0.0002243476,0.009649096,-9.802986,-0.00018585271,8.2889244e-05,0.00035272594
10836000,0.002962341,-0.0034127766,-9.800798,0.00049198256,-0.0001782405,0.00019770977
10840000,-0.0010121604,-0.0020598038,-9.804549,0.0001644899,0.00061461434,0.00021516731
10844000,-0.0012941435,0.0028973753,-9.8061285,-0.0001577837,0.00024774243,0.00058872806
10848000,-0.0026160579,0.0015496048,-9.799403,0.00022757835,-0.00026975782,0.00015056765
10852000,-0.0043864613,-0.0010165494,-9.797064,-0.0006075368,0.0009649473,0.00013765733
10856000,-0.0020313282,0.0031381953,-9.7998295,0.00040887372,0.00043787435,0.000584353
10860000,-0.0010494463,0.0028936458,-9.802306,0.0007672167,-0.0009723726,0.0003455928
10864000,-0.008652014,-0.00033468616,-9.803469,0.0003078368,2.7447375e-05,-0.0007770492
10868000,-0.010823047,0.0043905615,-9.799715,-6.000454e-05,0.00056141656,-0.00043409955
10872000,0.001306521,0.002609992,-9.804747,3.47988e-05,0.0010767028,0.00032199282
10876000,0.00011923702,-0.0002768208,-9.805937,0.00040663543,0.000981085,0.00016709002
10880000,-0.010549171,0.0014492774,-9.79826,0.00025554036,-0.00030690062,2.7931686e-05
10884000,-0.004709244,0.0041981773,-9.805281,0.0008329233,-2.1363447e-05,0.00059273635
10888000,0.009091528,-0.005627285,-9.810035,0.00025336316,0.0009196913,0.00035566045
10892000,0.005595141,-0.012387774,-9.801007,-0.0012252834,0.00076692493,3.799525e-05
10896000,-0.0015221046,-0.0073641455,-9.801103,-0.0010751052,-3.2086282e-05,0.000746702
10900000,-0.0038741436,-0.012369043,-9.803896,-0.00012596602,0.0005297051,0.00084623724
10904000,0.0017328025,-0.016940895,-9.807018,0.0002231011,0.0007834047,0.00037558246
10908000,0.00097489194,-0.0105699245,-9.808632,0.0007042657,-0.0003085791,-0.00043078294
10912000,-0.00022396867,-0.00095573434,-9.799141,-9.745201e-05,0.000353057,-0.00029326405
10916000,0.006392115,0.0022301925,-9.795673,-0.000681876,0.00087959477,0.0004931406
10920000,0.00020318455,0.0024177225,-9.80113,0.00018877684,0.00029376868,4.8083057e-05
10924000,-0.0011397698,0.00019697184,-9.798149,0.0005214102,-0.00024112864,-0.0003996797
10928000,0.007535626,-0.0016183861,-9.796953,-0.0001516417,0.00030244325,-0.00053470774
10932000,0.0041302824,0.0013899859,-9.802713,-0.0012441247,0.0011113744,-0.0016916539
10936000,-0.0002542176,-0.00060201203,-9.795152,-0.0007314193,0.0011264157,-0.0017351633
10940000,0.0014961032,-0.0048864065,-9.794764,-2.924587e-05,0.0012159006,0.00023750744
10944000,0.0024208718,-0.005136834,-9.796134,0.00018169986,0.00041198594,0.00046295594
10948000,0.0028650314,-0.0037179522,-9.790703,7.134088e-05,-0.00045669693,-0.0004905118
10952000,-0.0023011384,-0.000749393,-9.789886,-0.00026952714,-0.000361841,-0.0008551955
10956000,-0.0030413063,0.00013202363,-9.792256,0.00049633015,-0.0004635494,5.3202777e-05
10960000,0.004255265,6.656053e-05,-9.801994,0.00051028596,-0.00048316782,0.0011959315
10964000,0.0017348889,0.004276905,-9.803337,-0.00012311728,0.00032546007,0.001031806
10968000,-0.0006158586,0.0070035676,-9.798688,7.58857e-05,9.267415e-05,0.00034397855
10972000,0.0019041727,0.0059502157,-9.801823,-0.00060813554,-0.00044872757,0.00037162652
10976000,0.00016553472,0.0041651526,-9.799467,5.719284e-05,-0.000563128,0.00069227297
10980000,0.002620329,0.0023746437,-9.7975235,0.001081754,-0.0002231526,0.00035485966
10984000,0.007818932,0.0041951546,-9.803686,0.0002839024,-0.00047530138,0.0006154177
10988000,0.0050409427,-0.0008789858,-9.804012,-0.00017423686,-0.00040405756,-2.0661262e-05
10992000,-0.0018202799,-0.0035814971,-9.79819,-0.00039798545,0.0001273813,-0.000504824
10996000,0.00047649647,0.0017045185,-9.798068,-0.00097065844,-0.00066987134,0.00042918173
11000000,-0.0027233385,-0.00017112464,-9.805542,-0.00020436414,-0.00096826203,0.0008139405
11004000,-0.0067163855,-0.00010411129,-9.807577,-2.6212541e-05,-0.00081624964,-0.00021600412
11008000,-0.002449879,-0.004703711,-9.80497,-0.00030667055,-0.00043833948,-0.0004903504
11012000,0.0020046642,-0.0040491046,-9.803646,0.00039434756,-4.8598544e-05,0.0001476855
11016000,0.0027882555,0.0012860064,-9.796791,0.00047137815,-0.0006615621,-0.00018421904
11020000,-0.0014418369,0.002583151,-9.795777,0.0002160544,0.00054218044,-0.00016527004
11024000,-0.0022224882,0.0026434222,-9.807152,-0.00020445272,0.0019820968,0.0010814558
11028000,-0.0024681618,0.0018813113,-9.80798,0.0005152936,0.0004130233,0.00083459174
11032000,-0.0011473898,-0.0072879,-9.8078575,0.001288211,-0.00031111334,-0.00034518202
11036000,0.0029012272,-0.0097707575,-9.80571,0.0007862256,1.8851963e-05,-0.0010409071
11040000,0.0019997687,-0.0015008826,-9.801771,-0.0001368142,0.00015602208,-0.0007810048
11044000,0.0036029515,0.00053581817,-9.805141,-0.0008279733,0.000553699,0.00058564544
11048000,0.008305714,0.004339987,-9.805899,-0.00028991734,0.000339601,2.2134505e-05
11052000,0.0041768327,0.0035187015,-9.802595,0.00077829073,0.0005683924,-0.00046566184
11056000,-0.0045100893,0.0044891792,-9.797355,0.00045490076,0.0004153717,0.00012940017
11060000,-0.004137074,0.009141917,-9.796697,-0.00031494367,0.00041082423,-0.00024255004
11064000,0.004526547,0.002822849,-9.799808,-0.00028628518,0.00065725937,-0.00095226004
11068000,-0.00021822428,-0.0018161519,-9.7962265,-0.00064591866,-0.00040394062,-0.00038330263
11072000,-0.005880486,0.001127663,-9.794302,5.834141e-05,-5.761027e-06,0.00013463655
11076000,0.0042033335,-0.0007135113,-9.801018,0.00029270025,0.00062500546,0.00042352494
11080000,0.009261284,0.0002825595,-9.800045,-0.0010918169,0.00029498545,0.0002723225
11084000,0.009143081,-0.0043892786,-9.795927,-0.0006540143,0.00077507406,0.00012353258
11088000,0.0010643716,-0.0107480595,-9.7964735,-0.0007504986,0.0003421813,0.00013792579
11092000,-0.003020464,-0.0068954043,-9.79573,-0.0010307345,0.00032528825,-0.00018821533
11096000,-0.0007151626,0.00031545974,-9.794859,-0.0003750336,0.0007165343,0.0011719356
11100000,-0.002044473,0.00020292799,-9.792704,0.00013092879,-0.0004300724,0.0013801137
11104000,0.0012777236,-0.0019401568,-9.796362,2.5405176e-05,-0.0009062091,0.00015126969
11108000,0.00095145544,-0.0008640987,-9.800264,-0.0006169173,-0.00037332822,-0.0012229907
11112000,-0.0030436888,0.0022995556,-9.801868,-0.00057392154,-5.792375e-05,-0.0015817496
11116000,0.00061473553,0.0045924694,-9.80037,0.00052466855,-0.00013309116,0.00018731701
11120000,0.00024063933,0.001989635,-9.793142,0.0003701225,-0.00047818685,0.00072839373
11124000,0.0014008381,-6.415706e-05,-9.796476,-0.0009633962,-0.0003615278,0.0003836275
11128000,0.006724442,-0.00049428,-9.80271,0.0002980832,0.00018164283,0.0006202577
11132000,-0.001261442,-0.0034361463,-9.804167,0.0011301043,-0.0004876694,1.262471e-05
11136000,0.004711997,-0.0069251885,-9.799616,0.0006241387,-7.197776e-07,-0.001073779
11140000,0.0050140675,-0.004676612,-9.795774,0.0008031964,0.00047964323,-0.0015639121
11144000,-0.0020247484,0.0003645167,-9.795027,0.00046326607,-0.00027757775,-0.00014302394
11148000,0.0012593686,0.0029245226,-9.789173,-0.00011764853,0.0003042945,0.00028406733
11152000,0.007540536,-0.0024079198,-9.794018,-0.00058469124,0.00059155986,-0.00066520605
11156000,0.0076593915,-0.0033151843,-9.800151,-0.0005913824,0.0008137488,-8.9231966e-05
11160000,0.0016032985,0.002355271,-9.796211,-0.00021504227,0.00038194444,-0.00022627153
11164000,-0.0006298857,-0.002183566,-9.797315,0.00020438217,-3.3901328e-05,-0.00046164604
11168000,-0.0027727424,-0.002891672,-9.796324,0.0005865254,0.0001108417,-0.00023769509
11172000,0.0031166296,0.0042746477,-9.79694,-0.00016249872,0.0007277806,0.0007491222
11176000,0.0021151851,0.0023913155,-9.79476,-5.2515374e-05,0.0009694247,0.0015353789
11180000,-0.00060345733,-0.000545934,-9.79579,-0.0001023746,0.00072217116,0.0010493458
11184000,0.0012088992,0.0030875737,-9.806101,-0.00036564702,0.00051054993,-0.00023452844
11188000,0.0019577001,0.0019807825,-9.802369,0.00035653534,-0.00027298892,-0.0009891563
11192000,0.004686987,-0.0032298092,-9.805622,0.00023312529,-0.00043472787,-0.00028227997
11196000,0.008370455,-0.0035497313,-9.807053,0.00036277177,2.76285e-05,0.00072197756
11200000,0.007338033,-0.009426916,-9.796958,0.00020966807,2.9624682e-05,0.0010670784
11204000,0.0055970643,-0.0076662553,-9.798712,0.00020335779,-0.0001377456,-0.00017220296
11208000,0.0041563245,0.0018004617,-9.802538,0.0003392256,0.00032187207,0.00018701518
11212000,0.00038110436,-0.0034200845,-9.7982435,0.0005921508,0.0009133561,0.0008085188
11216000,0.00083464454,-0.005371039,-9.800076,0.00085180806,0.00048073253,0.00015329751
11220000,6.243517e-05,0.0009932028,-9.800772,0.00070939097,-0.00043481227,-0.00022779757
11224000,-0.001483635,0.0035979324,-9.795816,0.00073265214,-0.000412862,0.00061825826
11228000,-0.0051724724,-0.0020658218,-9.803096,0.0010080669,-0.00083949056,0.0008048378
11232000,-0.0058076647,-0.0010572216,-9.806391,0.00049095455,-0.0009157268,0.0001309525
11236000,-0.003266845,0.0014904013,-9.802296,-4.2156797e-05,0.00042244946,0.00058213173
11240000,0.0014113323,-0.0073259,-9.805644,-0.00039053572,0.00085710554,0.000340218
11244000,0.0015513177,3.5816603e-05,-9.806692,-0.000715821,0.0002842588,0.00019767456
11248000,0.0005751536,0.0070183496,-9.801546,-0.00014020916,-1.1097122e-05,0.000101151796
11252000,0.0030787438,0.0032993632,-9.796717,-0.00065371505,0.0005332706,0.0001746695
11256000,-0.0030813077,0.002173973,-9.792133,-0.00012246467,0.0014922153,0.00084543094
11260000,-0.0055739544,0.001596937,-9.789299,0.00024198655,0.0014154133,-0.00039858677
11264000,0.0039374456,0.0006645444,-9.7898445,-0.00054673915,0.0005827158,-0.0015116493
11268000,0.0032054058,0.0021621452,-9.793644,-0.00021262796,0.00033795615,-0.0006296429
11272000,-0.0011379799,0.00695563,-9.795117,-0.0005332584,0.0004111126,-0.00019326562
11276000,-0.0007267371,0.005308914,-9.79839,6.247841e-05,8.941887e-05,-0.00017761151
11280000,-0.0003944119,0.0006728619,-9.797631,-8.3141575e-05,-0.00034740422,0.0005274251
11284000,0.0010280118,0.00079829816,-9.79579,-0.0012114688,0.0004802825,-0.00021589616
11288000,-0.0050890143,-0.0011039127,-9.7965555,0.0003768251,0.00043515975,-0.0012029613
11292000,-0.0048369877,-0.0069604074,-9.795397,0.0010191988,7.126759e-05,0.00027497724
11296000,-0.0043357937,-0.0083357785,-9.800644,-0.00017306203,-2.5667521e-05,0.00078244135
11300000,-0.0019757424,-0.010428904,-9.803533,-0.00094935554,-0.00052294764,0.00050390244
11304000,0.0010631524,-0.0036915278,-9.795897,-0.00088922185,-0.00067459646,0.00014517222
11308000,-0.006003631,0.0017630256,-9.793804,1.479515e-05,-5.1054616e-05,-0.00095341017
11312000,-0.0038306338,-0.004125132,-9.803227,0.0008436181,0.0008689661,-0.0012680771
11316000,5.9354126e-05,-0.005202909,-9.806948,-0.0003380988,0.00047123342,-0.0006873354
11320000,2.447167e-06,-0.00059454056,-9.803633,-0.0009977667,-0.0002483219,-0.0010295686
11324000,0.0050410875,-0.0009808544,-9.807011,0.0002838225,-0.0005692991,-0.0016417252
11328000,0.007055096,-0.0013488978,-9.800221,0.0007368463,-0.0003581985,-0.0019534007
11332000,-0.000101925354,0.0013692116,-9.800449,0.0011296031,-3.7048372e-05,-0.0015550104
11336000,-0.0050235027,4.533032e-07,-9.804855,0.00079475984,-0.00020568285,-0.0005472284
11340000,-0.0014045036,0.001794868,-9.798803,-0.00019185319,-0.00040418925,0.000100439414
11344000,-0.0006484446,-0.0037919832,-9.802044,-0.00041105898,-0.00067088107,0.000764193
11348000,-0.00051460054,-0.005069115,-9.806431,2.2266855e-05,-0.00020167792,0.00045964768
11352000,-0.0050485623,-0.0026639015,-9.800454,0.00030751553,0.00034591297,-0.00022130081
11356000,-0.003585878,0.00065020384,-9.793324,0.0004239208,-0.00026677814,-0.00036485316
11360000,-0.0020646162,0.00096174335,-9.797806,0.0006614371,0.00038126708,0.00051886035
11364000,-0.009020343,-0.004245634,-9.797393,-0.00034719874,8.184981e-05,0.0005803509
11368000,-0.0051177456,-0.00075379165,-9.803606,-0.0009283883,-0.00030150116,-0.00067343196
11372000,0.008293405,-0.00046098322,-9.807217,-0.00029917443,0.00047977574,-0.0003779771
11376000,0.01117586,0.0015717564,-9.799642,0.00014802854,1.872624e-06,0.00017800946
11380000,0.006527934,0.0055484534,-9.802559,-0.00013103137,-0.00090004446,-0.00049831596
11384000,0.008585253,0.0032702107,-9.803965,-6.820937e-05,0.00038980518,-1.7769943e-06
11388000,0.0046890085,-0.0018904859,-9.798668,0.00036242485,0.0011594974,0.0009922697
11392000,-0.0011888668,-0.0041351984,-9.802385,7.201649e-05,0.00016776906,0.00040607547
11396000,-0.0064398283,0.0025959495,-9.80872,2.672297e-05,0.0004432839,0.0003975226
11400000,-0.0051417667,0.0042842645,-9.8041115,0.00032969285,0.00054370397,0.0017840681
11404000,0.0012612342,0.0007733827,-9.803747,-4.9120626e-05,1.3980369e-05,0.0007436816
11408000,-0.0024245526,-0.0010482254,-9.803768,-6.007961e-05,0.00013189139,-2.9392922e-05
11412000,-0.0057731615,-0.0014137869,-9.79835,0.0006395562,0.00030853946,0.00054882845
11416000,-0.002644379,-0.006327177,-9.795606,0.00046767853,0.0008554796,-0.00037180955
11420000,-0.0018672742,-0.007782157,-9.793619,-0.000304596,0.00069160433,-0.0003751438
11424000,-0.0018437124,-0.004500579,-9.789697,-0.00096611714,-0.00073563907,0.000855734
11428000,-0.0014617988,-0.0055337693,-9.791235,-0.00052005297,-0.00059783855,0.0016390003
11432000,-0.005608719,0.00051134446,-9.798393,-0.00031173116,-0.0005184714,0.00028087615
11436000,-0.0063269306,0.0004516484,-9.793003,0.0003275481,8.197539e-05,-0.0006744106
11440000,-0.0060898117,-0.0036368677,-9.786507,0.0009910146,0.00041393226,0.000110057415
11444000,-0.0029264293,-0.0029727581,-9.78833,0.00026378664,-0.00056545425,0.00042602082
11448000,0.0011898455,-0.0026481622,-9.789816,-0.0002951274,-0.00032037703,0.00032946104
11452000,-9.3890165e-05,-0.0059959264,-9.798954,-0.0002957024,0.0009090246,-0.00018000086
11456000,0.001414423,-0.004107366,-9.804327,0.0004908099,0.0011374723,-2.610961e-05
11460000,5.2979456e-05,0.0053601298,-9.803858,0.0004414578,0.0004430858,0.0001699884
11464000,-0.0025661276,0.009608814,-9.797792,0.00025398404,0.00043045546,-0.0004248094
11468000,-0.002858526,0.00051729113,-9.796217,0.00032840524,0.00021737046,7.2011295e-05
11472000,-0.0022599357,-0.010470369,-9.799013,-0.00011704468,-0.00031967874,0.00074626773
11476000,-0.0028314276,-0.007673286,-9.804232,0.00086819526,-0.00013110899,-3.746661e-05
11480000,-0.0040715165,-0.0019526058,-9.803992,0.0013304097,0.0004576238,-0.0002915691
11484000,0.0017603157,0.0022763675,-9.798033,0.0005040408,0.0007778094,0.0006676977
11488000,0.0075330697,0.0016926574,-9.799746,-0.0006747959,1.850543e-05,0.00081559893
11492000,0.0020634355,-0.003820453,-9.798561,-0.0005662994,3.1269412e-06,0.00044280384
11496000,0.0001441449,-0.008596403,-9.796257,0.00079406,3.1502797e-05,0.00079518295
11500000,-0.00087889784,-0.0097449375,-9.798288,0.00057387765,-0.00027029656,0.0012228295
11504000,-0.00851827,-0.002927142,-9.797537,-0.000675742,0.0003270471,0.0007895384
11508000,-0.007743666,0.0050997953,-9.799841,-4.972102e-05,0.00020872804,0.0002121754
11512000,-0.0025526022,0.0017274953,-9.799308,-7.377024e-05,-0.00048101798,0.00025636182
11516000,-0.0036479046,-0.0038991065,-9.795631,-0.0014791997,-0.00035192637,0.00010525831
11520000,-0.0012555651,0.0023725505,-9.7981205,-0.0004413869,-0.000421901,0.00029531846
11524000,0.0020782994,0.0012176172,-9.801081,0.00019093878,-0.0014573511,0.00042226692
11528000,0.0031742833,0.00044864346,-9.804194,0.00091451424,-0.0007908469,0.00011203841
11532000,0.0034109876,0.0026336578,-9.801513,0.00060620724,0.0005539408,-0.00018654962
11536000,-0.0016287545,-0.0025653061,-9.797197,2.817276e-05,-0.0002076399,-0.0006336682
11540000,-0.0015790841,0.009748722,-9.798555,0.0012038922,-0.0004969353,-0.00031109632
11544000,-0.0034954175,0.008513709,-9.8062935,0.0010094866,0.00048115014,0.00013949828
11548000,-0.008375209,0.0022842197,-9.803493,4.960128e-05,0.00042927585,0.00116845
11552000,-0.002802678,0.003474807,-9.7959,-8.625077e-05,0.0001627622,0.0012174331
11556000,0.0044501107,-0.005022637,-9.797079,-7.740286e-06,0.00051578647,1.3501802e-05
11560000,0.0014576144,-0.0017702724,-9.80345,-0.0008795984,0.0011000726,-0.00032591773
11564000,-0.0039764065,0.0016606422,-9.804285,-0.0008128328,0.00088797533,0.0002458992
11568000,-0.0035475572,0.004231991,-9.80214,-0.00043147444,-0.00010577405,9.3323986e-05
11572000,-0.0007726765,0.0060678106,-9.7970705,4.4705823e-05,-0.0002672915,9.479375e-05
11576000,-0.0029493428,0.0060960753,-9.795735,0.00020464424,-0.000110884284,0.00015200635
11580000,0.0001168796,0.005156522,-9.801893,-3.483096e-05,-0.00028853325,-0.0004546054
11584000,0.0020741315,-0.0050335866,-9.805128,0.0005004056,-0.00020393373,-0.00070048904
11588000,-0.008498184,-0.00737469,-9.807241,0.000286952,0.0005918405,-0.00011416693
11592000,-0.0015973337,-0.0024363033,-9.79999,0.00040505035,0.00087933603,0.0005644375
11596000,0.004811147,0.0021437893,-9.796396,-0.00013057953,0.0010880113,0.00065450097
11600000,0.0029288407,0.0025669797,-9.801328,-0.0011105454,0.0010087512,0.0010967568
11604000,0.007416131,-0.0009809977,-9.796437,-0.0010652608,0.0003502427,0.0013106308
11608000,0.0024726102,0.00090102124,-9.794612,-0.0010349166,6.9246926e-05,0.0009009466
11612000,-1.9615982e-06,0.00036579557,-9.802271,-0.0012728347,0.00039328265,0.00037353876
11616000,-0.0006673075,0.0009820244,-9.804281,-0.0010059834,0.00040380284,0.0004969964
11620000,-0.0020042541,0.0063955756,-9.803181,-0.0013130683,-0.0005018783,-3.225532e-05
11624000,-0.0063768355,0.0066445875,-9.8023205,-0.0009784831,-5.8298705e-05,-0.0004890695
11628000,-0.0066109374,0.001640705,-9.802126,-0.0001449988,-0.00017063969,-0.00022316707
11632000,0.002131445,0.0013984988,-9.800093,-0.00020485064,-0.0003809982,-0.00014310665
11636000,0.008287597,0.0035788058,-9.79938,-0.00061479135,-0.00020455247,-0.00043444306
11640000,0.0015508202,0.0068487814,-9.802045,-0.0014935423,-0.0005151034,-0.0011941672
11644000,-0.004872013,-0.00034706655,-9.799093,-0.0005684593,-0.0007209565,-0.00016047216
11648000,-0.0017556474,-0.0068113795,-9.794472,0.0006290712,-0.0003656059,0.0010634473
11652000,-0.0012851662,-0.0036259172,-9.800615,-0.00011210868,0.00048570827,0.00086994586
11656000,7.5584816e-05,-0.0035038183,-9.805172,-0.00077894947,0.0005071591,0.00014366201
11660000,-0.0013067946,-0.005386159,-9.800072,-0.00065128924,-0.0001375675,-0.00024632123
11664000,-0.003986248,0.0026556242,-9.803431,-0.00059705647,-0.000511459,-0.00048311352
11668000,0.003413173,0.0054313545,-9.80307,-0.00026105202,7.639632e-05,-0.0003351163
11672000,0.009740214,0.0030951565,-9.799747,-0.00045778343,5.86541e-05,0.0010308535
11676000,0.0021034016,0.006858799,-9.803326,-0.00044612767,-8.412075e-05,0.00060821365
11680000,-0.0004587599,0.0019285117,-9.800574,-0.001045509,0.0007416812,-0.0004887575
11684000,0.0010243842,-0.0010151655,-9.797678,-0.0014559336,0.0011140977,0.00024126902
11688000,-0.0006957296,0.0030785932,-9.795453,-0.00061258103,-2.306701e-05,-0.00029146555
11692000,0.00082403905,0.0051819216,-9.793063,-4.46125e-05,-0.00021896054,-0.0012640364
11696000,0.003155801,0.0017480718,-9.795088,-0.00016165857,0.00014436025,0.00031828973
11700000,-0.0024846247,0.0018216647,-9.796948,0.0004051392,-0.00015694233,0.0009643189
11704000,-0.010517202,0.001092388,-9.800676,0.00040840352,0.0004833941,-0.00026400192
11708000,-0.0063147843,-0.0023273039,-9.801552,4.4769044e-05,-0.00053200545,-0.00032413882
11712000,-0.0019841928,-0.0002737603,-9.798122,0.00017097134,-0.0011729916,-0.00016835507
11716000,-0.0029132818,0.005113514,-9.794678,-0.0002110255,-0.0007547878,0.00023577055
11720000,-0.000359905,0.004366894,-9.800584,0.0005724699,-0.0011376516,0.00013020741
11724000,-0.00022675851,0.0021396321,-9.805218,0.0010755691,-0.0006944,-0.00061866635
11728000,-0.0043041743,0.0074493093,-9.802022,0.00030808416,0.00030782336,-0.0003996088
11732000,-0.0017804157,0.0028383962,-9.797894,0.0002417977,0.0002060718,-1.3741856e-05
11736000,0.004975673,-0.010217437,-9.796005,0.00059325324,-0.0005770059,-0.0001352555
11740000,0.0032458592,-0.0048052096,-9.795401,0.0008391436,-0.00061124744,-0.0011509956
11744000,0.00019101918,0.010069762,-9.80217,0.00048619858,0.00014781229,-0.0010659721
11748000,0.0061613903,0.0044356864,-9.807184,0.00038310647,0.0003243402,-0.0002044293
11752000,0.002534134,0.0037686408,-9.806408,0.0008878112,0.0004273129,-0.00080363994
11756000,-0.007712583,0.009981048,-9.810403,0.00014874878,0.0007415956,-0.0007983136
11760000,-0.004637248,0.0010058258,-9.804634,0.00029886368,-1.9281102e-05,0.00079696643
11764000,0.0042323214,-0.0007309095,-9.796442,-0.00016169832,-4.1102918e-05,0.0017408393
11768000,-0.00059596077,0.0013545551,-9.795794,-0.00032329993,0.00044107102,0.00093965075
11772000,-0.002072427,0.0014562686,-9.801298,0.0006467392,0.0006196337,0.00024408374
11776000,0.006406743,0.0072780596,-9.800323,0.000284049,-0.00057862914,-0.00015107729
11780000,0.005747802,0.0068990714,-9.796345,-0.00034871307,-0.0013934581,-7.164886e-05
11784000,0.004035795,-0.0052329176,-9.805122,0.00017467503,-0.0009079454,0.0003764092
11788000,0.0006758702,-0.003011408,-9.809826,6.877577e-05,-0.0010982548,0.00036958378
11792000,-0.0018134168,-0.00025675443,-9.807917,-0.00093342055,-0.0014532775,7.565615e-05
11796000,0.0016676201,-0.004199612,-9.807381,-0.0011835814,-0.000357212,2.575599e-05
11800000,0.005043897,-0.0028210816,-9.802681,-0.0013070304,0.0007430724,-0.00037534875
11804000,0.0005850309,-0.002436141,-9.797941,-0.0008488134,-0.0004074985,-0.0010436611
11808000,-0.0018432671,-0.0005045177,-9.801008,-0.00013351132,-0.0003680159,-0.00070575794
11812000,0.008188598,0.0070473114,-9.802124,-0.00015178023,0.0012901316,-0.00055076205
11816000,0.009475061,0.0048051756,-9.792126,-0.00030312195,0.0006476807,-0.0005392038
11820000,0.004615261,-0.0033380336,-9.781341,-0.0002913328,-0.0010361251,-0.0012425763
11824000,0.007449756,-0.00020503969,-9.789949,-0.00036665393,-0.00060439843,1.5124835e-05
11828000,0.0015777659,0.0007449565,-9.800299,0.0001963633,1.0978672e-06,0.001567909
11832000,-0.003440837,0.00089493825,-9.800451,0.00016909142,-0.0002529341,0.000110811954
11836000,0.00077527424,0.0015381116,-9.797655,-0.00043089566,-0.00016733953,-2.6191405e-05
11840000,0.0029629008,0.00055958773,-9.796498,-0.00019899032,-6.574162e-05,0.00060783187
11844000,0.010721584,9.183296e-07,-9.802658,-0.0006319139,0.00028082065,0.0007950784
11848000,0.0028379776,3.0168756e-05,-9.801725,0.0007403111,0.00026960764,0.00016061445
11852000,-0.011330763,-0.0014449991,-9.799995,0.0016960449,1.7316313e-05,-0.00031744546
11856000,-0.00034612702,-0.004639209,-9.796722,0.0009574787,-5.0249528e-05,0.00012663958
11860000,-0.001226329,-0.000575744,-9.797818,0.0012077035,0.0003556984,-0.00083643047
11864000,-0.0023715931,0.0027973608,-9.801073,0.00087443093,0.0008117874,-0.0004927888
11868000,0.003346397,-0.0043190233,-9.79702,0.00075246464,0.0001244146,2.0086381e-05
11872000,0.0012458415,0.0005847049,-9.794628,0.0013786217,0.0003727308,-0.00022091428
11876000,0.0016638989,0.011066643,-9.797195,0.0006288739,0.0007847562,-0.00016163675
11880000,0.0036695753,0.006150722,-9.802969,-0.00075528666,0.0005396501,0.00027471117
11884000,0.0014252267,-0.004619493,-9.802061,-0.000862504,-7.524907e-05,-0.0005749777
11888000,-0.0011108471,-0.0021506576,-9.797934,-0.0007303511,-0.0006052639,-0.0010133091
11892000,0.002498737,-0.002216571,-9.796692,0.00024363723,-0.00027016425,4.686874e-06
11896000,0.00088435865,-0.009034835,-9.798049,0.0009490459,-0.00019135817,9.890472e-05
11900000,-0.0005511647,-0.0026228717,-9.800983,0.00055765227,-0.0010074254,-0.00078234746
11904000,0.008930832,0.003516134,-9.806379,-0.0002795785,-0.00056712213,-0.00074600213
11908000,0.011539349,-0.00024483964,-9.803288,-0.00024605368,0.00018655404,-1.9442281e-05
11912000,0.0006738467,0.0036185987,-9.795248,0.00016708208,4.843736e-05,-0.00042946814
11916000,-0.00279178,-0.00044057376,-9.796076,-1.5032546e-05,-0.00026829363,-0.0004719843
11920000,-0.007129379,-0.004571609,-9.795256,0.00041751403,0.00063129124,-0.001194672
11924000,-0.0038827262,0.0037178523,-9.796881,0.0011448705,0.0011302734,-0.0016185759
11928000,0.0049187513,0.0026828696,-9.801209,0.00020058602,-0.0005980722,-0.00021305108
11932000,0.0037340883,0.0005608767,-9.807918,-0.0001324643,-0.0005638267,-6.764736e-06
11936000,0.0032728603,0.0043083564,-9.8083515,0.000360021,-0.0008633463,-0.0007939974
11940000,-1.9674659e-05,0.007146556,-9.799992,0.00020946014,-0.00037018085,0.00023941479
11944000,-8.075731e-05,-0.002893501,-9.793058,0.0006927034,0.0015530438,0.0016485403
11948000,0.0044053076,-0.0112874685,-9.79258,0.0002950821,0.001483407,0.0011283308
11952000,-0.0023938718,-0.0026563373,-9.8012085,-0.00035827322,0.0009895012,0.00011382926
11956000,-0.007829492,0.0015627986,-9.797506,-0.000304836,0.00019161556,-0.0003065108
11960000,-0.002904563,-0.0007280128,-9.796459,-0.00044186285,0.0005692585,0.00013910719
11964000,0.00016866748,0.0021534853,-9.801844,-0.0001442146,4.8210295e-05,0.00028597942
11968000,0.00051018083,0.0027007766,-9.797527,-1.6445589e-05,-0.0008381875,0.00041872793
11972000,0.0004669381,0.0011061043,-9.790014,-0.00091538084,-0.0004116469,0.0004832744
11976000,-0.0058228183,-0.0035721278,-9.790974,-0.00041268044,-0.0010903861,-0.00040280676
11980000,-0.009012388,-0.0015502805,-9.7992325,0.0008552612,-0.0006090286,-0.0004700643
11984000,0.002701062,0.0013882542,-9.803337,0.0010614793,0.0004463146,-0.0009901385
11988000,0.008646974,0.00034114334,-9.80554,0.00064499053,0.00093492924,-0.0012308487
11992000,0.006833996,0.0022815135,-9.799326,-0.00058317423,0.00048980414,-0.0007248688
11996000,0.0026382452,0.0012346241,-9.798189,-0.00057547324,-0.000102983715,0.00019803186
12000000,-0.00025405432,-0.0006683821,-9.805878,0.00024881214,0.00035219846,0.0013384644
12004000,-0.00020162028,-0.002144732,-9.805977,0.00011862428,0.0006026677,0.00067897904
12008000,-0.0015551853,-0.004860835,-9.80012,0.00069545157,-0.0004991659,0.00018242265
12012000,-0.003088918,-0.0052247387,-9.79154,0.0014186497,-0.00036798939,0.0005617198
12016000,-0.006432093,-0.0034005658,-9.788424,0.0018210236,0.00021892105,0.00040509924
12020000,-0.0041293805,-0.0073308526,-9.792616,0.0011623282,-2.725801e-06,0.00047548293
12024000,-0.002503228,-0.0036692705,-9.795935,-0.00061174406,6.0536207e-05,0.0004701933
12028000,-0.0018594762,0.00016548992,-9.800841,-0.0017307088,-0.0004993732,0.000911347
12032000,-0.00054584036,-0.00774191,-9.804829,-0.0016101291,0.00040703316,0.0006856856
12036000,0.00028475828,-0.008460852,-9.80693,-0.00068153924,0.0013647553,0.0004564202
12040000,-0.0033810858,-0.0035214666,-9.80595,-0.00016991755,0.0009137179,0.0005694389
12044000,-0.008733941,0.00084859907,-9.799295,-0.0002552748,0.00049110776,0.0001643887
12048000,-0.004357119,-0.0018170942,-9.795858,0.00045662897,-0.0005101752,7.72723e-05
12052000,-0.0029805577,0.0031797194,-9.802282,0.00091007585,-0.0010595893,7.992718e-05
12056000,-0.002597783,0.004162631,-9.802653,0.00027283828,-0.00035560518,1.6397616e-05
12060000,-0.0016147897,-0.006955614,-9.799467,-0.00017926717,0.00026604478,0.0002010045
12064000,-0.0018042098,-0.004066435,-9.80063,0.00026789738,-0.00024792404,0.0008989709
12068000,-0.0020232415,-0.0014540091,-9.804085,0.00013922922,-0.0008448024,0.00170532
12072000,-0.007608148,0.0013230556,-9.802164,9.9525794e-05,0.00029018137,0.0013002411
12076000,-0.005022598,-0.0002638494,-9.8010025,0.00058494264,0.0006707887,0.0009320739
12080000,-0.0018665153,-0.0010105154,-9.800318,0.00014672992,6.831846e-06,-0.00016627475
12084000,0.0018549543,0.005236193,-9.792604,-6.162473e-05,-0.000767968,4.7596062e-05
12088000,0.0070505203,0.00391641,-9.797785,-0.00010988475,-0.0009811743,0.00086313684
12092000,0.007971803,0.0018339027,-9.795872,-0.00066278275,-0.00037192416,-0.00024634151
12096000,0.00470087,-0.0005968576,-9.786379,-0.00063164433,0.0005857129,-0.00039432026
12100000,-0.0033961309,-0.0033707507,-9.790509,0.0002568411,0.00048464374,-0.0008257521
12104000,-0.0013889851,-0.0007111374,-9.799858,-0.0009920223,0.00044267572,-0.0007405084
12108000,0.0063468106,0.0031285302,-9.800303,-0.0019583788,0.0010331556,-0.0001494376
12112000,0.0137152765,0.00012825726,-9.800783,-0.0005256527,-0.00061379134,-0.00013569678
12116000,0.012311399,-0.00081461796,-9.804404,0.00051794987,-0.0010222915,-0.0010664421
12120000,0.007392958,-0.0020800077,-9.8040695,0.00014075906,0.00015710754,-7.291375e-05
12124000,0.005016788,-0.0023744886,-9.7988205,0.00020221391,0.0007142464,0.00090472656
12128000,-0.0045993,0.0013668492,-9.796498,9.736714e-05,0.0014728428,0.00040565582
12132000,-0.0005480121,-0.00038794935,-9.794336,-0.0008021082,6.828519e-05,0.000846807
12136000,0.0049364977,-0.00041519193,-9.791968,-0.0010882266,-0.0011350511,0.00042053006
12140000,0.0007802027,-0.0020248033,-9.799259,-0.001224395,-0.0008076686,0.00025813695
12144000,0.00023880451,-0.00012436185,-9.805288,0.00019069042,-0.00038171816,0.000297012
12148000,-0.00044813156,0.005141822,-9.802153,0.00074448774,0.00036503395,-2.0254867e-05
12152000,0.00031107914,0.005024212,-9.805517,0.00011007391,0.0006443964,-0.00010136138
12156000,0.0020569323,0.0035951687,-9.806746,0.00053229457,0.0005218523,-0.00024076186
12160000,0.005639495,0.009124493,-9.8009405,-0.00042362316,-1.5507941e-06,-0.00025553405
12164000,-5.2024152e-05,0.0099379765,-9.80364,9.096715e-05,-0.00033633903,0.00021553633
12168000,-0.014918929,0.0028793472,-9.805911,0.0012921749,-0.0011042337,0.00056720834
12172000,-0.008185271,-0.0012927683,-9.798084,-2.5238862e-06,-0.00043093157,-9.072335e-05
12176000,0.0016948597,-0.0069526536,-9.797741,-0.0004548959,0.00043585987,0.0005604532
12180000,-0.001193454,-0.0013770321,-9.799341,1.2080271e-05,0.0005867909,0.0013332919
12184000,0.000907008,0.0062939865,-9.792069,-0.00026450513,-0.0004284333,0.00010561409
12188000,0.0031106737,0.0026308456,-9.803467,-0.00075657986,-0.0011714974,7.1671995e-05
12192000,-0.0027488216,0.002797636,-9.807772,-2.4981282e-06,0.00039227173,-0.00024619888
12196000,-0.0073339157,0.0042960797,-9.801781,0.0003124668,0.00039367893,-0.0005452112
12200000,-0.009128366,0.00052901,-9.804058,0.00021912773,-0.00018737702,0.00027502453
12204000,-0.009629429,0.00089935237,-9.801331,0.0010723656,0.0001279156,-0.00028460138
12208000,-0.0034488423,-0.0022822763,-9.795431,0.0007687954,0.0002955428,-0.00046065784
12212000,0.0005771117,-0.0026648417,-9.7955265,-0.00029848458,0.0010080222,0.00055163534
12216000,-0.0030810847,7.0702525e-05,-9.798977,0.00060174364,0.001085564,0.00094526587
12220000,-0.011674259,-0.0012157517,-9.804306,0.00020029089,0.00072937954,0.0002922613
12224000,-0.009818453,0.00019080783,-9.803509,-0.00067758845,0.00046964246,0.00016366178
12228000,-0.0023580156,-0.0018833106,-9.80357,8.8857996e-05,-0.00026027273,0.0004385568
12232000,-0.007848083,-0.00582245,-9.79925,0.00016662822,-7.9934114e-05,0.00024566066
12236000,-0.006541373,-0.01173674,-9.791124,-9.297789e-05,0.00046052062,-0.00039024174
12240000,-0.0052920366,-0.009708073,-9.802277,5.311295e-05,-0.00021504288,0.00015191527
12244000,-0.003561078,-0.004117909,-9.799643,0.0005624691,-0.00025622357,0.0011159033
12248000,0.0067148637,-0.002566943,-9.797823,9.0822614e-05,0.0012199341,0.0012296255
12252000,0.003114203,4.179051e-05,-9.8006525,0.0003127225,0.0014544097,0.00082543766
12256000,-0.0013775807,0.0019405473,-9.791225,0.0011880102,4.2293927e-05,-0.00043196342
12260000,-0.0014177015,0.0014354741,-9.79344,5.0865615e-06,-0.0009844457,-0.0005039291
12264000,0.0001590889,-3.1627413e-05,-9.792501,-0.0006416333,-0.00066955393,-0.00031614144
12268000,0.00205896,-0.00039317115,-9.787985,0.00020580167,-0.00010449916,-0.000557131
12272000,0.0025184175,0.0033571483,-9.797369,-0.0002442707,0.00068418845,0.0003046907
12276000,0.0004448442,0.0008638811,-9.800777,-0.00042107602,0.0008481111,0.00036900543
12280000,0.003092279,-0.007990118,-9.796801,-0.00052856404,0.00046051308,0.00064170826
12284000,0.004438693,-0.007987504,-9.793153,-0.00060367765,-0.0006084094,0.00029078836
12288000,-0.0011480311,-0.007882261,-9.795624,-0.0003735035,-0.0012333464,-9.141346e-05
12292000,8.134451e-05,0.00088497135,-9.801266,-0.00068469776,-0.00026068545,0.00032720892
12296000,0.002253038,0.0074847243,-9.798663,-0.00011379603,0.0012452839,0.00021853633
12300000,-0.002012032,0.0037792877,-9.800314,0.0007600387,0.00054789137,0.00058537757
12304000,-0.009075338,0.0046347734,-9.804546,0.0011267678,-0.0004044044,2.5541063e-05
12308000,-0.00467366,-0.0019986539,-9.797308,0.00097694,-0.00014183052,-9.818453e-05
12312000,0.00037127308,-0.0033414878,-9.796883,0.0004512537,-0.0006082726,-0.000108351654
12316000,0.0021619406,-0.0032893966,-9.801685,0.0003674598,-0.00015657042,-0.00015948265
12320000,0.0061042896,-0.0037224449,-9.796771,1.7651559e-05,-0.0002228011,-0.00043085974
12324000,0.003927818,0.0011739329,-9.798893,-0.00013494454,-0.0005100887,-0.00012614194
12328000,-0.006785199,0.0048983744,-9.80352,-0.00030073465,0.00013817074,-0.00018598395
12332000,-0.0032229694,0.0036993602,-9.801567,0.00020114052,-0.00010670282,-0.0008075314
12336000,0.0035082663,-0.0002619702,-9.80084,0.0006682139,-0.00059345434,-0.00038754157
12340000,-0.0010021154,-0.0077856393,-9.799261,0.00059945503,-3.154316e-05,-0.0005624847
12344000,0.0023143422,-0.0061533744,-9.79714,0.00014828933,0.00014632482,-0.00088817655
12348000,0.0021859747,0.0024488075,-9.802083,0.000142404,0.000582337,0.00017127952
12352000,0.00026275753,0.002743316,-9.803861,9.273823e-05,-5.392219e-05,0.0010198224
12356000,0.0012095908,0.00032837578,-9.794851,0.00014540828,-0.00037991686,-0.00034926657
12360000,0.0028583212,-0.005251571,-9.787687,0.00057079305,-6.214683e-05,-0.0008981303
12364000,0.0023399103,-0.006256321,-9.796988,8.843067e-05,-0.00056131696,0.00015503903
12368000,-0.0012840418,0.0010664844,-9.802048,-0.0006146326,0.00017138824,0.0008770338
12372000,-0.005262038,0.0042447797,-9.801514,-0.000862049,0.0002396243,0.00022767819
12376000,-0.0046504484,0.00040499287,-9.805353,-0.00027740208,-0.000106394284,0.0004643402
12380000,0.0004822266,0.004345967,-9.80935,9.0227375e-05,-0.00079972687,0.00028428528
12384000,0.0011288789,-0.0013661907,-9.803915,0.00012165789,-0.0011597628,-0.00033044367
12388000,0.0026616466,-0.00758265,-9.798671,0.0003075723,-0.0009248546,0.00051438576
12392000,0.00031083962,-0.0031294294,-9.801413,0.0007065975,-0.00057264994,0.00087932945
12396000,-0.001233612,0.0014688924,-9.797995,0.00079399854,-0.00037628977,0.00027966226
12400000,-0.00074313843,-0.00070236577,-9.795073,0.0008253082,-0.0007595495,-0.0007750914
12404000,-0.003518478,-0.0066318265,-9.792465,0.0008954693,-0.0005204828,-0.0012065007
12408000,0.0005741178,-0.009490832,-9.791617,0.00017748644,-0.00010356193,-0.00048316355
12412000,0.0019312897,-0.0013150303,-9.792816,-0.0003410793,0.00023501996,0.0009057659
12416000,0.0059806756,0.009264003,-9.794665,-4.427092e-05,0.0008199934,0.0006923439
12420000,0.0029795677,0.005690935,-9.799606,0.0010008789,0.00075166416,-0.00030763814
12424000,-0.0047767027,-0.0027317598,-9.805611,0.0008507056,-0.00051153044,-0.0002484178
12428000,-0.0011734115,-0.00066578324,-9.806678,0.00021813046,-0.0004399886,0.00043865448
12432000,-0.0006342365,0.0055136164,-9.805841,0.0002184264,-0.000119144875,0.0003501541
12436000,0.002965934,0.0102494275,-9.805426,0.00052423024,-0.00030929275,-0.00038491483
12440000,0.0027883705,0.008250201,-9.802301,0.001272875,-0.00023356972,7.617945e-05
12444000,-1.2186007e-05,-0.0030457373,-9.797917,0.0008156111,0.00010392742,0.00024098881
12448000,0.0074845254,-0.0035864739,-9.793827,7.05332e-05,0.00016794215,-0.00062298414
12452000,0.006379187,0.0010268595,-9.799994,-5.1113595e-05,-0.0004707319,-0.0016723862
12456000,-0.005279702,0.0010147983,-9.802568,0.00026761444,-0.00056252687,-0.0012930214
12460000,-0.01190624,0.0036126121,-9.796159,0.000106819214,0.00016059163,0.00015755257
12464000,-0.004932894,0.0049988898,-9.80206,-4.319695e-05,0.00042379598,0.00036501136
12468000,0.006233265,0.0029786003,-9.8112545,-0.00027409918,-0.00041982418,6.8878035e-05
12472000,0.0066331243,0.005348631,-9.805988,-0.0004753474,-0.00061345263,4.5448873e-05
12476000,0.0034762898,0.00562276,-9.798585,-0.00017031946,-0.00050332764,5.0236795e-05
12480000,0.007408891,0.0032457323,-9.799851,0.00040565676,-0.00070509897,-9.159637e-07
12484000,0.006551563,0.0019653582,-9.797543,0.00059647224,0.0004361574,0.0001759058
12488000,-0.00182351,0.0074271765,-9.801769,0.00016617158,0.0002866273,-6.3949235e-05
12492000,-0.0050354972,0.008514936,-9.799458,-0.0007347066,-0.0013341063,-0.00027235312
12496000,-0.0007095018,0.003267736,-9.791325,-0.00039937315,-0.0010218822,0.00013244204
12500000,-0.0013984885,0.0053403443,-9.799677,0.00049506465,0.00015134779,0.0006725268
12504000,0.0009812352,0.00080038724,-9.803307,0.00021197878,0.00037167507,0.0007860924
12508000,0.008711695,-0.003096978,-9.794899,0.00081455306,3.4040466e-05,4.6317773e-06
12512000,0.0024981338,-0.00069975527,-9.795368,0.000776105,0.00023205606,0.0003137434
12516000,0.0011683318,0.0035132214,-9.799074,0.00041897435,0.0008282013,0.0011325749
12520000,0.001386713,0.005613357,-9.799284,0.00055551017,0.00065328454,0.00032479558
12524000,-0.004400698,0.0008369978,-9.806091,-0.00019793118,0.00043420642,0.00017941988
12528000,-0.00020145546,-0.003347962,-9.804937,0.00050574646,0.0003944012,0.0009811055
12532000,0.00239999,-0.0011004165,-9.802019,0.0009963462,0.0006789821,0.0007073517
12536000,-0.005299611,-0.0020603458,-9.801253,0.00013931781,0.0003903479,-0.0002685335
12540000,-0.004520082,-0.004070025,-9.795552,-0.00040495067,-9.097356e-05,0.00022187525
12544000,0.0015229137,0.0008217913,-9.797781,-0.0010322665,-0.00038316005,0.0010204349
12548000,-0.0029283415,0.004560481,-9.804291,-0.0005946537,-0.0008892902,0.0007253207
12552000,0.0022570756,0.0024414554,-9.805968,0.00029790087,0.0001265782,0.0010536241
12556000,0.009688755,0.0054213293,-9.804865,0.0006611625,0.00010926133,0.0006479939
12560000,0.0045400257,0.0012358271,-9.801348,0.0004824684,-0.00053252635,0.00055009517
12564000,0.002906522,0.0005367115,-9.791079,0.00024660342,-0.00057194196,0.00019341125
12568000,0.0075117834,0.0046792617,-9.794455,-0.0008340899,-0.00073714997,-0.0012946648
12572000,0.00397366,-0.0015862752,-9.7947235,-0.0012535059,-0.00015144348,-0.0006530446
12576000,-0.00018637278,-0.0060014566,-9.7882185,-0.0009936433,0.00056198455,0.0007171101
12580000,0.0016633223,-0.0019261774,-9.795762,-0.0010707527,0.0007272356,0.0009362566
12584000,0.00074943685,0.002146922,-9.801519,-5.368411e-06,-0.00060015527,0.0004072664
12588000,-0.00078730047,-0.0050616907,-9.802851,0.0009134327,-0.0023859309,9.030577e-05
12592000,0.0041009467,0.0006751165,-9.806368,-0.00027056516,-0.0013829061,0.00031487347
12596000,0.008098555,0.009015867,-9.805736,-0.00042233727,-0.0004650202,0.00036286106
12600000,0.0047970605,0.0007708384,-9.799801,0.0010114927,9.2125054e-05,-0.00034054634
12604000,0.00016866045,-0.0046344367,-9.799923,0.0007724972,0.0016110884,-0.00061663124
12608000,-0.0048813517,0.00063694135,-9.798739,-0.00041770804,0.0009438731,0.0010734778
12612000,-0.0024026057,-0.002745662,-9.803294,-0.0008661142,0.0005778436,0.0008805587
12616000,0.0034001586,-0.0074560926,-9.801132,-0.0002397584,0.0014169134,-0.00033361197
12620000,-0.0006724219,-0.00072814565,-9.797422,-0.00055174885,0.0010014201,0.00020725375
12624000,-0.0057562534,-0.00093381427,-9.800344,7.302887e-05,0.00020328355,0.00041614997
12628000,-0.0021755286,-0.006916165,-9.798241,0.0007996182,-2.5723271e-05,-6.8583424e-05
12632000,0.0052096737,-0.0036707553,-9.807296,0.0001678197,0.0003534081,0.00031168148
12636000,0.004539659,-0.0021251559,-9.810246,-0.00037349915,-8.927193e-05,0.00073484634
12640000,-0.0013650303,0.0032017175,-9.802952,-0.0008368289,-0.00028647797,0.00023926015
12644000,-0.002146722,0.0035508669,-9.801931,-0.00075373345,-0.00022959255,0.00035764952
12648000,0.0038899065,-0.004451226,-9.803258,-0.0008287552,-1.6619462e-05,0.0012457921
12652000,0.0069175577,-0.0031146363,-9.80435,-0.00049243437,-0.00019540284,0.0012974346
12656000,-0.0030405466,0.002757546,-9.798149,0.00016297921,-0.0010242934,-0.00028492414
12660000,-0.009995572,0.0030127533,-9.799778,5.4381257e-05,-0.00027246776,-0.0013746349
12664000,-0.001978175,-0.0019703652,-9.8060055,-2.3888117e-05,-0.00030658624,-0.00020820151
12668000,0.007070842,-0.0026591436,-9.804466,0.00022337332,7.1312585e-05,0.0006980342
12672000,0.0031078232,-0.00045533423,-9.799889,0.0003700513,0.00022352298,8.459992e-05
12676000,-0.003471006,0.0023572487,-9.794544,0.0008332173,-7.262174e-05,-0.00031665334
12680000,-0.004897292,0.0020604827,-9.79357,0.001323902,0.00014573628,-0.0014463409
12684000,-0.004500244,0.00014963512,-9.795448,0.00032357176,-0.0004837765,-0.0006915397
12688000,0.0021502532,0.005657648,-9.799435,-0.00011852447,-0.0006129949,0.00020178028
12692000,-0.0018782764,0.0032223635,-9.7981205,-0.0005742532,-0.0002684634,-4.438036e-05
12696000,-0.008738317,0.00057087035,-9.795878,-0.001026478,0.00073188805,0.0012665718
12700000,-0.0025621643,0.00010162012,-9.805847,-0.001347675,0.0015528722,0.0014343644
12704000,-0.004359125,-0.00046092246,-9.809505,-0.0013247215,0.00066461886,0.0008535978
12708000,-0.009192474,0.0048399842,-9.80291,-0.00037703515,-0.000659076,0.0007756193
12712000,-0.0025571238,0.0005762814,-9.80065,0.00022899304,-0.0004892531,-0.00031758158
12716000,-0.0015835855,-0.009895752,-9.798026,0.00019434976,-0.0004169049,-0.0007373177
12720000,-0.0037364948,-0.013826251,-9.7937975,0.00026605924,0.0002849234,0.00011902148
12724000,0.0014391565,-0.00024678314,-9.798536,0.00066001114,0.00071743276,0.0003394019
12728000,0.00395576,0.0034119233,-9.798496,-0.00019314684,-0.0001629828,0.0005349871
12732000,0.011019022,-0.00036991847,-9.792371,-0.00048238673,-0.00013432847,9.1340335e-05
12736000,0.007711662,0.0024497437,-9.790747,-1.1985461e-05,0.00024344468,-0.0003748237
12740000,0.0032663653,0.00035831143,-9.793877,0.0005602445,-0.00010576351,-0.00015401535
12744000,0.0039052747,0.002136119,-9.806613,0.00040149328,-0.00059585297,0.00057782093
12748000,0.002524521,0.0058369352,-9.807808,-0.0009301516,-0.00024487058,0.000623398
12752000,0.0045017176,0.006186365,-9.800796,-0.00086691685,-0.00050584273,-0.0002882945
12756000,-0.0014510426,-0.004932246,-9.802813,-0.0005077204,-0.00062960683,-0.00064253225
12760000,-0.013514295,-0.003990099,-9.804907,-0.00037676183,0.00024751842,-0.00024380563
12764000,-0.009661512,0.004321036,-9.803182,0.00033930663,2.322792e-05,0.0005507892
12768000,-0.00051233557,-0.0018510337,-9.800528,0.0013141589,0.00024486275,-0.00023163632
12772000,0.0026544514,-0.003900408,-9.7987175,0.0009983274,0.00012328131,-0.0010346122
12776000,0.0055121705,-0.0022626733,-9.796679,-0.000617077,-0.00023635554,-2.276141e-05
12780000,0.005557669,0.0030263206,-9.795805,-0.00027357397,-0.00029701533,-2.4146236e-06
12784000,-0.0013179951,-0.00020204429,-9.7983265,0.00022419196,-0.0001509512,-0.0009104248
12788000,-0.010008685,0.0028691115,-9.8073015,-0.00011464976,0.00015848746,-0.0005996631
12792000,-0.004513956,0.0054491954,-9.81015,-8.875465e-05,-4.807379e-05,0.00027128463
12796000,0.002636251,-0.001483506,-9.800757,0.0002492931,-0.00017571556,0.00021218226
12800000,0.0016563382,0.001977965,-9.796873,0.00022196486,-0.0010100544,-0.00046870913
12804000,-0.0043292264,0.0047875256,-9.795563,0.0010196196,-0.00037881485,-0.00060574024
12808000,-0.0035577097,-0.0013863872,-9.794568,0.0019126169,0.0007685931,0.00063395913
12812000,-0.0015806071,-0.0043525104,-9.793789,0.0012486537,0.0004540602,0.00016394678
12816000,-0.006620565,-0.0020733743,-9.799857,0.0009135731,-0.0002822746,-0.0011652918
12820000,-0.0074748956,-0.006092648,-9.804543,0.0012331617,-0.0007999871,-0.0010139785
12824000,-0.00030811445,-0.0032853077,-9.798152,0.0008881632,-0.00054122973,-0.0004997455
12828000,0.0071414365,-0.0034829224,-9.79138,-3.691592e-05,0.0005275339,-1.5096617e-05
12832000,0.00775104,0.00062126253,-9.791271,0.00028354768,0.001021453,0.00015566888
12836000,0.0054304097,0.0004340886,-9.793748,0.0013515975,0.00030479845,-0.00048692033
12840000,0.0007648668,0.0016575705,-9.789854,0.0011164611,-7.690759e-05,-0.00087908894
12844000,-0.0016346974,0.009373609,-9.788978,0.0008254469,0.00018773654,0.00047482282
12848000,-0.00038759247,0.0008154809,-9.798363,0.0004972005,0.0009396669,0.00048475113
12852000,0.003699465,-0.0059073656,-9.801305,-0.00040693668,0.0005012113,8.495622e-05
12856000,0.006878801,0.00028206178,-9.792643,-0.00010347581,-0.0012656775,-0.0004935259
12860000,-0.0029776264,0.0020706574,-9.793341,0.00015470744,-0.0009562779,-0.00038413928
12864000,-0.0069874534,-0.0021193204,-9.802969,4.1593772e-05,-0.000496635,0.00018557087
12868000,0.0038826056,-0.0025182145,-9.803829,0.00015108322,0.00050498056,-0.00017266638
12872000,0.007888503,-0.0008896637,-9.806412,1.3513636e-05,0.0011424216,-0.0012555266
12876000,-0.0012013288,0.0021770748,-9.808418,1.6585349e-05,4.9281076e-05,-0.00073212956
12880000,0.0017063043,-0.0013133328,-9.801083,-0.0001238484,-3.8431648e-05,0.0014358051
12884000,0.00057626516,0.002207416,-9.801136,0.00010773447,0.00019554203,0.00016182743
12888000,-0.00075548317,0.0011117308,-9.804358,0.0003821788,-9.6895856e-05,-0.00014386169
12892000,0.003602409,-0.004657863,-9.800254,0.00042185298,0.00016073088,0.0010756992
12896000,-0.0043884357,-0.0023025477,-9.796543,0.00018657376,0.000712654,-0.00023950971
12900000,-0.004919701,0.0004845477,-9.793201,0.00010031877,-0.0001889653,-0.00050210144
12904000,-0.0037478888,-0.002266554,-9.797632,8.426776e-05,-0.000978322,-0.0004417539
12908000,-0.007421104,0.0014654599,-9.806962,-0.00061315123,-0.0007559393,-0.00044951204
12912000,-0.0012270373,0.0054182326,-9.807741,0.00045375526,-0.00049365015,0.00061092846
12916000,0.0057017542,-0.00075179234,-9.803077,0.0011966107,0.00034869302,0.00037513423
12920000,0.004225672,-0.00011580072,-9.801289,0.00019184337,-0.000102847494,-0.0008830139
12924000,0.0039082305,-0.0009293867,-9.803915,-0.0010401104,-0.00041408764,-0.00096295355
12928000,-0.00012505963,-0.0054340106,-9.80258,-0.0007632379,-0.00028227785,0.0006051149
12932000,-0.003169645,-0.0002706411,-9.797359,0.00025732262,-0.00089808,0.0005325751
12936000,-0.0051263827,0.008284494,-9.794668,0.0005847134,-0.0012113726,-0.00023377992
12940000,-0.0022194474,0.009382739,-9.795681,0.00015843594,-0.0003693308,0.00018409936
12944000,0.0049761413,0.004486261,-9.794727,-6.418103e-05,0.00029932774,-0.00013421023
12948000,0.0050226245,0.0033916435,-9.797244,6.0914525e-05,1.1798736e-05,6.2142884e-05
12952000,0.0016112396,0.0013023373,-9.800121,-0.00064176385,-0.00030511353,0.00038241319
12956000,-0.00040905605,-0.0022829298,-9.798107,-0.00038829262,-0.00043188385,9.031148e-05
12960000,-0.00076819677,0.0035540545,-9.79868,0.0011658416,0.0002069489,0.00045699888
12964000,0.000368429,0.0005307251,-9.801933,0.0013680065,0.00031707325,0.0006380778
12968000,0.00018769654,-0.004471765,-9.805634,-5.22979e-05,-0.00024062803,-0.00062783726
12972000,0.0031611146,-0.0018566208,-9.810175,-0.0005832754,-0.0013691568,-0.0011666146
12976000,0.0008914762,-0.0022233047,-9.801933,-0.0010235709,-0.001306382,0.00022526697
12980000,-0.004564788,-0.002379761,-9.795265,0.00010953114,-0.00026016572,0.00079481176
12984000,0.00074133,0.000490211,-9.797894,0.0009091136,0.0002876456,2.4018671e-05
12988000,0.0009904386,0.004878928,-9.798595,0.00044797524,0.00061146717,-0.00010634155
12992000,-0.0047751702,0.009795686,-9.797077,-0.00065841136,-0.00030720225,0.00025738878
12996000,-0.002924817,0.0042780903,-9.796839,-0.0014070716,-0.000357967,6.0953822e-05
13000000,-0.0025608656,-0.000761036,-9.796719,0.0007176919,0.001064333,0.00014838067
13004000,0.0006552234,0.000555138,-9.792633,0.0010922463,0.0003417007,0.0002514426
13008000,0.0020326548,-0.003963734,-9.795968,0.0007723375,-5.438479e-05,0.0003941912
13012000,-0.0025780357,0.000940453,-9.8014145,0.00093376765,0.00032446472,0.00069136254
13016000,-0.0017931176,0.0025732443,-9.797739,-0.00086930953,-0.00022893469,-0.00011292167
13020000,-0.008947468,-0.0018901825,-9.79089,-0.0012557842,-1.2788337e-05,-0.0006370042
13024000,-0.011722289,-0.00013992483,-9.796146,-0.00053241855,-0.00073602766,0.000103202954
13028000,-0.0060811196,0.00020641828,-9.8026905,0.00016234822,-0.00061000715,0.00035515978
13032000,-0.006497811,-0.0021968277,-9.798002,0.0006428402,0.0004000888,-0.00017246754
13036000,-0.0019513277,0.006083323,-9.801941,0.00022872696,0.000649972,-0.0005867195
13040000,0.0018780486,0.013283142,-9.80359,0.000416437,0.0011896566,-0.0006413968
13044000,-0.0039558415,0.005623823,-9.799768,-0.0004591156,-1.6763102e-05,-0.00088860915
13048000,-0.0039174333,0.004730499,-9.8013735,-0.0006925729,-0.00035888312,-0.0005278359
13052000,0.0024999366,0.006680061,-9.796957,0.00011454067,-0.0005481102,0.00021472777
13056000,0.005099644,0.003161804,-9.79645,-8.373603e-05,-0.0005377162,-8.775556e-05
13060000,-0.003694922,0.0024465516,-9.807449,-0.00024261767,-0.00023559411,-0.0005249173
13064000,-0.0067300866,0.0015501003,-9.802639,-0.00057191815,-0.0003764809,5.5363707e-05
13068000,-0.0028226692,-0.004649765,-9.796387,0.0002808761,0.0010032889,0.00034714476
13072000,-0.00024916022,-0.0065454086,-9.803857,0.00032977446,0.00029082436,-0.0006416057
13076000,0.0023687957,-0.0032948782,-9.809883,-0.00052900496,-0.0007142739,-0.00058855745
13080000,0.0007517346,-0.0003866499,-9.809531,-0.0005986202,-6.2776206e-05,-0.00011899139
13084000,-0.0013807701,6.658109e-05,-9.799728,-0.0007582904,0.00044896622,-0.00010574612
13088000,0.0069345506,0.002832221,-9.7911,0.00012105869,0.0007078658,-0.00018855176
13092000,0.005096346,0.00077026774,-9.798308,0.001213607,-0.00011517727,0.0002725699
13096000,-0.0032297806,-0.0021669872,-9.801121,0.001066716,-0.00015621062,0.00041468636
13100000,0.0032182804,-0.0021549326,-9.796907,0.0007876082,0.000105465115,0.00011964136
13104000,0.0031441594,-0.0019323832,-9.803949,0.0005022955,0.00021142326,0.00057603465
13108000,-0.0011307384,-8.4746345e-05,-9.8015175,0.0006495778,0.00048436754,0.00013555808
13112000,-0.00051298155,-0.0014096552,-9.796171,0.0006803067,-0.00042131994,0.0004972776
13116000,-0.0019519579,-0.0010103944,-9.797886,8.999659e-05,-0.0013215444,0.00030882633
13120000,-0.0040291515,0.0023627216,-9.807142,-0.00042562516,-0.00082262553,-0.0002822734
13124000,-0.0040325825,0.007638977,-9.804159,-0.00026848962,-0.00047037328,0.0006096846
13128000,-0.00296806,0.0001052168,-9.800388,-4.4236185e-05,-0.00070024683,0.0004502604
13132000,0.00048732915,-0.0038967305,-9.805222,0.0004013324,-0.00024126208,0.00045139392
13136000,0.00077249564,0.0021939415,-9.807726,-0.00027320976,-0.0007246662,0.0007054175
13140000,0.0037295534,-0.0032403683,-9.80434,-0.00150238,-0.001002218,0.0002481196
13144000,0.0017291424,-0.003582858,-9.796753,-0.00035391407,0.0003509577,0.00047490574
13148000,-0.005880447,-0.0022966296,-9.803417,0.00083701796,0.0010537071,0.00066537503
13152000,0.0011742506,-0.0031026797,-9.794424,0.0003886737,0.0009142131,2.2970029e-05
13156000,0.0068995114,-0.00049733365,-9.787465,-0.00049486366,-0.00016940605,0.00057474605
13160000,0.005426135,-0.004598757,-9.790133,-0.0004546869,1.1256423e-05,0.0013306953
13164000,0.0077084433,0.0058121327,-9.791109,-0.0008494652,0.000974577,0.0006840749
13168000,0.006858806,0.014697557,-9.795935,-0.0008349749,0.00025316174,-3.530196e-05
13172000,0.0028346519,0.009453657,-9.794178,-0.00032987527,-0.00036877982,-0.0002703128
13176000,0.001852988,-0.0019453055,-9.794692,-0.00012020413,-0.0005722762,-4.1797466e-05
13180000,0.00697802,-0.0030798726,-9.802782,1.5351645e-05,-0.0007150339,-1.5760095e-05
13184000,0.002585833,0.005007645,-9.800056,7.889777e-05,-0.00027720863,-0.0004047449
13188000,-0.0009781604,-0.0014855781,-9.793766,-2.8511467e-06,-0.00040899855,-0.00031633288
13192000,0.0025921506,-0.0023555297,-9.800459,-0.0004893902,-0.000977285,-0.0002509306
13196000,0.0008436843,0.0038794978,-9.802305,-4.607593e-05,-0.00010829743,2.19332e-05
13200000,0.002618401,-0.0022628915,-9.795163,0.00077090046,-0.00010999784,0.0006734733
13204000,0.0017251398,-0.0015673977,-9.792233,0.0009324263,-0.0005849754,0.00018098445
13208000,0.0012522847,-0.0029766716,-9.800493,0.0005967146,-0.00020434389,-0.00027772592
13212000,0.0033923346,-0.0061259386,-9.801355,0.0002891282,-0.0002934755,0.00020464732
13216000,0.0013090788,0.0014065716,-9.802592,0.00059187185,0.00011570581,0.0005500758
13220000,0.0063856044,0.0010737486,-9.803223,0.0006293749,0.00044320658,-0.00016229985
13224000,0.011317946,-0.0057446347,-9.797241,-0.0001649045,0.00045858597,-0.0011529756
13228000,0.008032589,-0.00853457,-9.795892,-5.6404846e-05,9.868597e-05,-0.0009560309
13232000,0.003997746,-0.009904469,-9.80087,0.00021990896,-0.0006077019,0.00021325464
13236000,0.0006171316,-0.0090955375,-9.803809,-0.00038215044,-0.00040757935,0.00033781806
13240000,-0.0013102189,0.0018518775,-9.798674,-5.7916353e-05,-0.00012882777,0.00011093503
13244000,0.0024747718,0.0017099773,-9.794722,0.00025020886,6.41797e-05,-0.00033944004
13248000,0.008182934,-0.0026824458,-9.798853,-0.000121106495,-6.7180124e-05,7.575711e-05
13252000,0.0010363036,0.0007744607,-9.799063,-0.00041105124,-1.0142604e-05,-0.00011435705
13256000,-0.00021240584,-0.0027895344,-9.792859,-0.0004947585,0.0003209247,-0.0015701649
13260000,0.0026528812,-0.0026581637,-9.799028,-0.0003348515,0.00058472034,-0.0005989819
13264000,0.0009853864,-0.0012919845,-9.799152,-0.0005383973,0.0007346725,0.00033402306
13268000,0.0004882089,0.00046125698,-9.796017,-0.0006291961,0.00068396,-3.0325002e-05
13272000,-0.005863643,0.0019287748,-9.80253,7.372117e-05,0.0008190562,-0.0010770869
13276000,-0.0030600606,0.0031803611,-9.805843,0.0006187564,0.00028427492,-0.0012183852
13280000,-0.0024000402,0.0036354582,-9.804393,0.0007228287,-0.0006795117,-0.0004223979
13284000,-0.010242007,-0.00027226578,-9.800863,-0.00016196333,-0.0005908843,0.00043045467
13288000,-0.004252228,0.005306557,-9.79906,-0.0003318273,-0.00035395546,0.0010012061
13292000,0.0003282113,0.008371139,-9.8026,-0.0007257183,-0.00043013046,0.00018302127
13296000,-0.007785455,0.004941049,-9.808178,-0.001144902,-0.00034337217,0.0006116016
13300000,-0.006891692,-0.0028824182,-9.806104,0.00010803916,0.0005686168,0.001143983
13304000,0.0011793866,-0.010032922,-9.802275,0.00010515818,0.0011893567,-2.897364e-05
13308000,-0.0019051279,-0.007626323,-9.804815,-0.0014962695,0.0008086644,-0.00040505218
13312000,-0.00813552,-0.00046523582,-9.8066845,-0.00094664696,2.6204492e-05,0.00012308014
13316000,-0.0071952813,0.003147168,-9.8055935,0.00048775307,-3.2155433e-05,-0.0003949151
13320000,0.00074040797,0.0019821362,-9.801204,0.0005500425,0.0007562758,-0.00019173327
13324000,0.013042785,0.0026612466,-9.801772,0.0015364678,-0.0005371997,0.000748517
13328000,0.0056456774,0.0030614622,-9.80524,0.00076779374,-0.0011824161,-0.00019930278
13332000,-0.00097566633,0.0009110481,-9.807619,-0.00027314117,-0.000608146,-0.00064908626
13336000,0.007106481,0.0038973421,-9.802506,0.00068858097,-0.00058135,-0.0005798853
13340000,0.0039723194,0.0029811284,-9.800095,0.0008010739,-0.00061830453,-0.00044757305
13344000,-0.00747592,-0.0009629314,-9.802774,0.00021208542,-0.0009133085,1.2482027e-05
13348000,-0.0036792676,-0.0013377472,-9.800851,-0.0007504569,-0.00039698288,0.00015486285
13352000,0.008368159,-0.0013139679,-9.804241,-0.00086818606,0.00074846577,0.0011450239
13356000,0.0061995094,0.0014134189,-9.798335,-0.00052786747,0.0005885995,0.0009239897
13360000,0.004332373,-0.0006257814,-9.796883,-0.0013092908,-0.00018816248,-0.00011326121
13364000,0.0019061262,-0.0038169932,-9.801943,-0.0014592163,-0.0006320481,3.8508177e-05
13368000,0.0016176904,0.0024843984,-9.804573,-0.0007447372,-4.2933093e-06,0.00020853279
13372000,0.00094602373,0.0053400397,-9.807974,-0.00042807526,0.0004037412,0.0016335796
13376000,-0.005044415,0.0037369858,-9.80031,-0.0007423625,-0.00029394485,0.0014675246
13380000,-0.0015625635,0.0012695943,-9.793682,-0.0007369885,-0.0002509832,-4.6389738e-05
13384000,0.0034636613,0.0019629982,-9.7963295,0.0004380053,0.00030462217,0.00034465856
13388000,0.0031749005,0.005689017,-9.800858,0.001053552,0.000115797615,0.0008752231
13392000,-0.0036341124,0.004234747,-9.797302,0.0001534957,-0.0005079408,0.0014348046
13396000,-0.008746387,-0.002081657,-9.793037,0.0003102061,-0.00035196447,0.00092429854
13400000,-0.0016713871,-0.0014513236,-9.796125,0.000228282,0.00028361953,0.00046699023
13404000,0.0016297783,0.00041475924,-9.800838,-0.00013463834,0.0003460319,0.00072469824
13408000,-0.0076393955,-0.0025159256,-9.801094,0.001341824,-0.00025540532,0.00043748927
13412000,-0.008217485,0.003288098,-9.799274,0.0010601755,-0.0009348261,-0.00040309117
13416000,0.00077900523,0.0031947833,-9.805801,-0.00015526553,-0.0008234223,-0.00020702694
13420000,-0.0025668908,-0.0011518289,-9.804985,-0.00086704636,-0.00039554227,0.00030612684
13424000,-0.0008411652,-0.0035044563,-9.801822,-0.00084026397,-0.00021683956,0.00043352757
13428000,0.005751163,-0.007379583,-9.799866,-4.9282702e-05,0.00012392346,2.851968e-05
13432000,0.002643653,-0.004001118,-9.803373,0.00028069527,-0.0002265227,-0.00044022765
13436000,-0.001400217,0.0016451539,-9.796393,-0.00025880945,-0.00015218128,-7.671321e-05
13440000,-0.0036580558,-0.0005819718,-9.786411,-0.0009221138,-0.00012878863,0.0005230146
13444000,-0.005285862,0.0047141337,-9.796915,-0.00070355274,-0.00016785781,0.00069330126
13448000,-0.0036413074,0.0077372524,-9.803444,-0.00015258955,5.814082e-05,-0.00029597423
13452000,0.0018663424,0.0005964035,-9.796439,0.000454731,-0.0008493593,-0.00010114381
13456000,0.0018563523,-0.0023991312,-9.796236,-7.802773e-05,-0.0017179127,2.5531695e-05
13460000,-0.0016496746,-0.000206851,-9.801646,-0.00019591974,-0.000829162,-0.00052621454
13464000,-0.004074948,0.0019457091,-9.799427,0.0001717212,0.00023165737,-0.00077511865
13468000,-0.0008562289,0.0027799306,-9.805498,0.001039936,-6.556712e-05,-0.000114006376
13472000,0.000425292,0.0044187834,-9.802584,0.0010699641,-0.0001737737,0.00023724289
13476000,0.002411614,0.0011680932,-9.797071,-0.00045335086,-3.712316e-05,-0.00072663894
13480000,0.003136895,-0.0031001465,-9.798466,-0.00045563467,-0.00059731014,-0.0015167793
13484000,-0.0022583888,-0.0039415644,-9.797527,-0.000534985,-0.0007605813,-0.001353494
13488000,-0.0011567647,-0.0020128253,-9.797674,-0.00095814426,-0.00042772852,-0.0007793195
13492000,0.0012202221,0.002521739,-9.793452,0.00015801284,4.3835367e-05,-0.0011012127
13496000,-0.0027567875,0.001963059,-9.79134,0.00048754492,0.0007861042,-0.0012943461
13500000,-0.0048145982,0.002785901,-9.792004,-0.00057015347,0.0010705591,-8.453505e-05
13504000,-0.00095996016,0.0014373539,-9.799107,-0.00025776285,0.0009381218,-9.7655546e-05
13508000,-0.00977736,-0.0020070113,-9.805771,5.533372e-05,0.0006762556,-0.0011067955
13512000,-0.008376021,-0.0009777761,-9.803516,0.00054550613,0.00015543768,-0.00028986912
13516000,0.0013306111,-0.006665148,-9.798174,0.000590037,0.000580807,0.0005281906
13520000,-0.0017154498,-0.005214693,-9.794291,-0.00020374406,0.0009930077,0.00014073703
13524000,-0.006450382,0.0014783175,-9.799679,-0.00050231675,0.0006387527,-0.0009403591
13528000,8.515177e-05,-0.0023812533,-9.804781,-0.0003959308,0.001470751,-4.032251e-05
13532000,0.0016854135,-0.0057925265,-9.80007,-7.027195e-05,0.0011621861,0.00060816476
13536000,-0.0014381909,-0.0046638944,-9.798134,-0.00035157352,0.00039754558,-0.00051430403
13540000,0.0076149562,-0.0072035245,-9.799771,-0.0011187447,-0.00025571577,-0.0009897453
13544000,0.0058820723,-0.0020312178,-9.805914,-0.0011584532,-0.00021604782,-0.0010155976
13548000,0.00058835896,0.004769729,-9.808136,-1.5874888e-05,0.000109121815,-0.00068571704
13552000,-0.0030939232,0.0030069754,-9.80197,0.00065083354,-0.0008486772,0.00021188025
13556000,-0.002338324,0.0006656408,-9.800421,0.00012464171,-0.0005360197,0.0012061029
13560000,-0.0029313026,-6.709518e-05,-9.801495,0.00019609039,3.4625726e-05,0.00033437187
13564000,-0.0011060692,0.000906532,-9.801083,0.0005947912,0.00031477035,-0.0003280739
13568000,0.004929658,-0.002983394,-9.802591,0.00040746827,-0.0001378131,0.00028372536
13572000,-0.0006363656,-0.008907995,-9.7973995,0.00031226224,-0.00028740457,0.00022170787
13576000,-0.0005429784,-0.0018079141,-9.795805,-0.00026945287,0.000261108,-0.00033496934
13580000,0.0036666314,0.0017049131,-9.804229,0.00012646838,-0.00028067394,-0.00070181675
13584000,0.00017179691,-0.003434305,-9.806652,0.00015603176,-0.001268104,-0.0012039552
13588000,-0.004005176,-0.0023306105,-9.803843,-0.00014864035,-0.0009703026,-0.00026374936
13592000,0.0014239028,0.0007644507,-9.800682,-6.991509e-05,8.496829e-06,0.00052622444
13596000,-4.359708e-05,0.0010821058,-9.800613,-0.00041076116,-0.00034599457,-0.000513388
13600000,-0.004462087,-0.002319652,-9.802433,0.00040373724,-0.0008396787,-0.00024913525
13604000,-0.00054456556,-0.0070744827,-9.807571,0.0009004975,-0.00026974443,0.00012831912
13608000,-0.007058445,-0.0041730767,-9.809076,-0.00030726538,0.0004965156,0.00054113514
13612000,-0.007193226,0.004011446,-9.811691,-0.0004462477,0.0009443374,0.001665448
13616000,0.000117399846,0.0009937382,-9.811893,0.00025783773,0.0008046191,0.0002062106
13620000,0.0016408797,-0.001124235,-9.808493,-3.1769345e-05,0.0005361047,-0.0015894967
13624000,0.0034126006,-0.001179711,-9.801265,0.00018326516,0.0004889818,2.0106065e-05
13628000,0.005950204,-0.0036981166,-9.80097,0.00046276857,0.00047223622,0.00046070793
13632000,0.005976906,-0.00082194305,-9.806105,0.00036220677,-0.00036189012,-0.0014089338
13636000,0.004008907,-0.0054746894,-9.804145,0.00084664876,-0.00093521853,-0.0013405393
13640000,0.004627752,-0.0042777527,-9.803233,0.0014648836,-0.00048452814,-8.1472615e-05
13644000,-0.0011497582,0.001801772,-9.806313,0.0011329023,0.00075270113,-0.0002274674
13648000,-0.0008445865,-0.00042230682,-9.805105,0.00019789541,0.000784495,1.4131074e-05
13652000,0.0017395429,0.0009313466,-9.798279,9.037138e-05,0.0001220637,0.0007338567
13656000,-0.0032311704,0.003223517,-9.797096,5.3697993e-05,6.8333197e-06,0.00054187357
13660000,-0.0061295247,0.0034881847,-9.795172,0.0003326333,-0.0007377136,-9.461059e-05
13664000,-0.0012063826,0.0016784008,-9.797027,0.00015076334,8.035098e-05,-0.0006135185
13668000,0.0041243657,0.002462971,-9.799376,0.00014019474,0.0009329625,-0.00025789018
13672000,0.007336272,0.0082378285,-9.80018,0.00045586584,0.00042626096,0.00034124075
13676000,0.007458127,0.010795853,-9.800328,-3.4919549e-06,-0.00047608107,0.001226493
13680000,-0.0013218676,0.0010105161,-9.799628,-0.0004341599,-0.0010728444,0.0012476073
13684000,0.0017335913,-0.00095966255,-9.802826,0.00019604886,-0.00016891977,0.00080946914
13688000,0.0038988537,0.0028434067,-9.8041115,0.00017503441,-0.0006332593,0.00079277984
13692000,-0.00473962,-0.004620226,-9.803553,-0.00091322296,-0.00053808885,0.00033387533
13696000,-0.0004913588,-0.0007407725,-9.798027,-0.0009508452,0.000820461,0.00020620791
13700000,0.004328133,0.004199043,-9.796658,-0.0010528197,0.0008316226,0.00080538425
13704000,0.00073952647,-5.6333305e-05,-9.802595,-0.00055349,-0.000109126275,-0.00013890634
13708000,-0.00073715183,-0.004666912,-9.797134,-0.0003978039,-0.0005172013,-0.0016137547
13712000,0.006135747,-0.0031453385,-9.797766,-0.0011207697,0.00014974782,-0.00094665727
13716000,0.011882019,0.0019114118,-9.805205,-0.0003738248,-0.00011103515,0.00039495094
13720000,0.0061248634,0.0033187415,-9.802327,0.00093447097,-0.00042404173,0.0005172085
13724000,0.0005352894,-0.0045225536,-9.796019,0.00036109594,-0.0003211595,0.00040305246
13728000,0.002480347,-0.004446804,-9.795757,-0.00015048248,0.00047997173,0.0007589725
13732000,0.008843083,0.0014042739,-9.799152,-0.00026760006,-0.0004461951,0.0008700835
13736000,0.0014825938,-0.0005033263,-9.804287,-0.0009950072,-0.0005031902,7.717089e-06
13740000,-0.0016027847,0.0051308037,-9.802521,-0.00065622793,0.0010811039,-0.00079568644
13744000,0.004910565,0.004876825,-9.796099,-0.00075760286,0.00012169977,-3.6281053e-05
13748000,0.0029531033,-0.0043230583,-9.7975445,-0.0007396927,-0.0004679299,0.00034464058
13752000,-0.0041876533,0.00017095044,-9.797995,-0.0006916884,-0.00014844243,0.00028597735
13756000,-0.00023993663,0.006650384,-9.798769,-0.00039512696,-0.00011332325,2.1013466e-05
13760000,0.0069478634,-0.00015835011,-9.797596,-0.00026622435,-0.00017290485,-0.0012890961
13764000,0.002070969,-0.0024120614,-9.797825,-0.0009104106,6.143032e-05,-0.0008488228
13768000,0.0018958783,-0.0011213234,-9.794381,-0.00013848535,0.0004283356,0.000110804984
13772000,0.006501661,-0.0020133099,-9.800943,-0.000131715,-0.00026393664,-8.668677e-05
13776000,0.0058606286,0.0050549447,-9.803819,-0.0004623121,-0.00069891516,-0.00021864577
13780000,0.0023960853,0.0039606346,-9.797339,0.00016987904,-0.00017599374,-2.273767e-05
13784000,0.0030874335,0.002168407,-9.798201,5.6697478e-05,-0.00058633613,-0.00018042751
13788000,0.00047614874,0.0016658879,-9.797663,-0.00011446661,-0.0009209161,-0.0014161218
13792000,0.0044508264,-8.7065935e-05,-9.801335,0.00084248895,4.9113274e-05,-0.0015253415
13796000,0.008231675,0.004122918,-9.805018,0.00087184913,0.0008089601,-0.0009186793
13800000,0.0012324371,0.0018319356,-9.802475,-0.00018742701,0.0004591764,-0.00070385664
13804000,-0.0016859011,0.00049892697,-9.79946,-0.00013625072,-0.00031838697,-0.00042354263
13808000,-0.0034199571,-0.0015517368,-9.79769,0.0003830726,-0.0008166016,-3.5129484e-05
13812000,0.00043474027,3.7130147e-05,-9.801792,-0.00062721246,0.000465877,0.00014689298
13816000,0.0038461236,0.0023831697,-9.802333,-0.0008110135,0.00067655626,0.0006893667
13820000,0.004907349,-0.0062120287,-9.791164,0.00021664196,0.00022282843,-0.0006826128
13824000,-0.0037520698,-0.0030074166,-9.790426,0.00057164766,0.00037123816,-0.0012839949
13828000,-0.0096689835,0.0027925982,-9.7927,-0.00062510004,0.00022620312,-0.00086282153
13832000,-0.0026657386,-0.0011277443,-9.795557,-0.0010192716,-0.0001560081,-0.0014970115
13836000,-0.0035749318,-0.0057331705,-9.804513,-0.00056959083,-0.0009450569,-0.00067079253
13840000,-0.0052864407,-0.0062556867,-9.803057,-0.00076753716,-0.00082772074,-0.000114849514
13844000,-0.001847626,0.0031991152,-9.798241,-1.3422881e-05,-0.0011863667,-9.390358e-05
13848000,0.00016630243,0.0013095782,-9.803004,0.00044225817,-0.0015347993,0.0003793646
13852000,-0.00017649354,-0.00089285587,-9.810666,-0.00018954067,-0.0011927848,0.0011056354
13856000,0.0009606515,0.001675489,-9.804888,-0.0010471728,-0.00041866128,0.001482562
13860000,0.0036359746,0.0006179699,-9.796412,-0.00053413864,-0.00023302529,0.00056089694
13864000,0.0018211999,-0.002769238,-9.796894,0.00015235985,-0.0010023933,-0.0004898431
13868000,0.0036992035,-0.0098311035,-9.7985,-0.00034810402,-1.6152724e-05,-0.00036204187
13872000,0.0018635248,-0.0042106523,-9.803038,-0.0007344706,0.00043922616,-0.00016046244
13876000,-0.00054427364,0.00084946834,-9.804796,-0.00021271178,-0.00067692075,-0.0005592631
13880000,0.000557313,-0.002316445,-9.80237,2.6046604e-05,-0.0001370427,-0.00046697888
13884000,-0.0036213323,0.00021404367,-9.797238,-0.000495422,0.0002364903,-0.00037495443
13888000,0.0023805809,-0.0040040878,-9.799093,0.00017943156,6.816297e-05,-0.0014552698
13892000,-0.0007417537,-0.0075036385,-9.805191,0.0011776162,0.000683132,-0.00079082686
13896000,-0.0023498572,-0.01149792,-9.801398,0.00069627335,0.00066590885,-0.00021271732
13900000,0.006804955,-0.0033327732,-9.80073,7.871915e-05,-0.0003106391,4.2542753e-05
13904000,0.0049081338,0.006929577,-9.803133,0.00028503576,-0.00052278955,0.00034763472
13908000,-0.0041021365,0.00077135436,-9.805196,2.0245407e-05,-0.000103677194,-0.00074828905
13912000,-0.0027207946,0.005607998,-9.804645,-0.0001575953,-0.0005661443,-0.0005149465
13916000,0.0030608922,0.0070911697,-9.799618,0.000347655,-0.00082228,0.00043591007
13920000,1.6140813e-05,7.094303e-05,-9.79801,0.0007426066,-1.8113022e-06,0.00034246768
13924000,-0.0045620836,-0.003803715,-9.802447,0.0010308601,0.0001950982,-0.0005528751
13928000,-0.0019146561,-0.0018996948,-9.8048725,0.0009211104,0.00028010661,-0.0010266679
13932000,0.0033148779,-0.0019533604,-9.799914,0.00013772146,0.00024087222,-0.00017354032
13936000,0.005859,-0.0026386792,-9.794174,-0.00033234476,0.00027044074,0.00041367352
13940000,0.011733219,-0.0013389728,-9.791412,0.00015385289,-1.4800874e-05,3.7099293e-05
13944000,0.0041216165,-0.0027558447,-9.794054,0.0004905803,-0.00067603984,-0.00033261144
13948000,0.0007749597,0.0004920701,-9.7958145,0.0017554926,-0.00054128194,-0.00041317503
13952000,0.009069635,-0.0063516037,-9.800102,0.0025128778,-0.00094138563,-0.0007528332
13956000,0.0072502885,-0.0039147763,-9.801798,0.0006201497,-0.00012121164,-0.0007327844
13960000,-0.00032913947,0.0034506056,-9.802124,-0.00044744773,0.00046200227,4.7760404e-05
13964000,0.00029141526,-0.0057497714,-9.802494,0.00022323416,-0.00010577883,-0.00013393206
13968000,-0.0049501853,-0.0034218647,-9.804041,1.696566e-05,-3.1728327e-05,0.00034001726
13972000,-0.007087387,-0.0011708094,-9.804731,-0.00054950785,-0.00094559253,0.0006504114
13976000,0.0039196545,-0.0009871542,-9.804352,-0.00032162512,-0.0018818051,-7.475855e-05
13980000,0.0020793218,0.004953018,-9.804142,-0.00029986366,-0.0016105068,-0.00014477057
13984000,0.00050632225,0.0037272705,-9.800892,-6.9879384e-06,-0.0009746038,-0.0004828823
13988000,-0.006806243,-0.0018065558,-9.799395,-0.00012236128,-0.001135825,-0.00036552292
13992000,-0.0042980183,0.00040812299,-9.79967,0.00027539418,-0.0007692292,0.00056125683
13996000,0.005225673,-0.0014603331,-9.803764,0.0009899706,-2.4997727e-05,-0.0004952765
14000000,-0.0013685436,-0.0073509067,-9.799545,0.00016879194,0.0007036712,-0.0014509071
14004000,-0.0041711195,-0.0044842777,-9.795182,0.00018515324,-9.6332136e-05,-0.000988081
14008000,-0.0061904956,-0.0046917717,-9.800772,-6.8611414e-05,3.494588e-05,-0.000831775
14012000,0.0003570998,-0.0071874117,-9.806451,-0.0013014036,0.0017322479,-8.662253e-05
14016000,0.0042293146,-8.7371234e-05,-9.797924,-0.0010263484,0.0012273345,0.0005953106
14020000,-0.0036654342,0.0025062663,-9.791629,0.00038637558,0.0010947572,0.0002651821
14024000,-0.0040254574,-0.00442181,-9.796878,0.0005001249,-2.0453817e-05,-0.000932007
14028000,-0.005557668,-0.0049898806,-9.8000965,-0.0004237113,-0.00064786075,-7.669664e-05
14032000,-0.005794769,-0.0019841313,-9.7966795,-0.0007593143,-0.00029732496,0.00069143507
14036000,0.0012192822,-0.0033828951,-9.800537,-0.0009986585,-0.00036575794,-3.893428e-05
14040000,-0.0024652018,-0.006615811,-9.811827,7.28525e-05,-0.00036922423,0.00032342336
14044000,-0.0068440186,0.0015516337,-9.80176,0.00026313926,9.913901e-05,-5.6233606e-05
14048000,-6.8995636e-05,0.0011099165,-9.798637,0.0004078963,0.000846374,-0.00028150127
14052000,0.0026839096,-0.0075686346,-9.808931,0.0011425533,0.00060550653,0.00026041738
14056000,0.0017851079,-0.00046885884,-9.804084,0.00032982192,-0.00041128625,0.00020387773
14060000,-0.0024713986,0.0039412105,-9.805924,0.00017632457,-0.0008930294,0.0006405327
14064000,-0.001730361,-0.0032489805,-9.804773,0.00022281051,-0.00063862896,0.0012067375
14068000,-0.00027219747,-0.0043940754,-9.793703,0.00020756215,-0.00067183643,-0.00053453597
14072000,-0.0017326563,0.0006234596,-9.794338,-0.0004709027,0.00039198558,-0.00010912851
14076000,0.0015514565,0.002608947,-9.799814,-0.0007766075,-0.0003287055,0.0013398104
14080000,0.0005891152,0.0006457622,-9.796196,-4.6710833e-05,-0.00057586224,0.00045265586
14084000,-0.0045188647,0.0021344128,-9.796606,-0.00036713644,0.0011609613,-0.00012295735
14088000,0.0059403256,0.00340209,-9.802537,-0.00032132855,0.0008192352,-0.00033538422
14092000,0.01228071,0.005127578,-9.804499,-0.00042320616,0.0006274686,-0.00017372414
14096000,0.0018737025,0.0040900717,-9.802666,-0.0012247676,0.00092582335,-0.00033669782
14100000,-0.0028868816,-0.0045943623,-9.799984,-0.00054212596,0.00023044687,-0.00027815535
14104000,-0.004818994,-0.0015897681,-9.803041,-1.982131e-05,-0.00031357972,0.00021494694
14108000,-0.0024620611,0.0006582328,-9.80533,-3.8025002e-05,0.00020048748,-0.00037455052
14112000,-0.00325144,-0.0043205516,-9.801326,-0.0003113183,0.0008556628,-0.00048826524
14116000,-0.0009931577,-0.0042614313,-9.797203,0.00011504264,-0.00017726867,0.0005642452
14120000,-0.0017382135,-0.009074336,-9.804907,0.0007633902,-0.0010077291,-0.00016585762
14124000,-0.0062770844,-0.011373777,-9.806353,0.0005345953,-0.00067152426,-0.00038270792
14128000,-0.004499014,-0.0040930468,-9.798658,0.0002680503,-0.00037607213,-0.00027090512
14132000,-0.006444541,-0.0015434774,-9.792406,-0.00020086564,-0.0008059475,-0.00032054965
14136000,-0.004757749,-0.0014355828,-9.7880125,-3.196445e-05,-0.00014999456,-0.0006962535
14140000,-0.00060648227,-0.004802788,-9.794432,0.00036955153,0.00025736637,-0.00088487746
14144000,-0.0011923963,-0.006595659,-9.7985935,6.334489e-05,-0.000495814,-0.000787707
14148000,-0.009409196,-0.00011187828,-9.791538,0.000738166,0.00016585685,-0.002119833
14152000,-0.008426789,0.0037374783,-9.793113,0.00063931255,-3.9308437e-05,-0.0013140851
14156000,-0.0015839541,0.003109315,-9.80249,-0.00019663067,-0.00065708056,0.00037448455
14160000,-0.002891873,0.0044477303,-9.80703,-1.3125991e-05,-0.00019090029,0.00026824934
14164000,-0.00489524,0.003705233,-9.805286,-0.00050520187,-0.00035794135,0.000754711
14168000,-0.003694444,0.0073969844,-9.8021345,9.3227616e-05,-0.0004929937,0.0008994725
14172000,-0.004048857,0.006921808,-9.802088,-0.00015481388,0.00058837654,-5.7506306e-05
14176000,-0.010083355,0.00077145454,-9.804733,-0.0005951318,0.00078225555,-0.00034874628
14180000,-0.012719802,-0.002509775,-9.803911,-0.00047388702,-9.9996316e-05,-0.00035101484
14184000,-0.008296607,-0.0040251906,-9.804998,-0.00051497045,0.00034790955,-9.194365e-05
14188000,-0.0030844319,0.004354603,-9.808233,-0.00022596883,0.0009989374,-0.000509412
14192000,5.576085e-05,0.0037306766,-9.803198,-0.00029169495,0.00032841225,-0.00038677224
14196000,-0.0009703799,0.0041133547,-9.80151,-0.00022493105,0.0002376784,-0.00019030551
14200000,-0.0049852435,0.007286636,-9.800543,0.0006511872,0.00064248394,0.00044939638
14204000,-0.0013148511,0.0015347702,-9.799437,0.0003948356,0.0006098905,0.0011675982
14208000,0.0014503837,-0.0050704186,-9.8008,-0.00032006553,0.0005450574,0.0007156659
14212000,-0.0024476624,-0.0034467601,-9.79667,-0.00018891873,-0.00016522138,0.00047938924
14216000,0.0009713005,0.0031533618,-9.795231,-0.0007879048,-0.0007725474,-0.0005412957
14220000,0.0047237026,0.004764718,-9.794638,-0.0008204381,-0.00032563152,-0.0008329516
14224000,0.004570691,-0.00065875653,-9.7991705,-0.00036597752,-0.00032175423,-8.798914e-05
14228000,0.000702866,-0.0051216497,-9.8115635,0.0004229308,0.00024528618,-0.00016173533
14232000,-0.009298743,0.00067662564,-9.809845,0.00024058153,0.00085829693,-0.00032117456
14236000,-0.00860256,0.0047940076,-9.80324,-0.00010416927,-0.00015862897,-0.0008071466
14240000,-0.0049837353,0.0013403958,-9.80352,-0.00037043358,-0.0009131061,-0.0011641508
14244000,-0.0011948926,-0.0010774826,-9.80607,-7.305139e-05,0.00032879537,-8.2980245e-05
14248000,4.8344964e-06,0.0030828808,-9.795265,0.00035503096,0.0011431004,-1.3239643e-05
14252000,-0.005049742,-0.0020445513,-9.7884865,-8.258245e-05,0.00011001947,-0.0004900919
14256000,-0.0005042886,-0.005856569,-9.802265,-0.001181402,1.5402607e-05,-0.0004901896
14260000,0.0050019035,0.00054870057,-9.805685,-0.0008889291,0.00018924175,-0.0005973291
14264000,0.0026732339,0.0005586674,-9.797911,-0.00036401916,-0.00034972772,0.00026515895
14268000,0.001482366,-0.0010651024,-9.797716,-0.0011081162,-0.000389652,0.0010022871
14272000,0.0027380516,0.00096973963,-9.800997,-0.0008553046,-0.00048576077,0.00077980425
14276000,0.003098961,0.0032320847,-9.800343,-0.0002526515,-0.00027342042,0.00041301915
14280000,-0.00082133315,0.005666037,-9.800043,-0.00018443933,0.000719947,-0.00011981301
14284000,0.0026066243,0.004439494,-9.795504,-0.00030240885,0.0003423368,-0.0011709438
14288000,0.0028673655,-0.0028097008,-9.799175,-0.00026367762,-0.00057291304,-0.0010412526
14292000,-0.0038384642,-0.005204775,-9.810411,-0.00019214842,0.00027345997,0.00013554838
14296000,0.0003234963,-0.00030088823,-9.809448,4.2267602e-05,0.001075703,0.00020203555
14300000,0.0023936324,-0.00024958345,-9.80225,-0.0005898489,-6.248194e-05,-0.0003285264
14304000,-0.00041203175,0.0031535085,-9.801777,-0.00013039524,-0.0006240547,0.00010873881
14308000,0.0006105723,0.0041885767,-9.797832,2.9502606e-05,-0.0003512002,0.00010379504
14312000,0.0071252286,-0.0036890598,-9.801401,-0.0008420015,2.3120487e-05,-0.0008723533
14316000,0.0073758624,-0.008559381,-9.809166,-0.0007195678,-0.00058179005,-0.00045848812
14320000,-0.00020332987,-0.011722633,-9.804308,-0.0012335,-0.0008656616,-2.834171e-05
14324000,-0.0092747295,-0.004929985,-9.806353,-0.00095748715,-0.00017050226,4.983327e-06
14328000,-0.012147071,0.0011860097,-9.804583,-2.1974269e-05,-0.0002866262,0.00030590798
14332000,-0.007675647,-0.0003018437,-9.798302,0.00068595755,-0.00020719238,-7.919743e-05
14336000,-0.0037153547,-0.0021111767,-9.802149,0.0010278311,-0.00013538574,0.00039370573
14340000,-0.0056356937,-0.0009792745,-9.805761,0.0005918575,-8.6303124e-05,0.0017151287
14344000,-0.011751708,-0.002064852,-9.8039055,-0.00064854225,-4.1120322e-05,0.0018401241
14348000,-0.008261333,-0.0032707755,-9.802294,-3.0141564e-05,-9.705211e-06,0.0009972174
14352000,-0.0031721806,-0.0001019053,-9.800918,0.0013614662,-0.000103932485,0.0011629979
14356000,0.00071424234,0.0052022636,-9.797712,0.0013597995,0.0002348694,0.001015456
14360000,0.0011673137,0.007035345,-9.792983,0.00083409715,0.0010174536,0.00057134946
14364000,-0.0028222387,-0.0013346679,-9.795902,-0.00077672524,0.0014019515,0.00050918583
14368000,-0.0006135419,-0.0075549087,-9.794161,-0.00031407244,0.00048369553,-0.00039129332
14372000,-0.00054580485,-0.009291033,-9.788234,0.0005364743,-0.0005353726,-0.0009250732
14376000,-0.0048589525,-0.0034921514,-9.794863,0.0002477383,4.033504e-05,-0.0002649006
14380000,-0.0011422595,0.0021660065,-9.798785,0.00051442976,0.0002652284,-0.00034298102
14384000,0.0004426742,-0.004869782,-9.801672,0.00070078264,0.00024282133,-0.0001935136
14388000,-0.010914707,-0.005286325,-9.799579,-0.00028513116,0.00087313744,0.00081175764
14392000,-0.007488599,-0.0031501115,-9.792128,-0.0005365622,0.00025710167,0.0006576546
14396000,0.0007458554,-0.0024891,-9.803176,0.00090092403,-0.00046325015,0.0005885706
14400000,0.0009201091,0.0100486865,-9.807285,0.0005437158,0.000108323795,0.00013012972
14404000,0.007491003,0.006808429,-9.803096,-0.00031976803,5.230521e-05,0.000562648
14408000,0.0022461924,0.006581968,-9.795294,-0.00019408492,3.7628764e-05,6.8513866e-05
14412000,-0.0013730968,0.009888701,-9.786133,0.0010897513,0.00024808993,-0.00078094396
14416000,0.0021645634,0.0018302464,-9.793057,0.00082798616,-0.00045566738,-0.00030104455
14420000,0.005032965,0.0027306967,-9.798858,-0.0005682637,-0.00063214154,0.0009825958
14424000,0.0028637077,0.0039110943,-9.802441,-0.00014722394,0.00015228057,0.0012412815
14428000,-0.0070848493,0.001288842,-9.797796,-0.00047333134,0.0002885026,-4.1665546e-05
14432000,-0.003473884,-0.0012722941,-9.796394,-0.0010671865,-0.00076269853,0.0003785562
14436000,0.000101573314,-0.007140749,-9.796043,-0.0008517792,-0.0010722409,0.00019860541
14440000,-0.0009025032,-0.0047467244,-9.797514,-0.0004899303,-0.00056265376,3.63938e-06
14444000,-0.0014567594,0.0034660248,-9.801894,0.00011907437,-0.00044143156,0.00011549416
14448000,-0.006736205,0.005522424,-9.798912,-9.2144415e-05,-0.0008385957,-0.0005903913
14452000,-0.005696619,0.0054838774,-9.7988825,-0.0012921931,-0.0007074073,-0.00062695594
14456000,-0.002721346,0.004044149,-9.793353,-0.0008196235,0.00051950174,-0.00038785647
14460000,-0.0015911683,0.0060628997,-9.788518,-0.00031183063,0.00090603414,-7.797165e-05
14464000,-0.0010075076,0.004847199,-9.799037,-0.00051998533,-0.00043678127,6.765918e-05
14468000,-0.004267225,-0.00032724923,-9.80134,-0.00041557633,-0.00054210704,0.0006723036
14472000,-0.005635648,0.0036067995,-9.79336,-0.00082659186,0.00025070272,0.0003479259
14476000,-0.0051881224,-0.00042617734,-9.798293,-0.0006202598,-0.00024863594,-0.00047104526
14480000,0.00040777214,-0.0010408363,-9.803021,-0.00044457187,-0.0006516374,0.00035539913
14484000,-0.00029940158,0.0054357303,-9.80116,-0.00034172644,-0.000697217,-0.00032681326
14488000,-0.009044531,0.004953023,-9.793638,-9.394146e-05,-0.0008678577,-0.00078531785
14492000,-0.0040305927,0.0057497476,-9.792114,-0.00024693354,-0.000561948,-0.0002896678
14496000,0.0025494131,-0.0055495123,-9.801975,-0.00015151419,0.00015904481,-0.00022575451
14500000,0.0015547057,-0.0103439735,-9.806347,0.00023761843,0.00041212718,0.00025475555
14504000,-0.00601724,-0.0029422082,-9.807675,-0.00017527165,-0.00034343672,0.0008856297
14508000,-0.002477189,0.0049118283,-9.806114,-0.00032881327,-0.00066526106,0.0007177192
14512000,0.0055919047,0.0043488056,-9.8055,0.000544383,-0.00024366243,3.27826e-05
14516000,0.0022252218,-0.004375464,-9.797027,0.00024437954,0.00030595736,0.0004193292
14520000,-0.0040369807,-0.0005931519,-9.790177,0.00071344554,0.00038826006,0.000623255
14524000,-0.0024691431,0.004660985,-9.796043,0.00077284506,-0.00027386332,-0.00018635739
14528000,0.0025126422,0.0012235896,-9.797276,-0.0008744987,-0.00025030042,0.00032008745
14532000,-0.0025115977,-0.0016283754,-9.799826,-0.00058145006,-0.0013921084,0.00056632154
14536000,-0.0023497145,0.0022872495,-9.8017845,0.00064089743,-0.00093619974,0.0003583987
14540000,-0.0020170363,0.003927379,-9.798975,0.00088281964,0.00083557406,0.0010057176
14544000,-0.0034965505,0.00072529365,-9.800502,0.0006204779,0.00019332037,0.001186514
14548000,-0.005291183,0.0011739611,-9.8008585,0.0005530799,-0.00024766836,0.0010200633
14552000,-0.00828583,-0.00078303,-9.802291,-0.00043107808,-3.932702e-05,-7.214842e-05
14556000,-0.0055165924,-0.0064321742,-9.803986,-0.0007856364,-0.00047151072,-0.000829247
14560000,-0.00088567944,-0.0063794623,-9.796695,0.0006251602,-0.00057338557,-0.0006781371
14564000,0.0024563617,-0.0026371286,-9.792627,0.00015439423,-9.606499e-05,-0.00045233523
14568000,-0.0017359268,-0.0012478274,-9.798941,5.0828694e-05,-4.2729047e-05,-0.00052457466
14572000,0.0011555427,0.003467162,-9.796989,-0.00018213617,-0.00038989994,-0.00062480685
14576000,0.0032942274,0.0015721567,-9.791624,-0.0012909097,-0.00077727734,0.00024659303
14580000,-0.0050013433,0.0026533434,-9.801207,-0.00079260225,-0.0011040857,0.00021374554
14584000,-0.008238049,0.005963595,-9.806258,-0.00043241173,-0.0011689218,-0.00012380334
14588000,-0.0039112503,0.00048312938,-9.803797,-0.0007436972,-0.0010435309,5.195122e-05
14592000,-0.00084793696,-0.0045106513,-9.8037815,-0.0005871101,-0.00046211825,-0.0002961247
14596000,0.0026494332,-0.0023154025,-9.801699,0.0003898879,0.00044869483,-0.0014252899
14600000,0.00474176,0.002354252,-9.799215,0.0013812099,0.00035263342,-0.0013521567
14604000,-0.0021431139,0.0027845923,-9.797039,0.00045801353,0.00040857572,-0.00046111946
14608000,-0.0035509337,0.0021865044,-9.80183,0.00034731743,0.000713581,-0.00039381118
14612000,0.0022111489,0.002021121,-9.80213,0.0008274075,-0.00016614221,-0.0005621915
14616000,0.004772437,-0.002168804,-9.803072,0.00020199106,-0.00096731866,-0.0009481496
14620000,-0.00016216844,-0.010100157,-9.809158,0.00056971464,-0.00036516177,-0.00035919767
14624000,-0.005009219,-0.008243711,-9.804308,-7.8960256e-05,0.000225497,0.0004879056
14628000,-1.9393865e-05,0.002607044,-9.800632,-0.00061285106,-0.00047371566,-0.00031820234
14632000,0.0040114727,0.008982009,-9.8018055,-0.0006888768,-0.0009259303,-0.0009910661
14636000,0.0027628255,0.0050477525,-9.797331,-0.00029571768,-0.00087211624,-0.00017860325
14640000,-0.0038500784,-0.0007452206,-9.7948,0.0008279765,-0.00036269968,-0.00011366501
14644000,-0.0086704,-0.0007698317,-9.79237,0.00030752522,7.002385e-05,-0.000840806
14648000,-0.001011128,0.0030518381,-9.79711,-0.00027655516,0.000542186,-0.00053546194
14652000,0.003163815,0.0062597357,-9.803675,0.00048814836,0.0009610485,4.9464154e-05
14656000,0.005226302,0.006770011,-9.80229,0.00066592323,0.0003471746,-0.0008447799
14660000,0.0043466957,0.000999435,-9.798271,0.0009293847,-0.00011673128,-0.0006892774
14664000,-0.00327056,-0.004609242,-9.792471,0.00033755478,-0.00016471451,0.000718898
14668000,-0.008944369,6.7040404e-05,-9.795342,-0.00054679334,0.00029900006,0.00042877573
14672000,-0.0049038096,0.00400914,-9.800253,-0.00019607689,0.0009565823,-0.00015133097
14676000,0.0033280402,0.0012225746,-9.799458,0.0003338585,0.0010220329,0.00058586686
14680000,0.0063826274,0.001630755,-9.797651,0.00047596774,-1.02886115e-05,0.001396062
14684000,0.0030596831,0.0026687721,-9.79971,0.00069258513,-0.00016514644,0.0006715256
14688000,-0.008166548,0.0028789411,-9.797048,0.0011064642,-0.00054494716,0.00019610481
14692000,-0.006829599,0.0033661935,-9.795326,0.00059477106,-0.0010918053,0.0013708706
14696000,0.0003125663,-0.0022662336,-9.797183,-0.00010601609,-3.7461585e-05,0.0008907105
14700000,0.0019178021,-0.00788818,-9.798922,-0.0001073248,0.00011907748,-0.00053647783
14704000,0.0009969731,-0.00823238,-9.791752,0.00045461743,-0.00038772981,-0.0011129784
14708000,0.0021437914,-0.0017387806,-9.791536,0.0010987585,-0.00047138295,-0.00064919604
14712000,0.0041608373,0.004346253,-9.799818,0.0003406403,-0.0002378995,-0.00059341313
14716000,-0.00023502404,0.0028105997,-9.800671,-0.0006203799,0.0010375925,0.00031571326
14720000,0.0002789863,-0.005630094,-9.800179,-9.5217605e-05,0.00072550715,0.0006152951
14724000,0.00011107011,-0.0053435606,-9.802552,-0.00019815173,2.5528738e-05,0.00014563532
14728000,-0.0032206057,0.0010471012,-9.800915,-0.00013758746,0.0004484818,0.0006591106
14732000,-0.0036118506,0.0014043594,-9.796937,4.664624e-05,0.00037788515,-0.00022938904
14736000,0.00019794458,0.005323639,-9.79537,-0.00033959912,0.0010462843,-0.0004324149
14740000,0.0032377695,0.0029368855,-9.796248,9.82153e-05,0.00083377137,-0.0001901128
14744000,-0.0011141173,-0.0056135505,-9.805832,-0.000104167244,-0.00026553025,-0.001070163
14748000,-0.007615355,-0.004248518,-9.804946,-0.0004663517,-6.4786545e-05,-0.00046499836
14752000,-0.011103707,-0.00016228635,-9.797312,-0.00026281463,-0.00029103534,0.00077206193
14756000,-0.005566838,-0.00041784332,-9.801158,0.00014621334,3.05783e-05,0.0011945936
14760000,-5.341135e-06,-0.00015530548,-9.808268,-0.0007752211,0.0016250764,0.0010947546
14764000,-0.007797298,0.0033092157,-9.803116,-0.0012627146,0.0013891428,-3.1847176e-05
14768000,-0.010605416,0.0039093443,-9.79587,-0.00046416887,-0.0005759294,-0.00019395087
14772000,-0.0058320826,-0.00017903621,-9.799009,-0.00011869206,-0.0010706696,-0.0006137981
14776000,-0.0010505648,0.007221177,-9.802132,-0.0006742079,-2.3413584e-06,-0.00026001898
14780000,0.0068648737,0.008732812,-9.801378,-0.0012858271,0.00089405593,0.0005897321
14784000,0.007358348,-0.00076024904,-9.807541,-0.0010794513,0.00012964825,-0.00062819
14788000,-0.0005467951,-0.0015715784,-9.803402,-0.0012693072,-0.00094819703,-0.0009329508
14792000,-0.0025892165,-0.0006788987,-9.795294,-0.0007890386,-0.00076726003,-0.0008865904
14796000,-0.0022411812,-0.0037964096,-9.804031,-0.00038049856,-0.0007740659,-0.00021747046
14800000,0.0013156293,0.00047970805,-9.803598,-0.0007520853,-0.0007050265,8.092399e-05
14804000,0.004506867,0.0051945485,-9.799193,-0.0005534658,-0.0001208695,-0.0006729312
14808000,0.0024072723,-0.001388543,-9.803839,-0.00045041987,0.00024753358,-0.0001538524
14812000,0.0019230008,-0.00031653084,-9.799494,-0.00030382196,-0.0006039696,0.0014029103
14816000,0.0009186944,-0.00081796665,-9.798626,4.409628e-05,-0.000466214,0.0015918289
14820000,0.002895336,-0.007188769,-9.798132,0.00061855424,0.00027340357,0.00049269834
14824000,0.007973659,-0.0028572748,-9.8006,0.0006103517,-0.00036460644,0.0001463318
14828000,0.005428488,-0.0019949172,-9.799944,0.000277875,-0.00039511023,0.00071919203
14832000,0.006556565,-0.0004516686,-9.797358,0.00065003027,-5.4877284e-05,0.00064733083
14836000,0.0010105062,0.0035001007,-9.799931,-0.00013204834,0.00010391379,-0.0007815765
14840000,-0.00748442,-0.001817972,-9.799366,-0.0006856987,0.0004624048,-0.00038491888
14844000,-0.00550872,-0.0019745333,-9.800644,0.00058937515,0.00038116588,0.0004907289
14848000,0.0017886832,0.004793249,-9.797553,0.00032610178,0.00019628841,-0.000195599
14852000,0.0048635183,0.005881147,-9.80184,-0.0004869786,0.0010457127,-0.0004900548
14856000,-0.0016257698,-0.0025847144,-9.801527,0.00044602784,0.0009904216,-0.00033207054
14860000,0.003549869,-0.002825823,-9.7919655,0.0004931558,-0.0005891064,-0.00034093737
14864000,0.0033691418,0.0016722517,-9.787182,4.6524703e-05,-0.00051224063,0.0002550538
14868000,-0.0020746998,-0.00371165,-9.794756,0.0004067431,0.00064356584,0.0009916808
14872000,-0.0006880489,-0.0045856107,-9.8006,0.0006445542,0.00031921393,0.0007287295
14876000,0.004649271,-0.00076761603,-9.793876,-2.7258862e-05,-0.00028752995,0.00035575902
14880000,0.003392213,-0.0046765,-9.792277,-0.00031273143,-0.00060738233,8.3543855e-05
14884000,0.0033502798,-0.006051168,-9.793862,-2.0204534e-05,-0.0005715755,2.4733357e-05
14888000,0.00839174,4.7427543e-06,-9.798006,0.00037809202,-0.00048039426,0.00025105465
14892000,0.00030794932,0.0004254439,-9.800848,0.00010453347,-0.0016094961,-0.00022259931
14896000,-0.0061871894,-0.0023705813,-9.799219,-0.0007084556,-0.0013508239,-0.00013815804
14900000,-0.006607404,0.0019049742,-9.79979,-0.00057506206,-0.00056548894,-0.0001679749
14904000,-0.010194475,-0.0011257143,-9.795717,-2.5260224e-05,0.00063035236,-0.00031764997
14908000,-0.0037994517,-0.0033361604,-9.794032,-0.000169737,0.0009517269,-7.332967e-05
14912000,6.462938e-05,0.0010902028,-9.796665,-0.00075509347,0.00029602388,7.862215e-05
14916000,-2.1553133e-06,0.0018605903,-9.799437,-3.3766737e-05,0.00018688574,-1.1591479e-05
14920000,-0.00066178327,0.0043122047,-9.800595,0.00035313237,9.350446e-06,-0.00046228533
14924000,-0.0041035097,0.004841192,-9.798808,0.00062347413,3.4900128e-05,-0.00062006956
14928000,0.0035807109,-0.0035931899,-9.796795,0.001164543,-0.0002106686,-0.00024194407
14932000,0.00020838532,-0.0054589803,-9.80001,0.0007080687,-0.0012125218,-0.00014761317
14936000,-0.0011932829,-0.0041825045,-9.799845,0.0010878233,-0.00040848405,-0.00036685946
14940000,-0.0006914615,-0.004367481,-9.8038845,0.0010190654,0.00047656492,-0.00047392075
14944000,-0.013134502,0.00225355,-9.805677,4.8917427e-05,-0.00054846046,-0.00045424554
14948000,-0.005077502,0.00240102,-9.801849,0.00061400054,-0.0005289636,-0.00024744796
14952000,0.0022322962,-0.0018350772,-9.805933,0.00085682975,0.00020249725,6.4797064e-06
14956000,0.00013422733,-0.0047701835,-9.801582,-7.3408235e-05,0.00023145901,0.00076130294
14960000,0.00044046436,-0.002733754,-9.80035,0.00019504657,-0.00019043976,7.252809e-05
14964000,-0.002060332,0.0030387575,-9.806017,0.0006418077,0.0006007109,0.0001184329
14968000,0.003588149,0.0015264895,-9.802505,0.0008329989,0.0004675898,0.00031696542
14972000,0.0073047415,0.00016747473,-9.798313,0.00010630539,3.7155773e-05,0.00039072937
14976000,0.006434487,0.00836078,-9.795931,-0.00061940047,0.00069621677,0.0008854514
14980000,-0.00097008026,0.0075873905,-9.790514,0.0006352629,0.00088869524,0.00041226126
14984000,-0.008783193,0.0029107514,-9.794502,0.00077732775,-0.00019167361,0.0003625142
14988000,-0.007551238,0.0034059081,-9.797145,-0.00013416662,-0.00027750724,-0.0002790077
14992000,-0.005030626,0.0022352673,-9.793023,-0.00044784017,0.00061539514,-0.0004836491
14996000,-0.0033159652,-3.9570537e-06,-9.792856,-4.597727e-06,0.00039635223,-0.00012422033
15000000,0.0020968039,0.0060868016,-9.791422,0.0010093517,-0.00044800414,-7.36374e-05
15004000,0.0013823607,0.0053056017,-9.794418,0.00040118827,-0.0004219722,-0.00028749497
15008000,-0.0034178265,0.0025846385,-9.800049,0.00037504727,-7.712295e-05,-0.00023936451
15012000,-0.00040493696,0.003425573,-9.795479,0.00071407814,-0.00011210582,-0.0006456533
15016000,-0.00047021784,0.0018651198,-9.795531,0.00042065905,-0.00020839884,-0.0009340232
15020000,-0.0020567083,-0.00016199156,-9.801233,0.00024964748,-0.00046498523,-0.00017894337
15024000,-0.0007057581,-0.0032314807,-9.806904,-0.00020454795,0.00071687426,5.4970616e-05
15028000,0.0033365542,-0.0015330784,-9.809982,0.0002172711,0.0011367119,-0.00013606106
15032000,0.0031300657,-0.0010266539,-9.800825,0.0013522668,-0.00025112287,0.0003848112
15036000,-0.0012361215,-9.165244e-05,-9.800976,0.0012760562,-0.0002516404,-2.856915e-05
15040000,0.00158864,0.00023446346,-9.804075,-0.00017238487,0.0001024467,1.9217843e-05
15044000,5.0498405e-05,-0.0011837216,-9.799962,4.6159978e-05,0.00036029634,0.0007351382
15048000,-0.002234904,-0.0011889641,-9.797955,0.00088287285,0.0007385447,0.00051487796
15052000,0.0030765831,0.0030959127,-9.799038,0.00029938112,0.00034602408,-0.00012101941
15056000,0.0026872717,0.006606814,-9.80204,-0.0003564941,0.00018827777,-0.0009445048
15060000,-0.0011003176,0.0005137653,-9.804819,-0.0004219466,0.00048826763,-0.00039830327
15064000,-0.0031919656,-0.004288023,-9.80579,0.00013385418,0.0010048606,-0.00029016007
15068000,-0.005001493,-0.004933819,-9.800432,-0.0001431668,0.0009485778,-0.00035637693
15072000,-0.000598341,-0.0041579646,-9.803921,-0.0008271318,4.7120007e-05,0.0005427938
15076000,0.0032006113,-0.00362698,-9.8111725,-0.0012522972,-0.0006387932,0.00044391464
15080000,-0.001059025,-0.0010580258,-9.806143,-0.0007320468,-0.00029064043,-7.511654e-05
15084000,-0.0004224549,-0.004498466,-9.799026,0.00071973697,5.5515273e-05,0.0010751644
15088000,-0.0064041815,-0.0027720353,-9.804314,0.00019949168,-0.00046535456,0.0021566125
15092000,-0.009792424,0.0065394836,-9.804598,-0.00080639956,-0.0003682415,0.0013500709
15096000,0.0005565112,0.0049047763,-9.798569,-0.0006279565,-0.0002507554,0.0006478501
15100000,-0.0039797947,-0.0027842906,-9.796322,-0.00034325788,-0.000660872,0.00011821738
15104000,-0.0069466373,-0.0064679496,-9.795848,0.00021356068,6.2865884e-06,-0.00023591433
15108000,0.0011974368,-0.002532286,-9.799889,0.0004643539,0.00066448865,-0.00095585856
15112000,-0.0010855813,-0.0013199166,-9.80281,0.00024381692,0.0006310229,-0.0008893236
15116000,-0.0075530363,-0.0023571637,-9.798467,0.00029704158,0.00044290107,-0.000669373
15120000,-0.0035912315,-0.0041953474,-9.797797,0.00037436615,-0.00015410125,-0.0010765237
15124000,0.0012847392,-0.009103118,-9.804169,0.00046351552,0.00038149898,-0.00017549454
15128000,0.0011687181,-0.0063526384,-9.803387,-0.00019485348,0.0010124904,6.961047e-05
15132000,0.00020080917,0.0043134973,-9.8119335,-0.0006021292,0.0010099193,-3.364708e-05
15136000,0.002411011,0.0035062036,-9.805265,-0.0002772672,0.0008274756,0.0002126353
15140000,0.004057922,0.00052123226,-9.787951,-2.1965974e-05,0.00080271397,9.680567e-05
15144000,0.0015480529,-0.00016335641,-9.794064,-6.0162374e-06,0.000648433,4.358332e-05
15148000,0.0033407984,6.292321e-05,-9.806432,-0.00012708138,-0.00054927904,-0.00044837617
15152000,0.008833088,0.005779774,-9.811274,-0.00040924826,-0.00032724216,-0.00046135494
15156000,0.0063462383,0.0016947972,-9.806725,-0.0008408706,0.00015103135,-0.0005418243
15160000,-0.0015154675,0.00017728478,-9.7943325,3.507963e-05,0.00033487624,-0.00017732337
15164000,-0.010704622,-0.0044512176,-9.789777,0.00034151386,0.0007888286,0.00094607106
15168000,-0.007356564,-0.009239729,-9.797031,-0.00014652163,0.00037030748,0.00081865507
15172000,0.0043844064,-0.00044485807,-9.803571,-0.00023804506,-0.0007553167,-0.000108423344
15176000,-0.0007610539,-0.00023877669,-9.805651,-1.3754945e-05,-0.0003344703,0.00015178863
15180000,-0.0019487345,-0.0049097403,-9.803719,-6.805227e-05,3.2396238e-05,-0.0004611374
15184000,0.0054238164,-0.0031635999,-9.80134,-0.00013878684,-0.00061745924,-0.0008402443
15188000,0.002491678,-0.0026128513,-9.808228,0.00043042412,-0.0005022197,0.0002331958
15192000,-8.205221e-05,-0.006097547,-9.808276,4.905898e-05,-1.0627183e-06,-0.0006602086
15196000,-0.0017917342,-0.0025185377,-9.797984,-0.00060067506,0.0013830668,-0.00063810777
15200000,0.0020592685,0.002663948,-9.797501,0.00076918234,0.0012440449,3.4283268e-05
15204000,0.012800446,0.0018303947,-9.795087,0.0011919758,-0.00044813976,0.00013721964
15208000,0.009610169,-0.0048383623,-9.801437,3.6320293e-05,-0.00036040787,0.00070243515
15212000,0.004845201,-0.0045419,-9.809025,-0.00029870655,0.0004634306,0.0008444947
15216000,0.00068048656,0.0057160533,-9.802033,0.0003018004,0.00030508044,-5.482058e-05
15220000,-0.001144213,0.00823348,-9.791405,0.00019024147,5.400395e-05,-0.0013854542
15224000,0.00045282976,0.009673074,-9.792506,-0.0006752032,0.00046803488,-0.0008527269
15228000,-0.0048233895,0.005788391,-9.801901,-0.0005179395,0.0009780223,0.00018271341
15232000,0.0010539875,-0.0040461863,-9.798474,-0.00064715766,0.00012497422,0.000341064
15236000,0.01006587,-0.0068036113,-9.789591,-0.0014677756,0.0004406243,0.00033164638
15240000,0.0089504095,0.00010675529,-9.796981,-0.0006786073,0.00060542644,8.16136e-06
15244000,0.0036497107,-0.0009926031,-9.7991,0.0006338875,-0.00016393242,-0.00070725096
15248000,0.0074510938,-0.003981599,-9.795382,0.00010193113,0.001555959,-0.0009267096
15252000,0.011541281,-0.0013398236,-9.800409,-0.00038755295,0.0019519764,-1.621979e-05
15256000,0.002938871,-0.0009376858,-9.7993965,-0.0006108582,0.0004883426,0.00089292275
15260000,-0.0033885925,-0.0018815827,-9.803976,-0.00029934838,0.00033555573,0.00064715836
15264000,0.00025266648,-0.0025723744,-9.803474,0.0001231539,0.00064967654,0.001031282
15268000,0.009388736,0.0009243936,-9.79669,-0.0005337795,-0.0003766442,0.0008819142
15272000,0.0034887611,-0.004975368,-9.796696,-0.00016002281,-0.00098037,-0.0004442772
15276000,-0.0028115364,-0.005962885,-9.797247,0.00012015072,0.0002770844,-0.0005290112
15280000,-0.005509552,-0.0012415,-9.80206,-0.00046884269,9.303124e-05,1.2459618e-05
15284000,-0.008985998,-0.0021593054,-9.804913,-0.000227796,-0.0008316482,0.0003538731
15288000,-0.0020238822,0.0016604041,-9.801712,-0.0005105199,-4.2869786e-05,0.00031402792
15292000,-0.0018778766,0.00079717906,-9.802845,0.00059305294,2.89196e-05,0.0001151501
15296000,-0.0022933697,-0.0015009001,-9.806107,0.0008262056,-7.2487375e-05,-0.00089826947
15300000,-0.001342747,0.004806731,-9.795952,0.00020862962,-0.00025483768,-0.0009801274
15304000,-0.008601993,0.0074697575,-9.786419,0.00039216506,-0.00083146244,-0.0008191333
15308000,-0.008295313,0.0071657035,-9.795284,0.0001641047,-0.0010694684,-0.0011517344
15312000,0.0053746444,0.0051559024,-9.806108,0.00053702533,-0.00041869024,7.743575e-05
15316000,0.007135299,-0.0019205613,-9.807918,0.00030833634,0.0007460924,5.696509e-06
15320000,0.0004889759,-0.0040108985,-9.804944,-0.0004938302,-7.0373186e-05,-0.00056654366
15324000,0.0022022189,0.0017847694,-9.796637,-0.0004216853,-0.000854288,4.6250607e-05
15328000,-0.003649476,0.006192353,-9.7927,0.00025154988,-0.00075167057,-0.00012989335
15332000,-0.0019030904,-0.0002338263,-9.789544,-0.00029874945,-0.0005062352,-0.0006740866
15336000,0.005935671,-0.005044829,-9.786041,-0.00090512086,0.00010526811,-0.0010881567
15340000,-0.0007423399,-0.0043233233,-9.792387,3.9741204e-05,-8.73283e-05,-0.0003895174
15344000,0.004241959,-0.0075803516,-9.791244,-1.7833725e-05,-0.00078597956,-0.00041080252
15348000,0.007387577,-0.00718616,-9.795738,0.000910596,-0.00016827692,-0.0005445944
15352000,0.00079352956,-0.0017965039,-9.803106,0.001464647,0.00015705368,-0.00013070188
15356000,0.00093930034,-0.0032930665,-9.797754,-0.00037290558,-4.2680134e-05,1.8107397e-05
15360000,0.00049116486,-0.003121958,-9.798027,-0.00061070477,0.00017786503,-0.0002350306
15364000,-0.0030672601,-0.002028696,-9.80312,2.978315e-05,0.00040028317,0.0002650525
15368000,-0.0017013074,0.0024818901,-9.794733,8.622115e-06,2.7199962e-05,0.0005885037
15372000,0.000893804,0.009492847,-9.7938,-7.70327e-05,-0.0006460139,-0.00014984167
15376000,-0.00085050904,0.0040775887,-9.803072,0.0006040915,-0.00035780141,-0.0003691588
15380000,0.006188852,0.0010029721,-9.803913,0.0009175788,-0.00017159578,-0.00032835748
15384000,0.0065514036,-0.0026861862,-9.799093,0.00037307598,0.00036869542,0.00042346725
15388000,0.002203594,-0.0022276156,-9.799494,-0.00045964538,0.00068657193,0.00020328753
15392000,0.004650247,0.0027798077,-9.804176,6.1045204e-05,0.00047957595,-0.00021122233
15396000,0.0013087188,0.0008777577,-9.792938,0.00012175845,6.571056e-05,-9.5198346e-05
15400000,-0.0034498745,0.00091796496,-9.79188,-0.0015329585,0.00036169522,-4.2686916e-06
15404000,0.0011193629,0.007949697,-9.797028,-0.0023561907,0.00026969053,0.00044367215
15408000,0.005765396,0.0017798858,-9.798008,-0.0012323501,0.00027793745,-5.7073008e-05
15412000,0.0026005073,-0.008482984,-9.794186,-0.0013704494,0.00077006733,-0.00035398934
15416000,-0.0020067708,-0.0017966634,-9.792564,-0.0010281493,-0.0005826211,6.289689e-05
15420000,-0.003986691,-0.00031370175,-9.798574,0.0002541468,-0.0006377865,-0.00018721224
15424000,-0.0040107802,-0.0008977023,-9.799381,-0.00025649735,-0.00048170757,8.425934e-05
15428000,-0.0019712297,0.0049294764,-9.805462,0.00021741647,0.00012517704,0.00055801484
15432000,-0.0015347394,0.0015416817,-9.805218,0.00017101051,0.0005197485,9.4334595e-05
15436000,-0.0013643757,0.0014460048,-9.8039465,-0.0002644014,9.637784e-06,-0.0013724049
15440000,0.0064296043,0.0061968854,-9.813471,0.00031413318,0.0008528333,-0.0017774607
15444000,0.0018722888,0.003087683,-9.811106,0.00067321834,0.00071922154,-0.00037200097
15448000,-0.0011602412,0.0022791259,-9.805404,0.00025846032,-0.00049060624,0.00037545574
15452000,0.00677657,0.002646195,-9.801807,8.651264e-06,-0.0010237487,-0.0002656282
15456000,0.006624845,0.0008242955,-9.800199,-0.00061141246,-0.00025993824,-0.0004888257
15460000,0.0021414831,-0.0015052118,-9.805683,-0.0003085582,0.0006952873,-0.0003076269
15464000,-0.00900603,-0.0054006022,-9.800972,-0.00020140955,0.00080294994,7.500659e-05
15468000,-0.009831637,-0.0060160994,-9.790784,-0.0005078685,-4.793658e-06,0.00036890098
15472000,-0.00043046736,-0.0021168801,-9.788079,-0.00035715327,0.00033931044,-0.00030250638
15476000,-0.0007210537,-0.0041712327,-9.795416,-0.0005908555,0.00063517306,-0.0006473301
15480000,-0.00491798,-0.0071061314,-9.804363,-0.0005425414,0.00013185463,0.00019644483
15484000,-0.0032015203,-0.0020525549,-9.802794,-0.0010723266,0.00111448,0.00017531606
15488000,-0.004170796,-0.0016498902,-9.802017,-0.00022396227,0.0013102876,-0.00087837456
15492000,-0.00432352,7.019776e-05,-9.799691,0.000922444,0.00061179424,-0.0002623537
15496000,-0.0031363266,-0.0022882558,-9.80034,0.0006983164,0.0013486643,0.00041877385
15500000,-0.0041019195,-0.003646391,-9.805347,0.0001844005,0.0013499146,0.0007814313
15504000,-0.0039280523,-0.0020098086,-9.802151,-0.000102825434,0.00021969122,0.00070488907
15508000,-0.0015386353,-0.004382371,-9.800159,-0.0001936912,0.00058150815,-0.0005232523
15512000,0.0021942812,-0.0041943993,-9.7972,-0.0002988672,0.00069637573,-0.00052878226
15516000,0.00015590893,0.0007074969,-9.802218,0.0007489874,0.00023769694,0.00045596305
15520000,-0.0057175155,-0.0007786074,-9.805917,-0.00016340434,-0.00015349286,0.0006051273
15524000,-0.010232171,-0.0012239666,-9.800041,-0.0016865331,0.00035672425,-0.0002863658
15528000,-0.009283964,0.004264055,-9.799082,-0.00034277746,0.0004367661,-9.080914e-05
15532000,-0.005501817,0.0025429097,-9.797188,5.0805113e-05,0.00039004057,0.0008568343
15536000,-0.0024384211,-0.0024516063,-9.794159,-0.00014892682,2.9979574e-05,0.00024894075
15540000,0.0011079316,-0.005658767,-9.797647,-0.0004373343,-0.00078935217,0.00035938603
15544000,-0.0036987446,-0.0009748861,-9.798109,-0.0007774087,-0.00035464752,0.0005068828
15548000,-0.005481965,0.004147809,-9.79546,-0.0002832488,-0.00031218064,-0.00014170988
15552000,-0.004946109,-0.0042366735,-9.799425,-0.0003940266,0.0006592393,-1.5740683e-05
15556000,-0.002364442,-0.0089167515,-9.800375,-0.00045773893,0.0005096137,0.00044632313
15560000,0.00046159216,-0.0072881025,-9.798376,-0.0011483526,9.942827e-05,0.0011073931
15564000,0.0011208674,-0.0050398246,-9.795687,-0.0008343812,0.00035909764,0.0005551585
15568000,0.0080729,-0.0038410625,-9.794018,0.0002056492,0.0003158712,-0.0006953335
15572000,0.0042479895,-0.010260279,-9.801855,-0.0007581806,0.0009104754,-0.00036668876
15576000,0.0033575646,-0.005585089,-9.802879,-0.00037028422,0.0010281387,1.0404346e-05
15580000,0.0039922995,0.0012733329,-9.798556,0.0007222491,0.00057459285,0.00021240534
15584000,9.4314484e-05,0.0016245665,-9.797304,0.00079693063,-0.000634889,1.2333102e-05
15588000,0.0009875983,0.0028423883,-9.798196,0.0006612398,-0.0011013123,-0.0002890819
15592000,0.0019386964,0.003955557,-9.797342,0.00013700794,-0.001050904,0.0005368071
15596000,-0.0016676795,0.00902491,-9.799414,0.00034838947,-3.2194275e-05,0.0004669965
15600000,0.0012153522,0.0072694537,-9.800528,9.905821e-05,0.0009435217,3.818705e-05
15604000,0.0027675559,-0.00020030713,-9.796101,-0.00045927477,0.00013406717,1.5403615e-05
15608000,0.002191847,0.0022263485,-9.794626,-0.0007023162,-0.00057482347,-0.00050506357
15612000,0.0054500876,-0.0006585134,-9.802102,-0.0005177891,-0.0006604652,-0.00085625687
15616000,0.0054202056,-0.0034381347,-9.804553,0.00051110156,-0.0009573451,3.015224e-05
15620000,0.0059568654,0.0037011974,-9.794308,0.00060098106,-0.0008696719,0.00028417932
15624000,0.0037536602,0.0021340805,-9.791357,-0.00057205994,-5.6489185e-05,0.0002503856
15628000,-0.00077844237,0.0021642016,-9.79638,-0.0005696159,0.0008683806,-0.00032489604
15632000,-0.00015879193,0.0021473512,-9.793957,-0.0003874547,0.0010860433,-0.0012093468
15636000,-0.007920195,-0.00077826687,-9.791015,-0.0005710611,0.00020719023,-0.0018139035
15640000,-0.0124165695,0.0046097655,-9.794825,-0.00020883484,-0.00011364799,-0.0005790645
15644000,-0.003963429,0.0017067089,-9.797348,-0.00075578335,5.577574e-05,0.00060800416
15648000,-0.0008428395,-0.00092434604,-9.8017645,-0.0009860621,0.0006136803,-0.00016182728
15652000,-0.00056980574,0.0021157607,-9.804212,-0.00020957759,0.00055696187,0.00017682982
15656000,0.0036832201,0.008245025,-9.80987,-0.00011030237,0.00043308234,0.00015189259
15660000,0.0070656375,0.004630161,-9.801327,-0.00036357593,0.00037394417,-7.607351e-05
15664000,0.0026104075,-0.0014969558,-9.796797,0.00021624293,0.00048447357,-0.00027558638
15668000,0.0037338668,-0.003628922,-9.810322,0.00094006676,0.0001899133,-0.000744792
15672000,0.00037635752,-0.0032880665,-9.812846,0.0005564427,0.000110093206,-0.00088753516
15676000,-0.0064011663,-0.0018979408,-9.810217,0.00035945832,0.00088719605,-0.0009770739
15680000,-0.008834463,-0.007944294,-9.804094,0.00052833086,0.0006585096,-4.4138913e-05
15684000,-0.006645516,-0.006659143,-9.803452,-0.00043337818,-0.0007339438,0.0012411876
15688000,0.001977223,-0.0012911629,-9.800747,-0.0007251125,-0.00075869594,0.0007888132
15692000,-0.00024656445,0.000689315,-9.804977,-0.00032384903,0.00034243354,0.00046780164
15696000,-0.0048989384,0.006416011,-9.804794,0.00013669074,0.00022713323,0.0006352705
15700000,-0.0005815745,0.001540041,-9.797881,0.00068375835,-6.7437873e-06,0.00043585867
15704000,0.0040091155,-0.005164236,-9.803496,0.00043722274,-0.0002652944,-0.00021816324
15708000,0.00029149302,-0.0045832144,-9.797828,-0.0008566474,0.00021455986,-0.00041960552
15712000,0.0019200019,-0.0051585925,-9.794537,-0.00054291607,6.107587e-05,0.00046564412
15716000,0.00067865645,0.00039021144,-9.798616,0.00047812852,-0.00016379579,0.0005578897
15720000,-0.009116731,-0.0008481685,-9.7934,0.00039179987,0.00011379219,-3.0042944e-05
15724000,-0.0070643434,-0.0011110345,-9.795795,0.00058347423,-0.0005143574,8.384882e-05
15728000,-0.00454158,-0.0022657341,-9.802807,8.056339e-05,-0.0004095995,-0.00023622326
15732000,-0.005314568,-0.0032264097,-9.802313,-0.0004433833,9.028779e-06,-0.0005143306
15736000,0.0066894265,-0.0008989024,-9.793463,-0.0005762966,-0.0007531655,0.0005994167
15740000,0.0067421324,0.003278004,-9.794567,-0.00056914537,-0.0005951584,0.0008289808
15744000,0.0013940262,0.0020937428,-9.80018,-0.00051589054,-0.00019430467,-1.0828529e-05
15748000,0.001060891,0.0020752738,-9.796738,-0.0010960265,0.00064849324,0.00010242803
15752000,-0.0011073753,0.007730839,-9.802061,-0.00035623636,0.00090089656,0.00022887133
15756000,0.0011532954,0.00027042723,-9.803546,-0.00027815584,-0.00010354698,-3.9789036e-05
15760000,-0.0035784855,-0.0008303951,-9.801368,-0.0002914487,-6.0179467e-05,-0.00054798747
15764000,0.004411186,-0.0019394237,-9.798937,-0.00061747455,-0.0003838194,-0.00033490875
15768000,0.009058265,-0.0068955063,-9.793626,-0.00052319566,-0.0007782713,-0.00064555695
15772000,-0.002209317,0.0021660572,-9.800222,0.00025359204,-9.420229e-05,-0.00093899894
15776000,-0.007438095,0.008752295,-9.806988,0.00019200954,2.8398224e-05,0.000422436
15780000,0.003554505,0.004220342,-9.804573,0.0004936856,-0.00046078613,0.00068023376
15784000,0.010245893,0.00056198507,-9.799517,-1.2771722e-05,-0.0007882404,0.00059607363
15788000,-0.0022178292,-0.0031424575,-9.79634,-0.00012981945,-0.0010136357,0.00022802947
15792000,-0.008077836,-0.009490193,-9.796889,0.00031182764,-0.00012456802,-0.0003456946
15796000,-0.0065612905,-0.010769198,-9.797373,-0.00031263032,-4.744415e-05,-0.00081025035
15800000,-0.0016364376,-0.0025310926,-9.799166,-0.0006843469,-0.0014598022,-0.0015306006
15804000,0.00078792777,-0.0006328791,-9.795757,-3.7138332e-05,-0.0009757466,-0.0012821717
15808000,0.00035134907,-0.004502896,-9.791021,-0.00035228027,-0.00030713575,-1.9750936e-05
15812000,0.0013041984,0.00037659,-9.795184,0.00034868592,-0.00035416352,0.0010534858
15816000,0.0007975288,-8.9225694e-05,-9.799883,0.0011433378,0.00030953225,0.00035591586
15820000,0.0039890395,-0.008145921,-9.804034,0.00055101607,0.00039600898,-0.00057413307
15824000,0.0048105167,-0.003696567,-9.804177,-0.00038770447,0.00023091713,4.6353114e-05
15828000,0.0036038985,0.0024271165,-9.801028,-4.6956582e-05,0.00074110675,-0.00054877985
15832000,0.00323818,-0.001810238,-9.79987,0.0009221513,0.00078309316,-3.3308286e-05
15836000,0.0008364987,-0.0020274068,-9.80187,6.947465e-06,0.00043444193,0.0011007098
15840000,-0.0023659058,-0.00062781805,-9.797762,-0.00045498213,0.0001891353,-8.1505124e-05
15844000,-0.00033350248,-0.0069854013,-9.789152,-0.00010242128,0.00037939905,-0.00021152862
15848000,-0.00084670936,-0.005283427,-9.794888,0.000901238,8.0818616e-05,0.00048629608
15852000,-0.0048808614,-0.00026310363,-9.8013,0.00092830224,-0.00025351107,0.00079935667
15856000,0.0074564507,-0.01392031,-9.800907,0.0006813881,0.0005784467,0.0012614527
15860000,0.010387797,-0.0151820425,-9.800163,0.0009717204,0.00032100736,0.0013686479
15864000,0.0026976836,-0.0053451257,-9.799459,-0.00033786334,-0.0003170888,0.00027821455
15868000,-0.0016437799,-0.0016314675,-9.7949095,-0.00069799577,-0.0004337561,0.000620345
15872000,-0.004983668,-0.0025467507,-9.789197,-0.0004523109,0.0005020421,0.0005010588
15876000,0.003931282,0.00026134378,-9.791881,-0.00054519565,0.0011237523,-0.0015876031
15880000,0.0032748715,-0.0015241441,-9.793157,-8.219341e-05,0.00015399072,-0.0014039694
15884000,0.00089060783,-0.00091610244,-9.798386,0.0003476415,-0.000276116,0.00013915535
15888000,-0.002234888,0.0021158126,-9.798982,0.00023696112,0.00077835226,0.0010891635
15892000,0.00018947109,0.0037168413,-9.795637,-0.0004888654,0.0013078226,0.0010213798
15896000,0.00813585,0.006770476,-9.799999,-0.00095579686,3.965147e-05,-0.00016718448
15900000,0.00264247,-0.00062739674,-9.800427,-0.0013308093,-0.00032541453,-0.0004537386
15904000,-0.0024061748,-0.0022820327,-9.798817,-0.0011302419,0.0002529175,-0.00031081482
15908000,-0.011271388,-0.00060482475,-9.795622,-0.0011105695,0.00014543957,-0.00037072986
15912000,-0.0080760885,0.00011819524,-9.797581,-0.0008137484,0.0011382147,0.00026474122
15916000,-0.000828173,0.0003980214,-9.789505,-4.9056012e-05,0.0010754099,9.281475e-05
15920000,-0.0053803967,0.002193501,-9.791824,0.00014675969,-0.00040172396,0.00075793994
15924000,-0.005170214,-0.00028542697,-9.804922,0.0006745841,-0.00090676034,0.0010228058
15928000,-0.0037380182,-0.0022333723,-9.802942,0.0017971302,-4.8417874e-05,0.00088746985
15932000,-0.0032500532,-0.0008191885,-9.799852,0.0012900343,0.00048940204,0.0010960345
15936000,0.0014702363,0.0009981026,-9.800112,-4.51144e-05,-0.0011350703,0.00032607612
15940000,0.005200644,0.0016213506,-9.803083,-0.0007480913,-0.0015103609,0.00027761317
15944000,-0.0008988412,0.0048653674,-9.796639,-0.0010707162,-0.00016595694,-0.00017722597
15948000,-0.0076285973,0.004977671,-9.789993,0.00023104572,-0.0003124387,-0.00013214714
15952000,-0.0067149177,-0.0020581197,-9.794411,0.0007499378,-0.0005660277,0.00037862148
15956000,-0.0021084019,-0.004605878,-9.801304,0.00085222535,-0.000997197,0.0004587055
15960000,0.002593296,0.0013405366,-9.803036,-0.00010455596,-0.0011845918,0.00032163583
15964000,-0.0009470908,0.00065825967,-9.797369,-0.00024916063,0.00041597427,0.00016213593
15968000,-0.004572838,0.0010168562,-9.802135,0.00014936055,0.0011591747,0.0006469803
15972000,-0.004026463,0.0028664721,-9.804026,-0.00049572473,0.000543495,-0.00057771313
15976000,-0.0024613328,-0.00049933704,-9.800129,-0.0005780912,0.000111323,-0.0011893007
15980000,-0.0015202481,0.00080937624,-9.806849,-3.956359e-05,0.000236055,-0.00063745986
15984000,-0.00044670317,-0.0014713771,-9.811784,0.0006609751,-9.3345094e-05,-0.0010510854
15988000,0.0018552234,-0.006751707,-9.810977,0.00044093607,-0.00052400306,-0.0006845419
15992000,-0.0017446132,-0.0050666365,-9.804093,-0.00033285478,0.00015669134,-0.00047171276
15996000,-0.0059601655,-0.0032683979,-9.7951,-0.00020755993,0.0002255051,-4.1125564e-05
16000000,-0.0040779663,-0.008312602,-9.791719,4.490693e-05,-0.0006127485,0.0005803295
16004000,0.004132734,-0.004253078,-9.794212,-0.0009106447,0.00011625219,-0.00021676085
16008000,0.00233033,-0.0016468178,-9.794468,2.2345648e-06,0.00069619034,-0.00050831866
16012000,0.00031436468,-0.00322755,-9.795937,0.00060418405,6.0727005e-05,-4.027696e-05
16016000,-0.00021938121,1.9889371e-06,-9.797295,1.3389693e-05,0.00017368828,0.00033124365
16020000,0.0011635581,-0.0015114162,-9.799937,0.0005342769,0.0005983413,0.00030570957
16024000,0.0047218595,-0.005266322,-9.800778,0.0008302193,0.00042103438,-0.00020172585
16028000,-0.0002709065,-0.006576192,-9.796835,0.00041886052,-0.00024049882,0.0002811639
16032000,-0.0021628963,-0.0056418353,-9.8009615,8.015672e-05,-0.00066070113,0.0012955024
16036000,0.0014582821,0.004280729,-9.803223,0.00036742707,-0.0005237031,0.0003731384
16040000,3.4126453e-05,0.005845054,-9.801115,0.00040733768,-6.657105e-05,-0.0010596334
16044000,-0.008712574,-0.0045215646,-9.797302,0.0004190402,0.00016186658,-0.00062120875
16048000,-0.0042714626,-0.00043774373,-9.794762,0.0002432985,3.5005218e-05,9.204744e-05
16052000,0.002890467,0.00708863,-9.796362,-0.00042884977,0.00014759708,-0.0008115822
16056000,-0.002828211,0.0019131935,-9.801757,0.00045240976,0.00070827693,-0.0012451384
16060000,-0.00927502,-0.0034587497,-9.805145,0.0007303104,-0.00025696796,0.000358607
16064000,-0.0030953432,0.005348209,-9.801687,-7.7407356e-05,-0.00035316497,0.00069088436
16068000,0.0027015319,0.009949398,-9.804723,-0.0001227056,0.00046307824,0.0005650491
16072000,-0.00047415498,0.0006338937,-9.809901,-0.00049798586,-0.0004202944,0.00037536176
16076000,-0.0037280442,0.0016664648,-9.804871,7.552673e-05,-0.0011316176,-0.0006041109
16080000,-0.0054353685,0.0030617667,-9.795843,1.678379e-05,-0.0003640191,-0.00085819233
16084000,-0.0020544564,0.00035166412,-9.797504,-0.0008871283,-0.00015506658,-0.0001416353
16088000,-0.0014417737,0.002791708,-9.799313,-0.00035772502,-0.000696989,0.00070823875
16092000,-0.0012985492,0.0012805343,-9.792536,0.00021706065,-0.00025331392,-0.0005098263
16096000,0.0022231983,-0.0050203013,-9.798055,-0.00023750158,0.0008735197,-0.0010187776
16100000,0.0041400683,-0.0023726737,-9.80694,-6.6574954e-05,0.00084977486,-0.0003927409
16104000,0.0057886345,0.00010501779,-9.803896,0.00081338984,-0.00018990527,-0.00079100084
16108000,-0.0007738791,-0.002327066,-9.7993965,0.0005504398,-0.0006319368,-0.0011188145
16112000,-0.0038004888,-0.0014847526,-9.796664,0.00030420322,-0.0009578054,-0.0018264321
16116000,-0.0001526688,-0.002783411,-9.796602,-0.0008875773,-0.000185524,-0.0011440886
16120000,-0.0017589061,-0.003519832,-9.80024,-0.0009238197,0.00077592395,-0.00032461123
16124000,0.004049783,0.00056171685,-9.803264,-0.0001223352,0.0005449699,-0.0003031031
16128000,-0.004243803,0.0028893384,-9.801006,-0.0005137365,-0.00019082417,0.00023698503
16132000,-0.009432835,0.0009122768,-9.798685,-0.00016631413,0.00027789554,6.783658e-05
16136000,-0.0023405873,0.00058081746,-9.800812,0.00020208745,0.00084527105,0.00033918364
16140000,-0.0060197227,-0.003910491,-9.800056,-3.481902e-05,-0.00012874616,6.760623e-05
16144000,-0.00040999474,-0.00027086996,-9.7962,-0.0005532149,5.619751e-05,-3.7851623e-05
16148000,0.0039748056,0.0047379,-9.7913,-0.00024762086,0.00018889038,0.0006497016
16152000,-0.00075033016,-0.002968942,-9.796283,-0.00016697579,0.00021657585,0.00044002183
16156000,-0.005682539,-0.0055410997,-9.799567,0.00019731616,0.00053116836,0.00050390104
16160000,-0.0037982247,-0.0019916345,-9.796628,-7.2831375e-05,4.536577e-05,0.00020945918
16164000,0.0011564076,-0.0013029273,-9.80091,-0.00081324304,0.00062759424,0.00015242623
16168000,0.0054172645,-0.0048151365,-9.797598,-0.00060291786,0.00031909742,-0.0002198195
16172000,0.006816087,-0.002663927,-9.793816,-0.00015439739,-3.3909106e-05,-0.00051371113
16176000,-0.00202775,0.005103838,-9.797838,-0.00015074469,0.0003511149,0.00020185775
16180000,-0.0054054046,0.0012737209,-9.79756,-0.0011105147,0.00067185884,8.200663e-05
16184000,-0.0030255453,-0.0011679062,-9.797943,-0.00012827369,0.00083771336,0.00028932284
16188000,0.002014763,-0.00096142024,-9.802329,0.000544253,0.0003442217,0.0010883717
16192000,0.008449909,-0.0006298618,-9.804938,0.00042065646,0.00026278594,0.00065492635
16196000,0.0040500695,-0.00041758586,-9.807304,-0.00035110375,0.00013148985,-0.00011741682
16200000,-0.009219556,-0.004777162,-9.807394,-0.0002904071,2.120169e-05,-0.00014828598
16204000,-0.009704165,0.000319887,-9.80591,0.00059922657,0.0003629253,0.00041882656
16208000,-0.0013209825,0.0018389454,-9.806091,3.014549e-05,-0.00037233584,0.0015183624
16212000,0.0057087797,0.003685164,-9.799105,0.00041316557,-0.0008091673,-4.132483e-06
16216000,0.004392103,0.010518131,-9.795921,0.0005539418,6.779925e-05,-0.0012558819
16220000,0.00092064275,-0.004414114,-9.798212,0.00027169302,-0.00059922907,-0.0001604668
16224000,0.0031335372,-0.0072484906,-9.79571,-0.000114097784,-0.00070164684,0.00034798242
16228000,0.006804447,0.003197904,-9.800491,2.6167956e-05,-1.6990238e-05,0.0004959969
16232000,0.0048285816,0.0040259506,-9.801614,0.0005645383,-0.00033191367,9.477187e-05
16236000,0.0043040323,-0.0040647984,-9.801443,0.0006184191,-0.0008613631,-0.0002722802
16240000,0.006132748,-0.008858001,-9.801493,0.00055020576,-0.00033723397,-4.5054712e-05
16244000,0.0062601436,0.0030966182,-9.798155,-0.0005182764,-0.00024829182,0.00039087253
16248000,0.008332091,0.0026673519,-9.797937,-0.000540799,-0.00037161552,0.0002587538
16252000,0.008050249,0.0027864282,-9.79547,-0.00013269749,0.00062014634,2.630648e-05
16256000,0.009978511,0.0031120377,-9.805509,-0.00033562214,0.0007210826,0.00075087725
16260000,0.0064040544,0.004458439,-9.806858,-0.00016969207,0.0007827426,0.00043236293
16264000,0.0068735983,-0.00092282385,-9.796679,-0.0008948412,0.0007569128,-3.5178065e-05
16268000,0.00371406,-0.004458646,-9.798936,-0.00058636727,-0.00012253986,0.000116295734
16272000,-0.0037782174,-0.0013662636,-9.802029,0.00026245168,-0.0001893766,-0.0007099602
16276000,-0.0038186745,-0.008165188,-9.790823,0.00034426968,0.0009355769,-0.00010487578
16280000,-0.00078422495,-0.0076640625,-9.789238,0.0005423945,0.0016258401,0.00045500768
16284000,0.001401993,-0.0046284148,-9.80613,0.00041493392,0.0007756113,-0.0005286553
16288000,-0.0012604975,0.0009811237,-9.804695,0.00041591452,3.2634372e-05,-0.00037749886
16292000,-0.005506116,0.0072964774,-9.794277,0.0005091781,-0.00029431892,-0.00024072336
16296000,-0.0027330604,0.0030526442,-9.791201,0.0002543336,-0.0007315763,-0.0011215785
16300000,0.0038576594,0.0002967617,-9.79525,-0.0012782712,-0.000118872274,-0.0009698458
16304000,0.0050236676,0.00045966945,-9.798922,-6.654787e-05,1.9820032e-05,-0.00062226626
16308000,-0.0045159427,-0.008434045,-9.798197,0.00094820966,0.0005148733,-0.0003042494
16312000,-0.006152909,-0.009683996,-9.806345,-0.00015794548,0.0008936222,0.0003789349
16316000,0.0002468586,-0.006141401,-9.806574,-0.00014276768,-0.00044259982,1.9568573e-05
16320000,0.003009194,-0.0021906616,-9.801355,0.000125571,-0.0013858832,-0.00016858612
16324000,-7.494401e-05,0.00022686081,-9.800142,-9.3435636e-05,-0.0011393207,-0.0002762092
16328000,-0.0018462138,-9.060998e-05,-9.803488,-0.0014331787,-0.00072500727,-0.0019231754
16332000,0.0017063287,0.00666638,-9.802002,-0.00041605573,-0.00023852766,-0.0019167773
16336000,0.0010421334,0.009395953,-9.79615,0.0009978742,0.00090373633,-0.0005535318
16340000,-0.0005436777,0.0016975552,-9.803562,0.0009842801,0.001140904,0.00063129264
16344000,-0.0015090024,-0.0063421396,-9.801037,0.00058963546,-5.2938885e-05,0.0012169194
16348000,-0.0022615627,0.0075144116,-9.799778,-1.5228931e-05,0.0003464293,0.0011141761
16352000,-0.0039455635,0.0071311025,-9.805483,-9.054195e-05,0.0007561873,0.0008513968
16356000,0.00088111265,-0.002387485,-9.805216,0.00038501,0.00025184778,0.00035797857
16360000,0.0061410563,0.00037378637,-9.794502,0.0006552126,0.00067941356,0.00016344526
16364000,0.0063907453,-0.004137288,-9.791798,0.00060817075,0.0007397469,-0.00043219977
16368000,-0.00048649547,0.0013567661,-9.804869,-0.00023334676,0.0008276097,-0.0007687602
16372000,0.0015989712,0.0007288924,-9.800164,-0.0005978432,0.00055678474,-0.0008485771
16376000,0.00476392,-0.0072739976,-9.79297,-0.00041853494,-0.0008565106,-0.0005113164
16380000,0.0027218547,0.00050391513,-9.802217,-0.0007395927,-0.00031331493,0.00014315092
16384000,0.0041970955,0.007582403,-9.807502,-0.0010547063,-4.3082462e-05,-2.1622793e-05
16388000,0.0029825452,0.0010922158,-9.797243,-9.1160546e-05,-0.00039019392,-0.0003210537
16392000,0.003894403,0.005791065,-9.792492,0.00017809132,0.00037189177,-9.058831e-05
16396000,-0.0016324087,0.0043786904,-9.80218,-0.00049539254,-0.00037050876,0.00046004364
16400000,-0.003514397,0.0036758576,-9.801287,-5.861443e-05,-0.0010814384,0.0004510352
16404000,0.004106046,0.0072658733,-9.797681,0.0005173691,-0.0006927476,-0.00022755293
16408000,-0.0008434332,0.0060461317,-9.804725,0.00050136173,-0.00046117377,-0.00022233461
16412000,-0.0052651847,0.0027850703,-9.804586,0.000389552,0.00013487053,-0.0003051693
16416000,0.0035324863,-0.00868872,-9.805437,0.00027705386,0.0012448943,-0.00032018905
16420000,0.0018737465,-0.0038723552,-9.806059,9.8909164e-05,0.0009640347,-0.0005337251
16424000,-0.0043617385,0.003277274,-9.803593,2.1855069e-05,0.00048418844,-0.0006631392
16428000,-0.0014487355,0.0044399905,-9.803481,-0.00044578032,0.00097069447,-0.00058242865
16432000,-0.0003900652,0.0010564302,-9.806348,-0.0008768918,0.0016537093,-0.0006898777
16436000,0.0047360687,-0.0061287666,-9.811255,-0.0003226105,0.0010782314,-0.0011588846
16440000,0.004648517,-0.003260757,-9.80737,-0.00073574996,0.00048743392,-0.0014276714
16444000,-0.00012465546,0.005376826,-9.80473,-0.0009556338,0.0013046153,0.0004246004
16448000,0.007023412,0.0010445605,-9.805524,0.00036189271,0.00089310465,0.00090934685
16452000,0.006910521,-0.0064100893,-9.799408,0.0005742083,-0.00011886851,0.00015774087
16456000,0.003023143,-0.00523149,-9.798732,0.0010541518,-0.00038623935,-0.00022429868
16460000,0.005806952,-0.0017906524,-9.80209,0.0004344566,-0.00012577797,-0.0008789381
16464000,0.0041107545,0.0027698958,-9.801937,1.0344157e-05,-0.00065004296,-5.8789377e-05
16468000,0.0033598836,0.00051777903,-9.800586,0.00030397673,-0.00025291962,-0.0002200874
16472000,0.002078399,-0.005746932,-9.801794,0.00045123053,0.00066521525,-0.00088897115
16476000,-0.0057427683,-0.005762496,-9.810744,0.00077928294,-0.00011433,-0.0005883167
16480000,-0.0030471156,-0.0064179217,-9.806103,-0.00023639167,-0.00084529433,-0.00060189946
16484000,-0.00080294267,-0.0071140644,-9.798706,-8.181349e-05,-0.000366841,-6.6605004e-05
16488000,-0.0030859055,-0.0032232492,-9.799971,0.00032217178,1.10610645e-05,-5.3705804e-05
16492000,0.00055327994,-0.0044371095,-9.800256,-0.0005287828,-7.350685e-05,-0.00025794058
16496000,-0.002076094,-0.007968876,-9.802004,-0.0009840878,0.0003083521,-0.00025183478
16500000,-0.003543978,0.00012617063,-9.800575,-0.0007556841,0.00093463156,-0.00036307328
16504000,-0.003009149,0.0013017699,-9.806437,0.0001419334,0.00066846213,-0.0012200332
16508000,-0.0028112184,0.000678189,-9.806824,0.0009293615,0.00043439804,-0.00049061846
16512000,-0.0020289908,0.0028884532,-9.799524,0.0005397129,0.00082338473,0.0004117488
16516000,0.004538739,-0.00039884378,-9.805414,-0.00062421616,0.0009156907,-0.00045322572
16520000,0.012055749,0.007258949,-9.807041,-0.00056721317,0.0003418447,0.00079049036
16524000,0.007401455,0.010419189,-9.800556,-0.0004576998,-0.00068824156,0.0012234764
16528000,-0.002260071,0.001062264,-9.79834,-9.131207e-05,0.00024797316,-0.00042049962
16532000,-0.004043375,-0.0018828084,-9.802254,0.00060819206,-0.00022035286,-0.0011914948
16536000,0.0011986799,0.0030075083,-9.80612,0.00035570076,-0.0007465538,-0.0010593426
16540000,0.0011233274,0.008772469,-9.805461,0.0004827349,0.00052549684,-0.00073107425
16544000,-0.0015615623,0.0038866915,-9.804588,0.0005294986,0.0005048624,0.00020701693
16548000,0.005669742,-0.006197282,-9.801333,0.0006109138,0.0007811811,0.00035061952
16552000,0.0029159128,0.00068441976,-9.7949505,-6.1047256e-05,0.0006362324,0.00022592438
16556000,-0.005732584,0.006446311,-9.799717,-0.0004839738,2.2904138e-05,0.00017489666
16560000,-0.00047096296,0.0007682965,-9.810919,-0.0003862209,0.00039843083,-0.00040818672
16564000,0.0042781574,-0.004559614,-9.802754,0.0006663129,0.00018120422,-0.00062892993
16568000,0.0056508724,-0.0010217864,-9.795426,0.00011271411,0.0003102792,0.0002566086
16572000,0.00553413,-0.0030838079,-9.796816,-0.0016534829,0.0005686585,0.0004578919
16576000,0.0031279596,-0.009067664,-9.798454,-0.0003527979,0.00046130348,-0.0002721677
16580000,-0.0013874931,-0.0041754856,-9.8018,0.00014098646,0.00039786685,-8.881314e-05
16584000,-0.0032395641,-0.00104404,-9.804507,-0.00037397738,4.4700515e-05,0.0002237901
16588000,-0.0018699928,-0.0014002539,-9.807775,-3.651327e-05,-0.00037645551,-0.0003086808
16592000,-0.0025236155,-0.0049187527,-9.804684,0.00050516275,-0.00044522,-0.0006749181
16596000,0.0014231903,-0.0033791773,-9.804648,0.0003699128,-0.00028415237,0.00047417797
16600000,0.0043023927,0.0041800025,-9.805941,0.00073513074,-0.00062688504,0.00067660504
16604000,0.001572788,0.008443805,-9.801691,0.00085313857,-0.00020119574,0.00028878317
16608000,-0.001905537,0.0043033445,-9.797276,0.00026799986,0.0001999259,0.00031028234
16612000,-0.00016058492,0.00096456835,-9.795656,0.00041667296,-0.00059625594,2.2263379e-05
16616000,0.004756856,0.0008837912,-9.801408,3.0841344e-05,-0.00091709197,0.00062015915
16620000,-0.0034512046,-0.0029056268,-9.805744,-0.00088338845,-0.00018629049,0.00057333865
16624000,-0.0012428819,-0.0038231702,-9.799669,-0.00025403072,0.00036358036,-0.00065125414
16628000,0.009478349,-0.0050291503,-9.794083,0.00042108572,-0.0001392751,-0.0008063958
16632000,0.007316211,0.0027221653,-9.796083,6.647088e-05,-0.0005710361,-0.00046530992
16636000,0.0063647274,0.0066014444,-9.801117,-0.00016321253,-0.0003100961,-0.0010797242
16640000,0.0038459825,0.0010740362,-9.8017235,5.4510427e-05,-0.00046947214,-0.0010291849
16644000,-0.005581065,0.001808027,-9.799364,0.0006181559,-6.568338e-05,0.00020963742
16648000,-0.0061630965,0.0023999722,-9.799667,0.00047650744,0.00029257732,0.00045105602
16652000,0.00012851018,0.001539646,-9.797269,0.00045580242,-0.0003404667,-0.00053369394
16656000,0.0037136893,0.0061378004,-9.796055,0.00042483138,-0.0005870152,-0.00028632933
16660000,0.004530286,-0.0022498858,-9.794971,-0.00063760654,-0.00038488867,0.00049275026
16664000,0.00091026095,-0.0097106695,-9.797928,0.00012568108,-0.00030455893,0.0006089755
16668000,0.0023039118,-0.0051850756,-9.796591,0.0014195212,-9.010504e-05,0.00061810354
16672000,0.007048647,0.0015165963,-9.7939205,0.0008696636,0.00012581226,0.00023588492
16676000,0.0011750453,0.007471659,-9.800783,-0.00024548103,0.00041993777,0.00044738583
16680000,-0.009042946,-0.0009841914,-9.798058,-0.0006994793,0.0007525865,-0.00038451402
16684000,-0.00607151,-0.007642743,-9.805487,-0.0008353455,0.00046268175,-0.0008300317
16688000,-0.0023427391,-0.005788775,-9.8077545,-0.00033421308,0.00043231665,-0.0010009357
16692000,-0.006578333,0.0012110546,-9.801254,-0.00048925454,-0.00035020942,-0.0011263706
16696000,-0.002201079,0.003552379,-9.805941,-0.0016998313,-0.00028226562,0.00034171136
16700000,-0.0023753273,-0.00034944262,-9.8082485,-0.001684706,0.00037980438,-0.0006026329
16704000,-0.0055980757,0.0009818502,-9.809556,-0.0006895612,0.0009471039,-0.001595434
16708000,-0.006660619,0.0050412337,-9.805632,-0.00028512246,0.00053185434,-0.0004635551
16712000,-0.0033795866,0.0013320937,-9.792868,-0.00059679954,0.00016426244,-0.0002328928
16716000,0.0009035411,0.00057331333,-9.789093,0.0001647312,0.0007808568,-0.0005626091
16720000,0.0016814775,0.0032311014,-9.800896,0.00011081916,0.0004946834,-0.0008760387
16724000,0.0022727747,0.0017732753,-9.803371,-0.00027683354,-0.0005307936,-0.00031013397
16728000,0.003601317,-0.0034992436,-9.800518,0.00032398602,-0.00026420402,9.045927e-06
16732000,-0.003263357,4.8932823e-05,-9.8029,0.00012156549,0.0002903365,-0.0005171174
16736000,-0.004875168,0.00021594412,-9.803516,-0.0009040621,-0.00059509656,-0.0002699971
16740000,-0.0013278774,-0.0020589519,-9.799576,-0.0006809796,-0.000556026,0.00037821426
16744000,-0.00073495193,0.006198035,-9.799986,-0.00044088133,-0.00018310476,0.0013904349
16748000,0.000103310915,0.006514007,-9.80089,0.00021361561,0.00017847012,0.00020083977
16752000,-0.0028438189,0.0046113348,-9.796131,0.00032710488,0.00024602853,-0.00057334924
16756000,0.00223381,-0.0004900859,-9.796492,0.0005236757,0.00062150555,0.0009386676
16760000,0.007959307,0.002145631,-9.795932,0.00038064577,0.0011871066,0.0010785842
16764000,0.011261815,0.0057968674,-9.792501,5.5230474e-05,0.0009289646,-0.00023208605
16768000,0.007059881,-0.004096538,-9.797513,0.0008216268,0.0005096671,-0.0006547739
16772000,0.002623616,-0.004672442,-9.800814,-5.7902696e-05,-0.00048200614,-0.00028127822
16776000,0.005486054,-0.00054349535,-9.800571,-0.0011992833,-0.0017204023,0.00012495587
16780000,-0.003278363,-0.0034613064,-9.805315,-0.000203483,-0.00092907774,0.00035778384
16784000,-0.010432096,0.0017018196,-9.797808,0.00032843804,-9.31387e-05,-0.00092762447
16788000,-0.0044181943,0.001924512,-9.796219,-0.00021312785,-0.00015410507,-0.000769869
16792000,-0.005658428,-0.0032771106,-9.802645,-0.0006360941,0.00023005968,0.00073968346
16796000,-0.002739364,-0.0020168405,-9.797804,-0.0010680862,0.0006646661,0.0008050762
16800000,-0.0010958728,0.002931578,-9.791536,-0.0002665304,0.00059422187,-3.1306674e-05
16804000,0.0040727295,0.005826586,-9.791823,0.000618872,2.8504619e-05,-3.8113794e-05
16808000,0.007012745,0.0070211967,-9.796347,0.00027703872,-0.00043575896,0.00052818283
16812000,0.0012554703,-5.1241163e-06,-9.792914,0.00037443152,-0.0002331236,0.000129126
16816000,0.0064144777,-0.0023229625,-9.797955,0.00051714,-0.00070496555,-0.00017709921
16820000,0.008793137,0.0012586962,-9.804486,-0.00036944807,-0.00023149868,-4.0078347e-05
16824000,0.0035143693,0.0005809115,-9.802609,-0.00054412615,0.0009600087,3.5036086e-05
16828000,-0.001051578,-0.0013251471,-9.801582,-0.00053967966,0.00060937006,-0.000101246536
16832000,0.00028165214,0.0011450823,-9.801771,0.0008120789,-0.00035950547,-0.0005488631
16836000,0.003973545,0.005596441,-9.7947235,0.0013084767,-0.00074795954,-0.0013421404
16840000,-0.0020887998,0.0031218454,-9.788517,0.00029749048,-0.0004868117,-0.001008663
16844000,-0.0037432415,0.003805972,-9.790524,0.00065312453,-0.0006172872,0.00068336213
16848000,0.00064405607,-0.00020887215,-9.792908,0.000989426,-0.00083049684,0.0007729469
16852000,0.00072847697,0.00038041914,-9.797869,0.0006166547,-0.0006067883,-7.7236786e-05
16856000,0.0017758686,-0.0019734032,-9.796208,-0.00014402723,0.0003288124,-0.0009130099
16860000,-0.0060282783,-0.009283741,-9.801868,-0.00048231066,0.0010685471,-0.00048504688
16864000,-0.0066674524,-0.0030791443,-9.808437,0.00037473685,0.0014341973,2.7395652e-05
16868000,0.0024649668,0.004898004,-9.802759,0.0008408931,0.0010174842,-0.00035482034
16872000,0.009070449,0.0054726563,-9.798103,0.00023364143,-7.102205e-05,-0.00020263223
16876000,0.009429044,0.0020511856,-9.79946,0.00054431765,0.00015063061,-0.00023062872
16880000,0.003337585,0.00035658476,-9.798225,8.110707e-05,0.0016682317,0.00058325153
16884000,0.0022291294,7.6805714e-05,-9.797897,7.518707e-05,0.0009974996,0.0008435234
16888000,-0.00045086065,-0.00029344522,-9.797121,0.000110386696,-0.00079584477,-0.0007262753
16892000,8.041157e-05,-0.0013203517,-9.802374,-0.0002358153,-3.6552603e-05,-0.00072187954
16896000,0.0015586873,-0.0021526385,-9.80397,-0.00027917785,0.0001570361,0.0003266474
16900000,0.0041193203,0.003142546,-9.798576,-0.00016603146,0.0004687893,0.00060780864
16904000,0.0016237441,0.0034169303,-9.801401,0.00017048768,0.00027641893,0.0011123527
16908000,-0.0036473013,-0.004588214,-9.798105,-0.00050051074,5.504833e-05,0.00053557236
16912000,0.0032366007,-0.0050891954,-9.798723,0.00015752995,0.0008720794,0.00061727606
16916000,0.0061422745,0.001317283,-9.801956,0.0011100271,0.00080787006,0.00021734733
16920000,0.0014557976,0.0062996773,-9.808586,0.0004971457,0.0006336787,-0.000648172
16924000,-0.0038937314,0.0024540878,-9.816458,0.00019233361,7.3397016e-05,-0.00061082834
16928000,-0.006762352,-0.004686621,-9.8068495,0.0007037027,4.7184272e-05,0.0003143123
16932000,-0.0049603065,0.00010726178,-9.802507,0.0003251808,-0.00060260616,0.00062649575
16936000,0.0019596447,0.0032512972,-9.807125,-0.00023743075,-0.00093948655,-0.00024181818
16940000,0.008455844,-0.00064716086,-9.807701,-0.00073115324,-0.0008221878,-0.0013558303
16944000,0.007634364,-0.002425966,-9.807464,-4.5123077e-05,-0.0009604853,-0.0014864791
16948000,0.003906863,0.007317777,-9.800758,0.00041340909,-0.0010540534,-0.000731652
16952000,-0.00014315397,0.0041240663,-9.800871,-0.00038351573,8.29725e-05,-6.5732325e-05
16956000,0.00060589646,-0.0036391683,-9.807457,0.0004628325,0.00073887344,0.00046803404
16960000,-0.0006996866,0.002055644,-9.8113575,0.0007278187,2.487232e-05,0.000358215
16964000,-0.0056078043,-0.0024153078,-9.805667,-0.00045278895,6.689582e-05,0.0007073847
16968000,-0.0031929433,-0.0074620917,-9.806064,-0.0006244856,-0.0001027059,0.0006321537
16972000,-0.0005599491,-0.009012445,-9.806336,0.0004099717,-0.00055996206,0.0003719439
16976000,0.0030673621,-0.0054185796,-9.795308,2.310361e-05,-0.0009207131,-0.00030512197
16980000,0.0054436666,0.0014181437,-9.794414,-0.0006773924,-0.00035394003,-0.00040116
16984000,0.004563208,-0.001965833,-9.789923,0.00016315297,0.0004779498,0.00041998338
16988000,-0.00019544028,-0.0064828503,-9.792491,-0.00025057417,0.00082616194,0.00016416768
16992000,-0.0054831207,0.00040924037,-9.801394,-0.000616254,0.00049324404,-0.00035828006
16996000,-0.007507691,0.0018552025,-9.797267,-0.00013139966,-0.0002166053,8.933083e-05
17000000,-0.0024889645,-0.0018121082,-9.797594,-0.00013478824,-0.0009077762,-0.00026864393
17004000,0.0025946777,-0.004183561,-9.797392,0.00050334906,-0.0013343022,0.00017357798
17008000,0.00061643345,-0.008398937,-9.790695,0.0006417269,-0.0011958659,0.0013024629
17012000,-0.0018888585,-0.0077156317,-9.798405,-0.00031346828,-0.00015204403,0.0015601327
17016000,-0.0027993165,-0.0010555657,-9.800106,-0.00041530558,-6.585379e-05,0.0014260162
17020000,0.00083455595,6.0348386e-05,-9.79583,-0.00028048008,-0.0005074029,0.00093534676
17024000,0.0065340926,-0.006375498,-9.797283,-0.0006228574,0.0002578462,0.0006174958
17028000,0.004298408,-0.006319116,-9.797155,-0.00054784695,0.00084358273,0.00046278356
17032000,-0.0025523202,0.0003071867,-9.797239,0.00023480394,0.00030662364,0.00050862995
17036000,-0.0041473596,0.0037036515,-9.794218,0.00064099545,-0.000526501,0.0007009556
17040000,-0.0074222577,0.0031048472,-9.796955,0.0005557836,-4.4553315e-05,0.000821547
17044000,-0.003106841,0.0013169509,-9.793968,0.000695814,0.0005639988,0.00075926125
17048000,0.0023739878,-0.0012544707,-9.793737,-0.00017053146,0.0010136691,-0.00033246845
17052000,0.0067430213,-0.0004394953,-9.794888,-0.0008418162,0.00033270966,-0.0015631062
17056000,0.0042935386,-0.0017221811,-9.795614,0.0005220151,-0.0010854417,-0.00070202316
17060000,-0.0002569866,-0.00033260352,-9.805357,0.00046126326,-0.00086018525,0.00018891487
17064000,-0.0005178759,0.00563771,-9.806377,-0.00019167327,-0.0004710187,0.00034625104
17068000,0.00091198436,0.004364303,-9.808222,-0.0005579591,-0.0007343078,0.0007734182
17072000,0.0012630203,0.0061379387,-9.802706,-0.00020502337,-0.0006551724,0.0012038362
17076000,-0.0029416964,0.00479083,-9.78879,-0.0006162274,0.00029862428,0.00072752946
17080000,-0.0045408513,-0.0021414366,-9.789598,-0.001109141,0.000559888,0.0005514857
17084000,-0.0036589256,-0.0008371257,-9.791672,-0.00028156867,-0.000767367,-4.3402272e-07
17088000,0.001769142,0.007555024,-9.797508,0.00016279865,-0.00092691346,-0.0005230849
17092000,0.004041606,0.008233869,-9.805944,0.00044143444,0.00017206646,3.604857e-05
17096000,0.005811516,-0.00018017147,-9.806179,-0.00041287145,-9.2150825e-05,0.00018964853
17100000,0.0063022887,-0.0017354644,-9.80209,-0.0006309466,-0.00037680674,-0.00059489993
17104000,0.0035061275,-0.0008324754,-9.79753,-0.00016568239,-0.0003619545,-0.00086771906
17108000,0.0037100697,-0.00073205965,-9.7913685,-3.369801e-05,-0.000674878,-7.373373e-05
17112000,0.00588248,-0.0004960598,-9.789638,-0.00029554404,1.4680418e-05,1.5379012e-05
17116000,0.0047610328,-0.00022282156,-9.792269,-0.00022110133,-0.00033826855,1.7618557e-05
17120000,0.0058112023,0.00045580004,-9.792088,0.00058177556,-0.0002804612,3.1909698e-05
17124000,0.0016447268,-0.0013516569,-9.79574,0.00039719173,6.390982e-05,0.00018739018
17128000,-0.010347214,-0.0028776212,-9.796001,0.00095258205,-0.0008842228,0.0003642245
17132000,-0.008875812,-0.007146476,-9.80062,0.00066275365,-0.000639755,0.00035905064
17136000,-0.0015199694,-0.0072567407,-9.799538,-0.0002869155,0.00052442495,-0.0005521037
17140000,-0.00032935152,0.0077825673,-9.800169,-0.00019204586,0.00027077555,-0.0013897966
17144000,-0.0043131853,0.011055095,-9.80908,9.9449295e-05,0.00049600913,-0.00078459113
17148000,-0.009445255,0.0014552835,-9.80177,0.0006132757,0.0009692451,5.2196547e-06
17152000,-0.008015447,0.0029374156,-9.797424,0.00052246323,-0.00054084096,0.00027780712
17156000,-0.004093133,0.004506573,-9.804016,0.000651809,-0.00057719013,-0.00086381705
17160000,0.0024366302,0.006092573,-9.805373,0.00020215573,0.0004383819,-0.0010206201
17164000,-0.0065260353,0.0040895813,-9.796574,-0.0005404407,0.00089852564,-3.076616e-05
17168000,-0.006404328,-0.005566689,-9.79402,-0.0005380719,0.0004876679,0.00019700124
17172000,-0.00517001,-0.008220378,-9.802137,0.00028885933,-6.515121e-05,0.00041688108
17176000,-0.0114012845,-0.0012820502,-9.803377,0.0006102582,0.00077187124,0.00013160994
17180000,-0.0027370127,0.0023341186,-9.801804,1.4238627e-05,0.0006466646,-0.0002917357
17184000,0.0037043882,-0.0019374968,-9.798622,-0.00025796544,-0.00057214376,-0.00048883085
17188000,0.0016290598,-0.00048552512,-9.790843,6.494472e-05,-0.0008283719,-0.00065037096
17192000,0.0012291902,0.006661454,-9.788736,0.00015246426,-0.0008574659,-4.3110074e-05
17196000,0.0015293977,0.0030149112,-9.791172,-5.2506755e-05,-0.00091622665,9.65844e-05
17200000,0.006203995,0.0009983022,-9.795184,0.00071879895,-9.0190406e-05,-0.0012747317
17204000,0.0051594423,0.003887567,-9.801327,0.00163485,0.00031284968,-0.0014716318
17208000,-0.0023605386,-0.00044739744,-9.796791,0.0012272233,0.00020616972,-7.7980425e-05
17212000,0.0021502061,0.0046432964,-9.795025,0.00019982841,-0.0006582684,0.0005655425
17216000,-0.0032700705,0.011115051,-9.795564,0.000110947076,-0.0001947886,0.00041999217
17220000,-0.013418039,0.010693346,-9.796,-0.00022873118,0.0002979662,0.0011076857
17224000,-0.007511094,0.008209464,-9.795471,-0.0010165242,0.00031985517,0.0004901117
17228000,-0.0010215432,0.0010602275,-9.793886,0.0001987634,0.00047328297,-0.00048625452
17232000,-0.0043719267,-0.0021361099,-9.801613,0.00030123835,-0.001182381,-0.00021210915
17236000,-0.0064569507,-0.0049481257,-9.801473,-0.00071269105,-0.00074145163,-0.00060972583
17240000,-0.0021087616,-0.011409314,-9.800232,-0.0006054051,0.000372642,-0.00070942455
17244000,0.0031810973,-0.009007579,-9.796602,-0.00012403665,-0.00013525196,0.0009263311
17248000,-0.007545452,-0.004098569,-9.786745,0.00021774329,-0.00026929143,0.0015107666
17252000,-0.0134893255,0.0036065562,-9.785531,-0.0003105514,0.0005184591,0.00042553028
17256000,-0.0072096465,0.0071497667,-9.789923,-0.0007370354,-0.0007112658,-4.0032948e-05
17260000,-0.008906359,0.0014869556,-9.794504,-0.00071682094,-0.0013028075,0.0005288686
17264000,-0.008007442,-0.0055800066,-9.794765,-0.00039377186,0.0002127529,-0.0005227219
17268000,-0.0006109548,-0.010674677,-9.791361,0.00023424353,-0.00029643954,-0.00117449
17272000,-0.0010425565,-0.0014255465,-9.7947,0.00059426785,5.2112646e-05,-0.0008761502
17276000,-0.002276718,0.0036746005,-9.795554,0.00013297697,0.0001698302,-0.0009542169
17280000,0.0019901292,-0.00023906247,-9.798262,-0.0004856975,-0.00046586923,-0.00010195783
17284000,0.003952042,-0.0006924569,-9.807392,-0.0010174091,2.1632652e-06,-0.00027912974
17288000,-0.0013521388,-0.00210926,-9.804302,-0.00072755275,0.0001924389,9.672595e-05
17292000,-0.0048112017,0.0014199057,-9.797955,0.0007651526,-0.0007083885,0.0010010233
17296000,-0.0004782178,-0.0016846696,-9.793857,0.00068562775,-0.00051784836,0.00022781444
17300000,0.0009839669,-0.007634097,-9.798622,0.00035986624,0.0007468395,-0.00021496876
17304000,0.0034156318,-0.0037022852,-9.80419,0.0013309947,7.803709e-05,4.8175385e-05
17308000,0.004082594,-0.0016981985,-9.798473,0.0010003754,0.0002521985,-0.00015720227
17312000,0.0028861864,-0.0007757663,-9.796512,-0.00037167675,0.0008815657,-0.00012985733
17316000,0.0018460097,-0.0019631756,-9.800041,-0.00016955251,0.0010790196,0.00034499093
17320000,-0.0035197951,-0.00011348089,-9.80256,0.00095331843,0.00052825134,0.00047831578
17324000,-0.0014494814,0.0002302676,-9.801781,0.0010938045,-0.00062268524,8.4894564e-05
17328000,-3.82727e-05,-0.0028832334,-9.801235,0.00021813407,-0.00090000866,-0.0002250469
17332000,-2.1017855e-05,0.0014991136,-9.798737,-0.00061179156,-0.00056224753,-2.0871987e-05
17336000,0.00603888,0.002223917,-9.797758,-0.00031795472,-0.000507955,-5.534294e-05
17340000,0.0006720263,-0.00046968192,-9.799097,-0.00026486805,-0.00056950917,-0.00056254264
17344000,-0.0036047448,-0.006766511,-9.798843,-0.0004476339,-0.00010735403,-2.4462928e-05
17348000,-0.0027051847,-0.0061698016,-9.7953415,-0.00050868373,0.00048848795,0.0002750244
17352000,-0.0022065537,0.0014366317,-9.7890625,-0.00037760218,6.134559e-05,-0.0006436115
17356000,0.0005499914,0.0025028787,-9.792234,-0.00036440342,0.00036026456,-0.0007065854
17360000,0.0018242814,0.0010576603,-9.799344,-0.0004834227,0.00048895425,-7.3317215e-06
17364000,0.0010722945,-0.0028024442,-9.797295,-0.0001571191,-0.0003209028,-0.00038347702
17368000,0.0013368392,-0.00028906646,-9.792269,0.00029467698,-6.340422e-05,-0.00073038496
17372000,0.0010252304,0.0025641466,-9.796602,-0.00018246227,0.00022016717,-0.0003659022
17376000,0.0003605929,-0.004139505,-9.800686,-0.0003415101,-0.00027641625,-0.00024043169
17380000,0.0011290758,-0.007884162,-9.80109,-1.0597661e-05,-5.9627204e-05,-0.0005890499
17384000,-0.00053293956,-0.0030124022,-9.799811,0.00022411285,0.000788256,-0.00012929783
17388000,-0.0023774889,-0.003657133,-9.796884,0.0005353214,-0.00037480055,-0.00049853366
17392000,-0.0024783816,-0.0037158504,-9.797844,-0.00022902372,-0.0006773612,-0.00032207117
17396000,0.0011884572,0.0048217983,-9.796662,0.00010320114,0.0005391989,0.00062338996
17400000,0.0054005124,0.0030050336,-9.797509,0.0002687026,0.00043613126,-1.9169907e-05
17404000,-0.002425033,-0.0057923924,-9.793944,-0.0002428381,2.4443616e-05,0.00018275333
17408000,-0.0072430754,-0.002657786,-9.79092,-7.03432e-05,0.00072273816,0.00049890945
17412000,-0.0047454643,-0.0013499722,-9.799278,-0.00012319264,0.0004281457,0.00015273069
17416000,-0.0040033,-0.0047807815,-9.80175,0.00021635431,0.0001939154,0.0010787131
17420000,0.0017262915,0.004191446,-9.798337,6.8691974e-05,-0.00023452495,0.00096556696
17424000,0.0020321321,0.003991216,-9.800159,-0.00038779763,-0.00040625856,-0.00071266317
17428000,-0.0026004002,-0.0014306357,-9.798874,-0.000331286,-0.0003177925,-0.0004465681
17432000,-0.0008084042,0.008055945,-9.8009815,0.00042447358,-0.0010214086,0.0006421804
17436000,-0.003975342,0.009323242,-9.80419,0.00062826835,-0.00019645586,-7.313868e-05
17440000,-0.007899312,0.0017377203,-9.804795,-0.00023973586,0.00033919286,-0.0005955635
17444000,-0.0034806388,-0.0057803174,-9.811174,-2.143349e-05,0.00066933886,0.00035693677
17448000,-0.003776438,-0.008128324,-9.807453,0.00045803166,0.0015831687,-0.00013815926
17452000,-0.001390816,0.00091702637,-9.80089,0.0005892419,0.0009335864,-0.00059890153
17456000,0.010107273,0.005709183,-9.804472,0.00044716205,-0.00033484597,0.00016426275
17460000,0.008807061,-0.0032306039,-9.808258,0.00053513073,-0.0005490469,2.524005e-05
17464000,0.0030740933,-0.0060288436,-9.806477,0.0008951344,-0.00035412266,-0.0005024643
17468000,-0.0010579999,-0.0016406826,-9.801322,0.0007433207,0.0002757221,0.00029262897
17472000,-0.004119857,-0.00035393535,-9.795876,0.0003002439,0.00034704985,9.726489e-05
17476000,-0.0037474243,-0.0025834572,-9.798586,0.00022984142,0.0006073526,-0.000498189
17480000,0.0006401085,-0.002324566,-9.803785,0.00086880254,0.0013170445,0.0005585212
17484000,-0.0008190066,0.00069777214,-9.797489,0.00065076316,0.00035998842,0.00011298005
17488000,-0.0076213907,0.00092765276,-9.797348,3.411239e-05,0.00011921786,-0.0007445268
17492000,-0.0022412569,0.0022045183,-9.800727,-0.0008488209,0.0003961595,-0.00056666165
17496000,0.0047263238,0.00084805035,-9.803167,-0.00035878315,-0.0005195824,-0.0002338567
17500000,0.008003306,0.00023827414,-9.799594,0.0003857636,-0.0006326319,-0.00023727393
17504000,0.0053117806,-0.007765505,-9.796728,0.0009679877,-0.00043152072,-0.00034508994
17508000,-0.003973491,-0.013016554,-9.805626,0.0013737754,5.5326647e-05,0.000558581
17512000,-0.0047791004,-0.006024326,-9.802994,6.412076e-05,-0.00015749107,0.00054527324
17516000,0.0007600979,0.0015853122,-9.798056,-0.00070060557,-0.0006432143,0.00011361997
17520000,0.001737844,0.005079455,-9.801749,-2.4144014e-05,-0.00017169339,0.00016199193
17524000,0.008815102,-0.00091321394,-9.801466,-0.00014240289,0.000370958,0.0005696548
17528000,0.009812368,-0.003628234,-9.797553,-0.00021844808,0.0008680348,0.0002315327
17532000,0.004376624,0.0022993463,-9.797903,0.0009562523,0.00030102188,0.0002358535
17536000,-0.0004898878,0.0015186879,-9.801624,0.0011918702,-9.508176e-05,0.00046956565
17540000,-0.003816237,0.00084196345,-9.802114,0.0005892675,0.00087191473,-0.00027273945
17544000,-0.00586102,0.001146814,-9.801056,-6.518558e-05,0.0012203308,0.00016938667
17548000,-0.0013662728,0.00034275727,-9.804295,-0.00013285148,0.00037413387,0.00047200752
17552000,0.004293601,-0.0030673814,-9.800176,-0.00028806532,-0.0008281434,0.00021906014
17556000,-0.0010537693,-0.0061786314,-9.79608,2.3248317e-06,-0.0008024284,0.00072943186
17560000,-0.007218568,-0.0024283687,-9.800803,0.00023446088,0.00010218809,0.0005910546
17564000,-0.005889073,-0.005953316,-9.797647,0.00037806795,1.0770123e-05,-0.00029808207
17568000,-0.0014585991,9.487388e-05,-9.794265,4.384104e-05,0.0004020409,-0.0004292556
17572000,0.0011835921,0.0077558933,-9.797716,-0.00037442404,0.00029708163,-0.0010443195
17576000,0.0007609648,0.0024176317,-9.804764,0.00028686662,0.00044553177,-0.000995945
17580000,0.000977238,3.9108214e-05,-9.806613,-0.0005154691,0.00034359182,3.7781683e-05
17584000,0.002084012,0.0009948569,-9.796808,-0.001437034,-0.00046442804,0.00042164634
17588000,0.003727145,-0.0027342509,-9.786606,-0.00027549866,-0.00040488405,-3.9773557e-05
17592000,0.0069920877,-0.00516072,-9.791072,0.00055109715,0.00021888374,-0.00028755152
17596000,0.004676588,-0.0023755606,-9.800014,0.0005066575,0.00073364103,-0.0004995303
17600000,-0.002307693,0.0040277923,-9.804659,-0.00093731174,0.00032450317,-0.00097107724
17604000,-0.004675014,0.006452019,-9.805179,-0.0007098871,8.694305e-05,-0.0008360269
17608000,0.002666894,0.0055551575,-9.80102,0.0007896699,0.00060271967,-0.00070835586
17612000,-0.005838085,0.0027870242,-9.7998085,0.00068244577,0.0012507655,-0.00064223906
17616000,-0.01228075,-0.0057841344,-9.796774,0.00068831723,-0.00026372366,-0.00039486535
17620000,-0.005660249,-0.00026146785,-9.796009,0.00027063832,-0.0005747227,-0.0009005086
17624000,0.0012853565,0.0062396815,-9.7920475,-5.9807655e-05,0.00047576916,-0.0012027164
17628000,0.005629471,0.0003115544,-9.789051,2.260416e-05,0.00048039068,-0.0007967187
17632000,-3.1128126e-05,0.0025706713,-9.794809,-2.6160364e-05,0.000517089,-0.00024194659
17636000,-0.0008033895,0.00864542,-9.802994,-0.0006852717,-0.00046842796,6.1634375e-05
17640000,-0.003895117,0.0011127609,-9.800997,-0.0011434983,-0.0011150631,-0.00016544314
17644000,-0.00031175604,-0.0092101395,-9.799041,-0.00037112873,-0.0011129077,0.00016086573
17648000,0.0030671498,-0.006664709,-9.805762,-0.00066697283,-0.00021080722,0.0001695889
17652000,0.0026155035,-0.0012658293,-9.802717,-0.00023136174,0.0004976657,-0.0004567673
17656000,0.0019267015,0.0011507734,-9.797842,0.00013397436,0.00023496793,-0.00057224784
17660000,-0.005371853,0.0035687035,-9.795447,0.00017095493,-0.000263007,-0.00027526318
17664000,-0.010571592,0.004596851,-9.796547,0.0009894109,-0.0014768023,0.00048393718
17668000,-0.008760361,-2.2199863e-05,-9.796081,-0.00029275767,-0.0010046678,0.0009003349
17672000,-0.0010149396,-0.0046194,-9.793636,-0.00069593935,-0.0002470594,0.0009952316
17676000,0.0034345947,0.0033052675,-9.795141,0.0005945676,-0.00023463544,0.00032529677
17680000,0.0019117531,0.005433813,-9.790996,0.00037463944,-0.00029400023,-0.00017730266
17684000,0.00042639865,-0.0037411682,-9.797413,-0.00033151635,-0.00093202177,0.0002862328
17688000,0.0022915322,-0.009033301,-9.806679,0.00019621303,-0.0005335192,0.00078370725
17692000,0.0022854628,-0.0069655385,-9.803903,-0.00017862773,-0.00026016432,-0.00031152111
17696000,0.00041480415,0.0018674319,-9.804466,-0.00041225698,-0.0009456,-0.0005286787
17700000,0.00014138404,0.002728844,-9.798561,9.1645725e-06,-0.0011033559,-0.000108301625
17704000,0.0013522356,-0.0030917847,-9.79155,9.315677e-05,-0.0001483666,-0.0010178883
17708000,0.0026331625,-0.0045502963,-9.799953,0.00025698548,0.0007751882,-0.00061267836
17712000,-0.0015522698,-0.004386914,-9.807147,-0.00021116741,0.00014212864,-0.000829993
17716000,-0.0012030875,-0.0017924167,-9.799587,-0.00034670372,-0.00030966222,-0.0010769179
17720000,-0.0048555173,-0.0020401957,-9.797163,-0.00038388325,-0.0001888163,-0.0003905988
17724000,-0.0057260655,0.0014890421,-9.80047,-0.00016314044,7.274851e-06,6.447853e-05
17728000,-0.0029482874,-0.002060349,-9.796511,5.89339e-05,0.00032674862,0.0007117753
17732000,-0.003437682,-0.005707875,-9.80388,0.0009622654,9.8642384e-05,0.0007654831
17736000,0.006107118,0.0018827508,-9.810516,0.0015569817,-0.00096551684,0.00052144716
17740000,0.005193782,0.0013520824,-9.803732,0.00076014426,-0.0009241978,0.0015097829
17744000,0.0015889705,-0.00063134107,-9.792828,-0.00040495754,0.0008202029,0.0014405098
17748000,0.0035163313,0.0026650683,-9.785303,-0.0013549567,0.00056495884,0.0002857155
17752000,0.0040364875,0.0033371085,-9.793388,-0.0008661866,-1.8110815e-05,9.9581914e-05
17756000,0.00068990805,-0.0056551164,-9.801184,-0.0006697537,0.000776203,0.00021540275
17760000,0.0016584346,-0.008415424,-9.800383,-0.00011438645,0.00010466555,-0.00045430046
17764000,0.0040522274,-0.009515735,-9.800318,-0.0006371872,-0.00055184617,-0.00019021585
17768000,0.0017713228,-0.006903091,-9.8055,-0.0008985711,-0.00045730872,0.00017777071
17772000,0.0053725042,-0.001006776,-9.807246,0.0003928836,-0.00046650274,-0.00014384501
17776000,0.0026746856,-0.003171442,-9.803304,0.0005636697,0.00017971714,-4.1416993e-06
17780000,-0.00442527,0.0035589933,-9.802219,0.0007172839,0.0010804842,0.00036995028
17784000,-0.0072164824,0.0043087928,-9.796833,-0.00031690038,0.00057339127,0.00040273735
17788000,-0.008528359,-0.0008926815,-9.804306,-0.0010051273,-0.0004838937,0.00038465843
17792000,-0.0040254914,0.0030219704,-9.810717,0.00047166448,0.000124025,0.0005298682
17796000,-0.004585724,0.0058275084,-9.79771,0.0006653384,0.0005058583,0.00022308265
17800000,-0.012346044,0.0012510205,-9.795511,0.00040028122,-0.00044059556,0.00010767986
17804000,-0.011584403,-0.0021941266,-9.801355,-3.3484469e-07,-0.00023791738,0.00048900885
17808000,-0.003385117,-0.00011467702,-9.802671,-0.0013207205,-0.00029937466,0.00012364356
17812000,0.0063307513,-0.0004680885,-9.798017,-0.001662366,-0.0011421766,-0.0004073093
17816000,0.0073303785,-0.0010144069,-9.795067,-0.0012103062,-0.00012571631,-5.481748e-05
17820000,-0.0038203197,-0.0028907657,-9.80356,0.00015622597,0.0010897124,3.2681648e-05
17824000,0.00080899906,-0.0069026505,-9.80522,0.00076175545,0.0005069904,-0.00038491804
17828000,0.009062834,-0.00662405,-9.798587,0.0007630783,-0.00031617694,-0.0008576277
17832000,-0.0022343062,-0.00293552,-9.796634,-1.6281663e-05,-0.000317625,-0.00038239255
17836000,-0.0035720505,-0.006171471,-9.802655,-0.0004674787,0.0003121831,-0.0004452264
17840000,0.0063952906,-0.00802319,-9.807894,-0.00034072684,0.00068467873,-0.0013010458
17844000,0.0067482395,-0.0041951938,-9.802488,0.00011219492,0.00047396275,-0.00043274648
17848000,0.005452726,-6.7095e-05,-9.801455,-8.402378e-05,0.0003598539,0.0006655146
17852000,0.015139211,0.005007198,-9.808322,-0.00036564193,0.0005316306,-0.00014218899
17856000,0.0065614237,0.008629435,-9.800545,-5.7365953e-05,0.0003225885,-0.0003934343
17860000,-0.0065637073,0.004603848,-9.80126,-7.495064e-05,0.00035141397,-0.00044725664
17864000,-0.007066458,0.0010856835,-9.807418,7.583514e-05,-1.3774276e-05,-0.00035552314
17868000,-0.007365161,0.00056197884,-9.799912,-0.00015943844,-0.00097640225,0.0006795188
17872000,-0.0028760382,-0.005186219,-9.798973,-0.00021987729,0.00042762837,-0.00013946168
17876000,0.0037954368,0.0014909505,-9.801992,-4.9129318e-05,0.0015876525,-0.00030912805
17880000,0.00533138,0.0049027083,-9.805066,0.0003855827,0.0009611509,0.00037222588
17884000,-0.00208444,-0.002902309,-9.80612,-0.0006827142,0.0003361115,0.00021067238
17888000,-0.0051038964,-0.0006449161,-9.80076,-0.00055304996,-0.00030597567,0.000854354
17892000,-0.00555046,-0.0009121443,-9.799937,-0.00073850097,-0.00022991936,0.0008129175
17896000,-0.0049303323,-0.0036811782,-9.800295,-0.0010914914,-0.00018959389,0.00088835595
17900000,-0.0010318313,0.0051247235,-9.795106,2.3098837e-05,-0.00066020305,0.0010212779
17904000,-0.0029220898,0.009806927,-9.796591,0.00013271374,0.000112788315,-6.815329e-05
17908000,-0.005114639,0.0031876692,-9.800119,-0.00035528562,0.00015855626,-0.0004978704
17912000,-0.0045218403,-0.004174733,-9.805063,-0.0007072621,-0.00066871505,-0.00056226883
17916000,-0.0049568503,-0.0025476601,-9.797864,-0.0006392722,0.00016244181,-0.0006718456
17920000,-0.0063407673,-0.0002535679,-9.793597,-0.0005908932,-0.00086894026,-0.0005845288
17924000,-0.0050138664,0.0029610686,-9.796851,-0.00011363896,-0.0013609751,-0.00038910416
17928000,-0.0041175582,0.0017288221,-9.795784,0.00046212622,9.023619e-05,0.0002844823
17932000,-0.001754764,-0.000871377,-9.801245,0.0006064647,0.00017922778,0.00020497783
17936000,0.00085254794,0.0031010173,-9.800878,0.0001819367,0.00026621364,0.00074563886
17940000,0.0019324184,0.00081385754,-9.802839,-0.00041563908,4.15847e-05,0.0007194285
17944000,0.0063320524,-0.005242901,-9.804504,0.00052623235,0.0002955938,-0.00041313402
17948000,0.0050610984,-0.005230181,-9.798227,0.000681982,0.0006469361,1.4235469e-05
17952000,0.00029152964,0.0017167125,-9.796679,-1.0539016e-05,0.0007558274,0.00031177403
17956000,-0.00095890206,0.0023694525,-9.794165,0.00060163566,0.0005646095,7.3960255e-05
17960000,-0.008427408,-0.0018827652,-9.79431,-0.00032729993,0.00054533203,-0.0003111833
17964000,-0.0062093306,0.001291474,-9.802464,-0.00024636294,0.0007372171,-0.00014245052
17968000,0.0015537785,0.0034602787,-9.798832,0.00056203234,0.00061252364,0.00025568187
17972000,0.0014170401,0.00012585463,-9.787462,0.0006342659,0.00046748025,-0.0004324303
17976000,0.0013438752,0.0025403444,-9.793677,0.0017960796,0.000402033,-0.0005488691
17980000,-0.006097586,0.005076132,-9.7976055,0.0013556259,-9.606957e-05,7.886356e-05
17984000,-0.00244163,-0.0007164725,-9.795411,0.0009973333,-0.0003172394,0.0003167668
17988000,0.0009067635,-0.0024577181,-9.795351,0.00036309875,0.0006976148,0.00022972777
17992000,0.004787752,-0.0010021345,-9.79883,-0.0005643587,0.0007421313,8.13419e-05
17996000,0.009524602,-0.001753325,-9.806896,-0.00035601322,-0.00026438653,0.0006962884
18000000,0.0033920074,-0.0038684239,-9.803724,-0.0013055458,-0.00022739648,0.0004375815
18004000,0.00040373096,-0.0032211647,-9.793858,-0.0015528462,0.0008102259,-0.0002024107
18008000,0.00049181236,0.0030118376,-9.788717,-0.00034239967,0.0004616638,-0.0004333896
18012000,-0.0023922566,0.006791658,-9.798712,-0.00046891376,-0.0002290314,-0.000852281
18016000,-0.004146203,0.0050894516,-9.800552,-0.0003735051,-0.00018822675,-0.00032411245
18020000,-0.006029514,0.0022841268,-9.798517,-0.00036177572,0.00019755571,0.0008177048
18024000,-0.0053222347,-0.0003233333,-9.7981205,-0.0003829287,0.00016297898,0.0008088177
18028000,-0.000107276675,0.00034762133,-9.792522,7.336792e-05,1.2838595e-05,0.0002632967
18032000,0.0019843224,0.00024269718,-9.796188,-0.000315993,0.000877427,-0.0003276998
18036000,-0.00195532,0.0005276851,-9.803685,-0.00048807447,0.0010097362,-0.0009713041
18040000,-0.001979632,-0.0029324407,-9.803253,-0.001119486,0.00029237097,-0.0002727604
18044000,0.0019322736,-0.0064526894,-9.796862,-0.0009054308,0.00018516096,-0.00020568092
18048000,0.0022397726,-0.005230356,-9.791204,-0.0003867855,0.00012252467,-0.0005102477
18052000,0.002029011,-0.014490607,-9.798477,-0.0004420822,-0.00026764907,0.0002829589
18056000,0.004326542,-0.0136616845,-9.803639,-0.0006497009,-0.00027517238,0.0016276203
18060000,0.0017683073,-0.009834897,-9.798403,-8.2479084e-05,0.0007943604,0.00083937333
18064000,-0.0004469037,-0.010129776,-9.79702,-0.00010434672,0.00066585717,-0.0005695373
18068000,3.3971388e-05,-7.334195e-05,-9.801638,-0.0006560658,-0.00041287456,-0.0008770473
18072000,0.0010181948,0.006144524,-9.810272,-0.0011576251,0.00038521877,-0.00054870965
18076000,-0.0006082199,0.00045109834,-9.803215,-0.0014079256,0.0009199035,-0.00010026607
18080000,-0.004745641,-0.0037623553,-9.797277,-0.000528666,-0.00044472996,-0.00026804194
18084000,0.0045854365,0.0028906052,-9.801156,4.526668e-05,-0.0008580861,-0.00022809295
18088000,0.004843242,0.0049492307,-9.805435,-0.0004175133,-0.00020164951,-0.0008637684
18092000,0.0013052722,0.0014735286,-9.80876,-0.0002401201,-0.0012863479,-0.000170435
18096000,-0.0018548358,0.005031592,-9.809019,-0.0004326975,-0.0018401117,0.00052044494
18100000,-0.005562683,0.0052381037,-9.801535,-0.0009585907,-0.00038254884,2.1126594e-05
18104000,-0.0022453545,0.0051810835,-9.796604,-2.0302103e-05,0.00015203193,-0.00025741803
18108000,-0.0014632137,0.008441253,-9.803024,0.00019544292,-0.00018826085,-0.00040309702
18112000,-0.008531364,0.007771234,-9.8044615,-0.00017809666,0.00019539065,-0.0004971062
18116000,-0.007594258,0.0023973957,-9.80094,-0.000347777,0.00050693285,1.2907552e-05
18120000,-0.0028133327,-0.0005834581,-9.799633,0.00033696077,8.342086e-05,0.0007466866
18124000,-0.0046916055,0.001973513,-9.7991905,0.00056471233,0.00027583458,0.0010199405
18128000,-0.009138782,-0.0002454215,-9.800304,1.49465295e-05,0.00015965177,0.00084267993
18132000,-0.010094473,0.0017913377,-9.801903,0.0002952065,-3.6798105e-05,5.1277293e-06
18136000,-0.004640758,0.00044498633,-9.802441,0.00026998977,0.00039318952,-4.562281e-05
18140000,-0.0011470959,-0.00033710292,-9.807331,0.0004008468,0.00017160176,-0.00025920427
18144000,0.0034960918,0.0042309295,-9.806056,0.0005166475,0.00011088929,-0.00050239166
18148000,0.00646594,0.0034792514,-9.797167,0.00020704261,-0.00046402286,4.8015943e-05
18152000,0.0030425517,0.0017993362,-9.796297,3.993292e-05,-6.277567e-05,0.000481257
18156000,-0.00068922446,0.0029644286,-9.793744,-0.00021120675,1.8513188e-05,0.0005590898
18160000,0.0010124657,7.772103e-05,-9.795378,-0.00015353716,-0.00017551248,0.00053102523
18164000,-1.9618197e-05,-0.0002645369,-9.801577,-0.00035978245,0.0008765408,0.0005127407
18168000,-0.0037516993,0.0016179802,-9.795969,-0.00022856577,0.0014002913,-0.0008956867
18172000,-0.002342577,-0.002497155,-9.795788,0.00085863477,0.00067230494,-0.001530412
18176000,0.00583815,5.967287e-05,-9.798506,0.0010498556,-8.309377e-05,-0.0011529623
18180000,0.009397782,-0.0013351161,-9.798311,0.00039705966,-1.8612842e-05,-0.00041792306
18184000,0.0033555734,-0.003493914,-9.799445,0.00026853997,-0.00042621,0.0011205474
18188000,0.00011172793,0.001885921,-9.807236,-0.0002087608,-0.00063008885,0.00071578723
18192000,-0.0003933034,0.005619398,-9.810384,0.00025252777,0.00040119485,-4.744771e-05
18196000,-0.0018183655,0.0018393482,-9.809248,-3.7501175e-06,0.0018210779,-0.0004433831
18200000,0.0027597689,0.0014167395,-9.80641,-0.00047345183,0.00081308663,-0.0017329553
18204000,0.0036711497,0.006374831,-9.789059,0.0005727359,4.8819147e-05,-0.0013950998
18208000,0.0050137253,0.000254679,-9.79141,2.8777144e-05,0.0010850827,-0.00045043154
18212000,-0.00013716103,-0.0005143688,-9.803817,-0.0010902573,0.0012525413,-0.00013085394
18216000,-0.000846733,0.002749822,-9.80084,-0.00067849143,0.0007843267,-0.0001405687
18220000,0.009830587,0.00057881884,-9.801109,-0.00059415394,0.00012763891,0.00029484357
18224000,0.006431078,-0.00035643383,-9.807066,-0.0011049069,0.00020806232,0.00047389802
18228000,-0.00040763582,-0.010479876,-9.80941,-0.0009091155,0.0005327614,0.0002481354
18232000,-0.0013804933,-0.009446613,-9.809585,-0.00016748483,0.00051812414,-0.00049596524
18236000,0.0035659806,-0.0030447138,-9.801615,6.86709e-05,-0.0006104794,-0.0008288024
18240000,0.008868569,-0.00489315,-9.795986,-0.0006897202,-0.0011923225,0.00021272789
18244000,0.0037546335,0.0010491967,-9.79799,6.439153e-05,-0.0005745216,0.00054923416
18248000,-0.0024491595,0.006815619,-9.804949,-0.0004298569,0.00018354342,0.00072764925
18252000,0.0021069343,0.0021980437,-9.807474,-0.000713025,0.000493308,0.0005630173
18256000,0.0034477257,-0.0012793192,-9.798338,-2.3316321e-05,-0.00030806137,0.00024710648
18260000,-0.0005583106,-0.0066693397,-9.795115,-0.00010913659,-0.0015131868,-0.00062561483
18264000,-0.0024391224,-0.007122519,-9.797138,0.0005632098,-0.0015795972,-9.334225e-05
18268000,-0.0046548625,-0.0030414062,-9.795406,6.282523e-05,-0.0014039415,0.0008798896
18272000,0.0027172854,-0.0068810224,-9.797412,-0.00038745976,-0.0010054343,0.00016006107
18276000,0.00846713,-0.0026478025,-9.798891,1.20419945e-05,0.0004973943,-1.4694984e-05
18280000,0.0022026033,0.0022764097,-9.796516,-0.0002481182,-1.9838964e-05,-0.0006026928
18284000,-0.0008658407,0.00029253072,-9.798737,-0.00083593663,-0.0011154889,-0.0008679729
18288000,0.001562906,0.0013638659,-9.799692,-0.0004524548,-0.00022106284,0.00014493095
18292000,-9.203448e-06,-0.0047572935,-9.799267,-3.610106e-05,0.001184977,0.00067243766
18296000,-0.0011975886,-0.006910818,-9.794781,0.00022834544,0.000448279,0.001039307
18300000,0.0017543474,-0.00067685096,-9.793364,0.00040448917,-0.0011522335,-0.00017143406
18304000,-2.7449572e-05,-0.0018226966,-9.792974,1.2575262e-05,-0.00027889476,-5.8833903e-05
18308000,-0.0010519355,-0.0035526815,-9.795828,0.00078114856,0.0012481188,0.0010843485
18312000,0.0024020812,-0.004384304,-9.800203,0.0011897653,0.00091225107,0.0013078859
18316000,-0.0007329986,-0.0012051327,-9.798404,-0.00037137192,-0.00037293768,0.0013515021
18320000,0.0011975646,0.0010497281,-9.801881,-0.0010433092,-0.0008573413,0.00019341445
18324000,0.004385152,-0.0021283505,-9.80196,0.00035229765,-0.00014407131,0.00027674306
18328000,0.00092037814,-0.005555861,-9.794437,0.0013436095,5.127612e-05,0.0002997931
18332000,-0.0008183296,-0.004660674,-9.790627,0.0009740527,-0.00059753057,7.1299204e-05
18336000,0.00044133002,0.0042445324,-9.798588,0.00090161344,-0.0008787265,0.00036388304
18340000,-0.000737679,0.0018763964,-9.811858,0.0015295139,-4.7093352e-05,0.00094376365
18344000,-0.0020973447,-0.0016473994,-9.812983,0.0012104049,0.001017089,0.0013142101
18348000,0.004941378,-0.00042990292,-9.802062,-0.00022591026,0.0004058682,0.0008478873
18352000,0.0052356743,-0.004053408,-9.798487,-0.00085539476,-0.0003283074,0.0010530098
18356000,0.00044097088,-0.0066677844,-9.799571,0.00021322044,-9.346221e-05,0.0006340664
18360000,0.005152403,-0.005348348,-9.804304,0.00020733487,0.00076251425,-0.0008860145
18364000,0.0045462083,-0.0013038812,-9.806406,-0.00049323833,0.0016045809,-0.00049675745
18368000,0.005299,-0.005100588,-9.80892,2.1743555e-05,0.0006832382,0.00030599532
18372000,-0.00033517275,-0.004585102,-9.809569,-0.0006896705,-0.00013157968,0.00038426262
18376000,-0.008321269,0.0005646752,-9.8041315,-0.000544368,-0.0004563995,0.00024526197
18380000,-0.0048742406,0.00082399737,-9.800358,0.00052733836,0.00017326839,-0.0003834084
18384000,-0.0040758303,-0.0026286037,-9.798893,0.00022270261,0.00074086257,4.6674053e-05
18388000,0.0005920192,-0.0021642218,-9.797281,-7.118309e-05,-0.0004912175,0.00030065837
18392000,-0.0033021346,0.0026423002,-9.793112,0.00046609264,-6.2609855e-05,0.0007122874
18396000,-0.000627549,0.0026311295,-9.789431,0.00054208684,0.0007750243,0.0002239389
18400000,0.010504667,0.000990133,-9.791706,-0.0009692168,0.00084073236,-7.672692e-05
18404000,0.0030443799,0.0012432721,-9.799588,-0.0017242152,0.0007372023,0.0011320998
18408000,-0.0022691991,0.0027112677,-9.79764,-0.0012586523,5.7657082e-05,0.00044971553
18412000,0.0062558316,0.006279725,-9.798199,-0.00046963117,1.1296824e-05,4.0281917e-05
18416000,-0.00045434898,0.0030914298,-9.805603,-6.5591215e-05,0.00036538896,0.0016497531
18420000,-0.00010100102,-0.0039642644,-9.802206,-0.00010817307,-3.2174663e-05,0.00088122586
18424000,0.00487058,-0.004186621,-9.800207,7.9672325e-05,0.0004243835,-0.0007628262
18428000,-0.0010322231,-0.0053858217,-9.799219,0.00017955193,0.0008288344,-0.00023610498
18432000,0.002459038,-0.0061668977,-9.795027,-9.429507e-05,0.000105745254,-0.00013043146
18436000,0.004503065,-0.00046345976,-9.798712,-0.00030422563,-0.0002781181,-0.00013695809
18440000,-0.0018989876,0.009204012,-9.795067,-0.0005608407,6.0668553e-05,-0.00020705929
18444000,-0.008691729,0.0075531905,-9.796942,-0.0007153012,0.000506495,-0.000352788
18448000,-0.0017126228,-0.0036425432,-9.805224,-0.0003479648,-0.00022150748,0.00024621093
18452000,0.0020715427,-0.0055172187,-9.804308,-0.0008105565,-0.0010234443,0.00021076621
18456000,-0.0031882343,0.0008277584,-9.7999115,-0.0003327978,-0.00065878837,0.0005859226
18460000,-0.0023379973,0.0035589493,-9.798428,-0.00027376093,0.0009209843,0.0006796896
18464000,-0.0039076116,-0.004958008,-9.8007555,-0.00069753494,0.00039974993,-0.00046826957
18468000,-0.0067953384,-0.0037767924,-9.798985,-0.00020948845,-0.00029760558,-0.0010431452
18472000,-0.001503116,-0.0023244764,-9.795158,0.00047422716,0.0009977641,-0.0006487067
18476000,0.002103919,0.00079303904,-9.796864,0.0005955504,0.0010302715,0.00025337914
18480000,0.0033078506,0.008324648,-9.805954,-0.000603814,-0.000244516,0.0010293423
18484000,0.0039520846,0.0064997156,-9.808573,-0.0009912451,-0.00051753205,0.0011612922
18488000,0.010825065,0.008434195,-9.806681,-0.00031815682,-0.00035344114,0.0008664212
18492000,0.008053476,0.0026640354,-9.79772,0.00027930542,-0.0004449127,0.00062924356
18496000,0.004343969,-0.0034444567,-9.786081,-0.00090694235,-0.00042516232,0.00032092643
18500000,0.0061933473,-0.00035433655,-9.793649,-0.0010451747,-0.00067312486,0.00027223522
18504000,0.0048774467,-0.0009536335,-9.798551,0.0003615404,-0.0010201981,0.0005493586
18508000,0.005569858,-0.000914048,-9.795794,0.00061156787,-0.0010783968,0.00086101255
18512000,-0.0013235232,-0.001309951,-9.800556,0.00033942453,-0.000527754,0.001006909
18516000,-0.0018392646,-0.001971342,-9.801659,-9.054123e-05,-0.00042089363,5.357182e-05
18520000,0.0017669607,0.0071283896,-9.797241,-0.0008777018,-0.00015049882,-0.0005146234
18524000,0.0038588005,0.005214046,-9.802322,0.0001580917,0.0005341971,-8.884692e-05
18528000,0.008226514,-0.0034671277,-9.807341,0.0012744815,0.0006413433,-0.00055254815
18532000,0.003925736,-0.0007959332,-9.80769,0.0004210834,-0.00016631764,-0.0008354844
18536000,-0.0023424304,0.0025286982,-9.810457,0.0001899154,-0.00030016853,-0.0005344506
18540000,0.00021097055,0.00060538726,-9.808971,0.0005685803,0.00036616653,0.0003508109
18544000,-0.00312824,-0.0026695544,-9.802536,0.0010733426,2.4154097e-05,0.0015325007
18548000,-0.0047505014,0.00022979022,-9.7987,0.0007382422,-6.05772e-06,0.0010560337
18552000,-0.0012269546,-5.5146767e-05,-9.797989,-0.00055455335,0.00063790433,0.00026027297
18556000,0.0040292237,-0.004167552,-9.798253,-0.0013255723,-9.905543e-05,0.00024057874
18560000,0.0066275964,-0.00449481,-9.803169,-0.0012604694,-0.00058050005,0.0001526768
18564000,0.0057029873,-0.004953297,-9.804646,-0.0005503122,-0.0004889748,-6.7441826e-05
18568000,0.0033214062,-0.0044384184,-9.795164,0.00015758639,-4.8233887e-05,0.00044377436
18572000,-0.0042535937,-0.00053323753,-9.799699,0.00036119844,0.0007165052,0.0006789032
18576000,-0.0035894453,0.0039606215,-9.808038,0.0004185925,0.0002214384,-0.0010055392
18580000,-0.0021430096,0.0009519394,-9.800993,0.00038713464,2.2149949e-05,-0.0013666446
18584000,0.002001198,-0.008931701,-9.798047,-0.00025056023,0.000472901,-0.00088360044
18588000,0.008577647,-0.010355857,-9.80028,-0.001010937,0.0006899622,-0.00021836038
18592000,0.003821308,-0.0074775806,-9.799635,-0.0002392464,0.00020831193,-0.00020329187
18596000,0.0052715396,-0.003376538,-9.801346,0.00014843637,-7.83237e-05,-0.0011966522
18600000,0.0026823587,0.0016300065,-9.805117,0.0010405069,0.00045056455,-4.2498177e-05
18604000,-0.0030169352,0.0038584943,-9.805717,0.0016622618,0.00065509597,0.0012302033
18608000,0.0008609564,0.0021243007,-9.805751,0.0003724964,-0.0003252922,0.00065991475
18612000,0.0032220278,-0.0027795893,-9.811104,0.0004987399,-0.0006806406,-0.0005247031
18616000,0.0019917882,-0.0059656594,-9.814512,0.00048643068,0.00011949109,-0.0002330955
18620000,-0.0014668343,-0.0015125605,-9.8074875,-9.505547e-05,3.8225935e-05,-2.3142253e-05
18624000,-0.0018409656,0.0033405763,-9.795545,0.00044329275,-0.000565295,-9.9753095e-05
18628000,-0.0008480467,-0.00029149515,-9.797541,0.0003043364,-0.0012097441,0.0005260944
18632000,0.0011935252,-0.0015461175,-9.801683,-0.001099964,-6.163038e-05,0.0007525562
18636000,0.0046549872,0.0027764011,-9.798693,-0.0007816738,-3.6732195e-05,1.0670712e-05
18640000,0.000488844,0.002128508,-9.802082,0.0010010101,-0.00073118275,-0.00061480165
18644000,-0.00015058927,-0.0013411794,-9.797481,0.001306089,6.6886816e-05,0.00034202958
18648000,0.0070764204,0.00048428285,-9.789956,0.00014284514,-6.8744615e-05,0.000586491
18652000,0.0005309732,-0.0019029741,-9.797761,-0.0014116805,-2.9073584e-05,-4.3463268e-05
18656000,-0.005803701,-0.0021667317,-9.804682,-0.0010281735,0.0003311277,-0.00027206645
18660000,1.4327119e-05,0.005256678,-9.800446,-0.00056021154,0.00024273882,-0.0011720719
18664000,0.0011267394,0.0017696045,-9.801872,-0.0009999361,0.00068063743,-0.0017635993
18668000,-0.0017269881,-0.0044671814,-9.801559,0.00016129673,0.00092001166,-0.00011629657
18672000,-0.0045231525,0.001799124,-9.796992,-0.00023818042,-0.00013571832,0.0013513757
18676000,0.002075187,-0.0026532651,-9.798178,-0.00067072024,-5.8406637e-05,0.00035122232
18680000,0.0076014646,-0.009339397,-9.803792,-0.0007136914,0.00018711426,0.000100954945
18684000,-0.0015440765,-0.000930662,-9.799948,-0.0010902684,-0.00085192267,0.00026703312
18688000,-0.0028986724,-0.0013223877,-9.8006,3.6646213e-06,-0.00086682953,0.00012698972
18692000,0.003209306,-0.0020288283,-9.804611,0.0007680164,0.00044235607,0.0005893163
18696000,0.00546298,0.003581887,-9.7924385,0.0005183864,0.00025279226,0.0004907148
18700000,0.0025329003,0.005830286,-9.786324,-0.00053607655,-0.0006276138,-7.8442965e-05
18704000,-0.0020356094,0.0017740851,-9.791938,-0.0012273398,-0.00041259069,-0.00038494455
18708000,0.0056284405,-0.0016956748,-9.801459,-0.0005921486,-0.0004660373,-0.00016696798
18712000,0.00751583,0.004320542,-9.809952,-0.00037373154,-0.00034837442,0.00037370136
18716000,-0.0014397204,0.0022270058,-9.81181,-0.00084857346,9.404061e-05,0.00062047865
18720000,0.0012219219,-0.0025262504,-9.802622,-0.0004952822,0.00010999376,0.00014473558
18724000,0.0025801463,-0.0054955827,-9.802622,0.0002073428,-0.00044666568,-0.00020369564
18728000,0.0044349697,-0.001904477,-9.79907,0.00022304614,-0.00060939015,-0.00010358239
18732000,0.0022789973,-0.0001313649,-9.79264,-0.00025144435,8.502152e-05,0.0010429827
18736000,-0.0049660364,-0.002180737,-9.797451,-0.00081056275,0.0003724018,0.0010955614
18740000,-0.0017809304,-0.00210502,-9.798753,0.00021632884,-0.0007859099,-2.7890856e-05
18744000,0.003973037,6.185194e-05,-9.80535,0.00051084044,-0.0013827262,0.0004148562
18748000,0.0066138054,0.0036349061,-9.807043,-0.0005655377,-0.0006432173,0.00020689529
18752000,0.0016966341,0.0020248676,-9.805936,8.148056e-05,-3.337337e-05,-0.00020833044
18756000,-0.0058656023,-0.000574915,-9.806298,-0.00031099186,0.00047920702,-0.00022129754
18760000,-0.007998158,-0.0029367679,-9.804642,-0.0010610487,0.0008041165,0.00017801113
18764000,-0.0017240474,-0.0055351527,-9.804749,-0.00056466425,0.00046579994,0.00034253206
18768000,0.00048193152,-0.009034415,-9.802004,-0.00057412137,0.00023222686,-0.000287321
18772000,-0.002235053,-0.0096596135,-9.798027,-0.00022853208,-0.0003029554,-0.00011504102
18776000,-1.3198356e-05,-0.0035563146,-9.79539,0.000667184,-0.0010496369,-0.00018417907
18780000,0.001086107,0.0023647954,-9.790113,0.0005377432,-0.00014978013,-4.1621875e-05
18784000,0.0048681307,-0.0038004136,-9.798552,-0.00018013488,0.0006834342,-0.0006396053
18788000,0.006890242,-0.006890164,-9.812017,-0.0008929792,7.578024e-05,-0.0009568625
18792000,0.0037758844,-0.00010272223,-9.810518,-0.0003429194,0.00035134112,0.00025971443
18796000,0.0039332868,-0.0022108657,-9.803125,0.00019816871,0.00079279055,-0.0010353739
18800000,0.0033741496,-0.0013754371,-9.801566,-0.0005267032,-0.00012637176,-0.0017865634
18804000,0.001387478,0.002799706,-9.809359,-0.0016306551,-0.0010155903,-0.0008189634
18808000,0.0047288113,0.0039639035,-9.807607,-0.0011335164,-0.00087846554,-0.00064123975
18812000,0.0070594437,-0.0009559258,-9.802539,0.00016017276,0.00032046484,-0.0002456251
18816000,-0.00082674227,-0.0066964123,-9.801077,0.00032749382,-0.000118504584,8.0617916e-05
18820000,0.00059054233,-0.0001992863,-9.798253,-0.0005445573,-0.00031649138,0.0005532022
18824000,0.00051424827,0.0016544166,-9.7963085,-0.0005510606,0.00016773396,-0.00022608519
18828000,-0.006336742,0.0043944656,-9.794543,-0.00030647847,0.00023700754,-0.00013814043
18832000,-0.002642009,0.0051089046,-9.793825,-0.0003014363,-0.00027284693,0.00029221762
18836000,-0.0014780398,0.005017613,-9.794302,0.00043812647,-0.0003605643,-0.0018296157
18840000,0.004870597,0.0039689825,-9.800268,0.00024786007,-0.0004764094,-0.0015201595
18844000,0.008126161,0.0032371802,-9.803514,-0.00013433657,-0.0004725263,0.00027241322
18848000,0.002532817,0.007851716,-9.805334,0.00017063547,-0.00041992773,0.0005151754
18852000,-0.0003790332,-0.0015512477,-9.801342,0.0003309472,-0.00092663465,0.0008704475
18856000,-0.0013588443,-0.0065264325,-9.796959,-0.001304019,0.0009802172,-0.00017313109
18860000,-0.0064100875,-0.0011309895,-9.799287,-0.0020623363,0.0016404814,-0.0006179384
18864000,-0.004437926,0.006902209,-9.799417,-0.0011759463,0.00086847984,-0.0003669546
18868000,0.0018083384,0.0024817279,-9.797392,-0.0008925506,0.0010280531,-0.00037028219
18872000,-0.0046363487,-0.007129248,-9.799723,-0.00044707127,0.00037792162,0.00056034536
18876000,-0.007598534,-0.0018548556,-9.79323,-5.0318602e-05,0.00042267801,-0.0001296175
18880000,-0.005369843,-0.00037702618,-9.788851,-0.00047336624,0.0008420258,-0.0010798804
18884000,-0.010872195,0.00039946605,-9.796576,-0.0002993778,0.0003576819,0.0002691803
18888000,-0.00014353919,-0.0016522617,-9.794521,0.0006286082,6.804394e-05,-0.00017640874
18892000,0.008263209,-0.008090165,-9.803015,0.0011450567,0.00059156975,-0.0008456757
18896000,-0.00017288845,-0.008811164,-9.803595,0.00039451715,0.0002685737,0.00011085811
18900000,-0.004570638,-0.0019770802,-9.793814,0.00011371633,-0.00032049973,-0.00050884485
18904000,-0.0031774836,0.0027847404,-9.797909,7.180795e-05,0.00014690682,-0.0013996304
18908000,0.0024829085,-0.002568969,-9.797578,-0.0008420514,-0.0005594821,-0.00044535514
18912000,0.0025094338,-0.005933565,-9.799623,-0.00063882984,-0.00021077131,0.00084440556
18916000,0.0030172006,-0.005051373,-9.796006,-0.00029544334,0.0005968491,0.00015361256
18920000,0.0062841433,0.0033156031,-9.789511,-0.00073017174,0.00014347264,-0.0004794029
18924000,0.00784998,0.009175574,-9.796955,-0.0012488806,0.000972348,-0.00037607775
18928000,0.0016154328,0.00080780353,-9.809525,4.185298e-05,0.0013857979,0.00048255653
18932000,-0.0003980467,-0.0016922543,-9.811483,0.00087147194,0.00073406356,0.0010762572
18936000,-0.00088881166,0.0023327621,-9.803378,0.00012366855,0.00057423423,0.0002671107
18940000,0.001873656,-0.0006628727,-9.794878,0.00011654685,-4.86858e-05,0.00010470252
18944000,0.0071742786,-0.0030625262,-9.789726,0.00035432036,-0.00022258723,-1.0698998e-05
18948000,0.0017982492,0.0065882592,-9.793897,0.00045675025,0.00031473397,-0.00031004337
18952000,-0.0020479318,0.006690589,-9.793971,0.0010137716,0.0005266166,-0.00043849656
18956000,-0.003017269,0.0015751715,-9.797705,0.0008847057,0.00031388455,-0.00046948052
18960000,-0.0017489854,-0.0005332433,-9.801916,0.00017938724,0.00024551008,-0.0011708025
18964000,0.0022912724,0.004218206,-9.803244,0.0001039023,3.6727855e-05,-0.001192373
18968000,-0.0023519262,0.003765808,-9.804264,-7.646479e-05,0.00028388127,0.00034833845
18972000,-0.004402548,-0.0037938827,-9.803806,-0.0005270425,0.00036909754,0.00018817674
18976000,-0.004835456,0.007954836,-9.809938,-0.0013230713,0.00010342588,-0.00020055496
18980000,-0.0020162438,0.010601523,-9.81198,-0.00036137464,9.296511e-06,-4.5571847e-05
18984000,0.007162654,0.003739682,-9.807232,0.0012853879,0.0002747617,-0.00050955376
18988000,0.004905705,-3.168166e-05,-9.802721,0.001029444,0.00011076147,-0.00013572689
18992000,0.0004393804,-0.0055649406,-9.800777,0.0007477683,0.00011443337,0.0002882321
18996000,0.0007126986,0.0022718608,-9.797251,0.000767521,0.0010968572,-4.141045e-06
19000000,-0.002374167,0.008774118,-9.798689,-7.6041484e-05,0.00096835935,0.00013938529
19004000,0.0045210766,0.001437702,-9.799543,-0.00093324186,0.0003579475,0.00019352302
19008000,0.006942134,-0.0043119537,-9.793968,-0.00027818745,0.0007264962,-7.005926e-05
19012000,-0.0031908401,-0.0014699908,-9.799509,0.00032860937,0.00014146423,-0.00044097455
19016000,-0.002560403,0.0017901475,-9.803953,-0.00026064264,-0.00029388382,-0.0005378376
19020000,0.0027824347,-0.006867544,-9.8005295,1.3530186e-05,0.0001554551,-0.00018487849
19024000,0.0010662699,-0.0009366832,-9.800919,0.00019063904,-0.00030264945,0.0002348702
19028000,-0.0048441123,0.0072774217,-9.795227,-0.00048082523,0.0005784611,0.0009842368
19032000,-0.0081226695,0.0040350244,-9.788332,-6.566232e-05,0.00077211275,0.0005796142
19036000,-0.0052763727,-0.0008962849,-9.794371,0.0009314814,-0.00040189456,0.0006911687
19040000,-0.0023884098,-0.007399364,-9.801101,0.00020521383,-0.00075886096,0.00039433676
19044000,-0.0028842539,-0.0054181516,-9.799021,0.00010532829,-0.00035300088,-0.00074396847
19048000,-0.00087546994,-0.0055710254,-9.808947,0.00021413552,-0.0009400799,-0.00050666474
19052000,-0.0006585666,-0.0037074813,-9.804825,-3.191631e-05,-0.0005714195,-0.00013337993
19056000,-0.0015255646,-0.0011261058,-9.791485,0.00026528203,-0.0007804263,0.00025369175
19060000,-0.002729574,-0.0013569811,-9.798207,-0.00047645697,-0.0006886114,0.0012085483
19064000,0.0025801847,0.001152898,-9.801334,-0.0005705644,0.00037096496,0.0008499423
19068000,0.008904714,0.0047296537,-9.802679,0.00058190967,-0.00022995714,4.3821245e-05
19072000,0.0036699888,0.0015430485,-9.8023615,0.0007689796,0.00032072794,0.00017594137
19076000,0.0050460603,-0.00807591,-9.800995,0.00027021905,0.0005327614,-0.0008676738
19080000,0.006748456,-0.008173808,-9.800533,0.00052816654,0.00020918951,-0.00014661135
19084000,0.0025661,-0.0039837197,-9.802202,0.00016384224,0.00012377024,0.0010123507
19088000,0.0029945928,-0.0010174044,-9.801262,-4.5779e-05,0.00016576597,0.00028796738
19092000,0.009126439,0.0049182503,-9.796993,0.00032440238,0.00020184033,-0.00070238183
19096000,0.0041947328,0.0040374203,-9.801636,0.00050033367,-0.00043047985,-0.0011548476
19100000,-0.0052824714,-0.0035435993,-9.798847,0.00018354354,-0.0004181412,-0.00014647965
19104000,-0.0030286168,-0.00559325,-9.798496,-3.9660295e-05,-0.00080020976,7.578834e-05
19108000,0.0027249698,-0.0012153321,-9.80636,0.00010216121,-0.0009195364,-6.0116974e-05
19112000,0.01033378,-0.00042638797,-9.800156,0.00089308305,0.0005388069,-3.3749744e-05
19116000,0.008112193,-0.0057090707,-9.798742,-0.00010977577,0.0007955288,0.0005484675
19120000,0.002731187,-0.004803318,-9.80324,-0.0017476181,3.348615e-05,0.00017452365
19124000,0.000597436,-0.00017432056,-9.797392,-0.0010610941,-3.0841402e-05,-0.00024851927
19128000,-0.0029832898,0.0005471389,-9.791756,-0.00036022314,-0.0007776785,0.00024775692
19132000,-0.008210523,-0.0028625093,-9.801513,1.7961587e-05,-0.0005414806,-0.00015855981
19136000,-0.009369384,-0.0032704182,-9.804424,-1.3396541e-05,0.000103924605,0.00021073988
19140000,-0.0008757815,-0.007521693,-9.800612,1.5551906e-05,-2.6162168e-05,0.00033025857
19144000,0.007358874,-0.012873147,-9.80649,0.00074873556,-0.00058916985,-0.00026552487
19148000,0.007195375,-0.013968223,-9.811746,0.0006389701,-0.00094821374,-0.00025321057
19152000,-0.0027083887,-0.010268666,-9.807045,-6.732552e-05,4.5654855e-05,0.0006831514
19156000,-0.008050245,-0.0033882179,-9.805819,-0.00068605,-0.00025683243,0.00055270235
19160000,-0.004107936,-0.0018671977,-9.80418,-0.0007520053,-0.001395295,-0.00014568915
19164000,-0.00054069737,0.0018717244,-9.79505,-0.00029184614,-0.0010654789,-0.00013308435
19168000,0.0024853928,0.0024007428,-9.79191,-0.00066689186,0.0001850949,0.00042148677
19172000,-0.0013206712,0.0003094349,-9.791759,-0.0002684351,0.0005331736,0.00050104037
19176000,-0.0061368197,-0.0037131214,-9.793824,0.0005813577,0.00010484272,-0.0003486837
19180000,-0.0066313865,-0.006099867,-9.801523,0.00065358035,-0.00064342207,0.00042840134
19184000,-0.004285218,-0.0026028573,-9.811143,0.0005020463,-0.0008655275,0.0015370969
19188000,-0.003963868,-0.0046232883,-9.803911,0.0004718694,0.0004160325,0.00079006
19192000,-0.0035278331,-0.0031853323,-9.799784,-0.00042544722,0.0011827112,0.0006972921
19196000,-0.0026844258,-0.00088482886,-9.79911,-0.0017444617,-0.00089804357,0.00080088037
19200000,-0.000681545,-0.0017813082,-9.787407,-0.0010557987,-0.0018046098,0.00022665937
19204000,-0.0006905978,0.0010778331,-9.791028,0.00031046363,-0.00026302107,-0.00044574687
19208000,0.001658743,-0.0033416962,-9.801116,0.0009135297,0.0012262709,-0.00038381293
19212000,0.0037942557,-0.011605879,-9.800146,0.00038872162,0.00026331516,1.6685482e-05
19216000,-0.004374665,-0.0050044865,-9.798086,0.00018633758,-0.00028673027,-0.00022677891
19220000,-0.0043709027,-0.0033580533,-9.793142,0.0003649675,0.00024111367,-0.0006377841
19224000,0.0011902617,-0.0066909473,-9.799381,-0.00043557034,-0.00032081906,-0.001184891
19228000,0.0012851768,0.0007087031,-9.801199,-0.00014253825,0.00011919378,-0.00065695803
19232000,0.0003735108,-0.00092370313,-9.794697,0.00013748632,0.00034428688,-7.796841e-06
19236000,0.004511372,-0.0026818484,-9.798272,-0.00036219094,-0.00040548947,5.7930305e-05
19240000,0.005836048,0.000712666,-9.799665,-0.00015801373,-0.0010152259,-0.0003786736
19244000,0.004421563,0.0045242705,-9.80191,-0.00040879464,-0.0009097369,-0.00014144069
19248000,-0.0022439684,0.004518824,-9.802376,-0.00093841384,-0.0009195659,0.0008113814
19252000,-0.0068564257,0.0016801958,-9.795486,-2.825687e-05,-0.00061313756,0.0012575446
19256000,-0.0048720734,0.006052657,-9.796958,0.0009467234,-0.0008394429,0.00041500354
19260000,0.00040498405,0.005251555,-9.802385,-0.00038529382,-0.00011543022,-0.00033257547
19264000,0.010985122,0.0024399892,-9.803215,-0.000762562,0.000508661,0.00059797545
19268000,0.008465301,-0.0032414463,-9.808654,-0.00087416003,-0.00027169273,0.0003149065
19272000,0.00018391883,-0.00018700938,-9.803428,-0.00051224924,-0.00023903996,-0.00039837215
19276000,-0.0026644317,0.0055565382,-9.792123,0.000342773,-0.00059666636,5.2059615e-05
19280000,-0.0027971542,0.00017615594,-9.801018,0.0006640605,-0.0011208154,0.00055505923
19284000,0.002302736,-0.0024664125,-9.809633,0.00010261306,-0.00049720047,0.0007158984
19288000,0.0048059416,-0.0012176738,-9.811912,-0.000924003,0.00019256568,-4.754346e-05
19292000,0.003662537,0.004889687,-9.804909,0.00013378782,-3.5768484e-05,0.00012939642
19296000,0.0046443082,0.0064812866,-9.794014,7.8322846e-05,-0.000470447,0.00051651965
19300000,0.003189988,0.0031285086,-9.79203,0.00035957244,-0.00068553654,0.00010900628
19304000,0.0032314658,0.0026798565,-9.796207,0.00046889135,-0.00038774544,-0.00024277781
19308000,-0.004478631,0.0016205058,-9.804295,-0.0003367783,4.2081928e-07,-0.0005948807
19312000,-0.0019173931,-0.0034067393,-9.805212,-0.00071693864,-0.00032025808,0.00035227684
19316000,0.0066361893,-0.008228126,-9.80991,-0.00081125484,-0.0006751541,0.0005610721
19320000,-0.0030926885,-0.008981991,-9.817642,0.00034707863,0.0005053146,-0.0005508223
19324000,-0.0069957944,-0.0035197677,-9.808958,0.00022667284,0.0009527407,-0.000107230895
19328000,-0.0037103537,0.005018574,-9.795898,-0.00011389822,7.365245e-05,-5.7007703e-05
19332000,-0.003997503,0.0022871108,-9.796436,0.00046276706,-0.00037760366,-0.0008752758
19336000,-0.0027376057,-0.004584761,-9.796492,0.00041238157,0.00017128889,-0.0002892969
19340000,0.002572592,-0.003154315,-9.790361,-0.0005567833,0.0010483207,0.00048768293
19344000,0.0031487872,-0.0040678172,-9.793976,-0.0015180829,0.00014911804,0.00046581042
19348000,-0.0014170016,0.00054499734,-9.7996645,-0.00026682933,-0.0009539309,0.00039276588
19352000,-0.00012629808,0.0020836452,-9.79969,0.00082000927,-0.0007380564,8.2846724e-05
19356000,0.0025343185,-0.0009650669,-9.794353,0.0011876895,0.000622967,0.0006529987
19360000,-0.003643812,0.0005197624,-9.795946,-0.00010537784,0.0014491018,0.0011811266
19364000,-0.00773144,0.0029602363,-9.803181,-0.0014467003,0.0007983893,0.0004966273
19368000,-0.0053603416,-0.003373353,-9.803446,-0.0007952279,-0.00015488794,0.0005189577
19372000,-0.0058849994,-0.0060260487,-9.807104,-0.000926752,-0.00025532607,0.00035859743
19376000,-0.005453881,-0.00044524312,-9.801543,-0.00018399679,-0.0002785938,-0.00017384122
19380000,-0.005114655,-0.0004498803,-9.801047,0.00039361636,-0.001094168,0.00040770095
19384000,-0.005850832,0.0021407343,-9.802414,3.3279237e-05,-0.0007186524,0.00017862131
19388000,0.004861323,0.0069437316,-9.793461,7.0444374e-05,4.281491e-05,-0.00062107627
19392000,0.007908123,0.002331265,-9.789764,-0.00019179219,8.2562154e-05,-0.0006047265
19396000,-0.00086864864,-0.0021675187,-9.795666,0.00017532527,-0.0007378099,-0.0010914273
19400000,0.0011520024,0.0035880764,-9.797666,0.00019466715,-8.901828e-06,1.4367679e-05
19404000,0.0036237568,0.004879915,-9.796106,-0.00020660934,0.00022394782,0.0008179333
19408000,-0.0062248614,0.0038237444,-9.793265,-0.0003552532,-0.0002509069,0.0005464
19412000,-0.0064229295,-0.00026792835,-9.798793,-0.00090383156,0.0005305332,0.00021470501
19416000,0.004613273,-0.0045802696,-9.804224,-0.0006938838,-0.0004123059,-0.0002384021
19420000,0.0070854276,-0.0075324145,-9.794727,0.00063540885,-0.0009961552,-0.000945847
19424000,0.0024050646,-0.005700405,-9.797434,0.0014707756,-0.00030826768,-0.001123934
19428000,-0.0011856952,-0.0003901183,-9.796291,0.0006974083,0.00032580315,-0.00070537726
19432000,0.0017392684,0.005803025,-9.796997,-0.0011133997,0.00084585557,-0.00019984164
19436000,0.0017951697,0.007388894,-9.802083,-0.0014284217,0.00017033257,0.00011049254
19440000,0.002807231,-0.0012726688,-9.799978,-0.0009047154,-1.2679149e-05,-0.0003192907
19444000,0.0016505363,-0.003746148,-9.804188,-0.001095455,-0.0006030058,0.00018057422
19448000,-0.002222834,-0.0026070324,-9.801722,0.000123516,-0.000646992,0.00087577815
19452000,-0.00017140748,-0.0017599311,-9.803047,0.0016112761,0.00061921583,0.00022431221
19456000,0.0023523814,-0.0037680895,-9.805723,0.00093230116,-0.0003406367,-0.00014282671
19460000,0.0005182596,-0.0077020824,-9.798899,-0.00023089557,-0.00041296904,0.0004086525
19464000,-0.0016141857,-0.0035420288,-9.803125,0.00018292913,0.00042090853,-3.5373487e-05
19468000,-0.0051102173,0.002132706,-9.805809,0.00036031444,-0.00069812976,-0.0005342742
19472000,-0.00252839,0.00093126047,-9.797831,0.00025836227,0.0002745418,-0.0003058381
19476000,0.002513213,0.0027324161,-9.799103,0.00027894773,0.0014652273,-0.00028300384
19480000,0.0037017723,0.0050943284,-9.804218,0.00017577858,-0.00037910015,0.00024495917
19484000,-0.0042219786,0.0066908533,-9.807159,-0.00048909447,-0.0008286763,0.00010304732
19488000,-0.010023715,0.0018742849,-9.804627,-0.0015546476,0.00025356858,-0.00042922783
19492000,-0.0025518069,-0.008499347,-9.794294,-0.0009724742,0.0002545364,-0.00020301214
19496000,0.0056848954,-0.0068122754,-9.798265,-7.550937e-05,-0.0007427194,-0.00059871306
19500000,0.010427107,-0.0009097014,-9.80058,-0.00010675001,-0.00047794782,-0.00046998006
19504000,0.0074608508,-0.0012456797,-9.789132,0.00017967855,-8.713653e-05,0.00018508849
19508000,0.0041553555,-0.0043598153,-9.787864,0.00032409208,0.00013884659,0.00038159915
19512000,-0.00356173,-0.0025134827,-9.788424,0.00068988703,-8.5989566e-05,0.00067461404
19516000,-0.0016094197,-0.00138416,-9.789337,0.0005969895,-0.00022053123,0.0009128665
19520000,0.0061197737,0.0023717943,-9.79129,-0.00042845265,0.00018931906,0.0002189617
19524000,0.002732133,0.0013996972,-9.79521,7.0955143e-06,0.0003591133,-0.0009692475
19528000,-0.0013767325,-0.002505627,-9.806064,0.00039943922,0.00026990936,-0.0009871571
19532000,-0.0056630066,0.0061535886,-9.803866,0.00016367743,0.00052854663,-0.000642579
19536000,-0.0023721266,0.0071660257,-9.799939,-1.9713494e-05,0.00060977094,0.00016405506
19540000,-0.004117003,-0.0018538572,-9.801685,0.00068058545,-0.0005029856,0.0006001242
19544000,-0.002162069,0.00026870958,-9.788292,0.00059268565,-0.0012311055,0.00024840437
19548000,0.0022909204,0.0028329194,-9.783121,-0.00042131776,-0.0004661385,0.0006842663
19552000,-0.002675293,0.00082017976,-9.797834,-0.0006287856,0.00028478503,7.879117e-05
19556000,-0.004224196,0.0008330961,-9.801407,-0.0006604184,-0.00011027906,-0.00024661623
19560000,-0.0008664783,-0.0013383036,-9.797789,-0.00030494246,-5.9319224e-05,0.00050004304
19564000,-0.002229415,0.004082585,-9.797878,0.00031749016,9.274806e-05,1.9092986e-05
19568000,-0.0044727186,0.0023536503,-9.798275,0.00029206017,0.00030703703,-0.0003175674
19572000,0.0016631464,-0.0034019344,-9.797647,-0.00035733133,0.0003100841,-0.0001463595
19576000,-0.0014381958,-0.0064155417,-9.795557,0.00035141883,-0.00015839096,-0.0007245571
19580000,-0.0006652995,-0.011263596,-9.797556,-5.942732e-05,-0.0005532982,-0.0009005406
19584000,0.002906403,-0.006568313,-9.801153,-0.0008721987,-0.0006008893,-0.00027438716
19588000,-0.00030825747,-0.000626106,-9.805462,-0.00036379485,0.00028428284,2.5513431e-05
19592000,-0.001007654,-0.00495971,-9.8023405,0.0008804644,0.00062553596,-0.0003824313
19596000,0.0024258774,-0.0074662757,-9.797659,0.001453805,-0.00022360346,-0.0008232667
19600000,-0.00019469557,0.0050174384,-9.800749,-0.00013085295,-0.0002489998,-0.00029247964
19604000,-0.006679965,0.0054909512,-9.798847,-0.0013098425,-0.00085244986,0.00026157274
19608000,-0.0077369176,-0.0045374893,-9.800002,-0.0008714053,-0.0015952372,-9.04976e-06
19612000,-0.0061560636,-0.007744723,-9.802433,-0.00042767893,-0.00058598415,0.00023173167
19616000,-0.0065873223,-0.0077649537,-9.802994,-0.0003821237,0.0002037906,-0.00035157998
19620000,-0.004000437,0.0029369148,-9.803612,-0.0005282745,-0.00037478455,-0.00079088
19624000,-0.0021654074,0.008607087,-9.799877,-0.0008974254,-0.00057147775,-0.0010716233
19628000,0.0026791869,0.006472673,-9.793659,-0.00036867344,-2.682052e-05,-0.0010153811
19632000,0.0016067745,0.0013568373,-9.792349,0.0004111342,0.00034559873,-0.00057883083
19636000,-0.00417902,-0.0055595185,-9.794182,7.429244e-05,0.00015881275,-0.00047046965
19640000,-0.0010476435,0.0025564998,-9.796488,-0.00012421078,0.00012468362,0.0003615375
19644000,-0.002279483,0.0075533944,-9.798149,-0.00043502383,0.00044334863,0.000581188
19648000,0.002279756,-0.0014129394,-9.792208,-0.0011067621,0.0004411915,0.00056612154
19652000,0.0020081645,-0.0056037144,-9.799225,-0.0009809284,-8.112858e-05,0.0009007609
19656000,-0.0012952111,-0.0014642796,-9.800182,-0.00040620333,-0.00069217774,0.0009811887
19660000,0.00015666374,0.008258301,-9.794468,-0.00043821082,-0.00045163577,0.0008966772
19664000,-0.005325403,0.009036432,-9.798988,-0.00046401218,0.0003178758,0.0007591435
19668000,-0.011276213,0.0046813926,-9.804057,-0.0001836625,0.00094428397,0.00029213759
19672000,-0.0076847654,0.0008559025,-9.807411,-0.00038394248,-0.00075584225,0.0007401017
19676000,0.00051056495,0.00095892505,-9.800079,-0.00081615784,-0.0014836632,0.0008157676
19680000,0.0009860765,0.002581313,-9.797871,-0.00023371732,-0.00058724347,-0.00014151775
19684000,0.0016153156,0.005256088,-9.799428,0.00045666122,-0.0009885882,-0.00020213962
19688000,0.005071372,0.0017047969,-9.793337,-0.00017958767,-0.00038692617,-0.00020445841
19692000,-0.0022880377,-0.0011699684,-9.796795,0.00026404022,8.051935e-05,-5.915593e-05
19696000,-0.010083551,0.0020925445,-9.801417,0.0006030133,0.00031760155,-0.00027968147
19700000,-0.004351463,-0.00053925364,-9.800638,-3.7346985e-05,0.0002439462,0.00013900336
19704000,0.0033403826,0.0034181569,-9.793861,-0.00029146622,0.0002673464,0.0011123903
19708000,0.0035680302,-0.00089510647,-9.793653,-1.1003426e-05,0.0007546304,0.0010819655
19712000,-0.0016247756,0.0019755126,-9.798623,0.0010314333,0.00033184822,0.00030829926
19716000,0.0012601954,0.0020274788,-9.795181,0.00088426576,-0.00021030121,-0.0012443477
19720000,0.0025855894,-0.0068173893,-9.799395,-0.00011826606,-0.0003443215,-0.0007658709
19724000,-0.0011096889,-0.0020129858,-9.803905,-0.00031680195,0.00020937325,-0.0013134804
19728000,0.0022845177,0.0001516473,-9.804153,-0.0013344676,9.943035e-05,-0.0019398605
19732000,0.0018286752,0.0017413226,-9.800535,-0.0011215443,-0.00029790594,-0.0003082635
19736000,0.0016059412,0.0064629386,-9.800735,0.0005540816,0.00040803364,-0.00049839687
19740000,0.0046085296,0.007232483,-9.800087,0.00037017933,0.0005582797,-0.00058138993
19744000,0.003623859,-0.00022594107,-9.79978,-0.0004768661,-0.00027649975,0.00010550614
19748000,-0.0015583566,-0.0018018623,-9.801664,0.00022553394,-0.00079062616,0.000171322
19752000,-0.0027441075,-0.00027370013,-9.800655,0.0009408089,-0.00047889215,-2.658412e-05
19756000,-0.0029380831,-0.00094969914,-9.802277,0.001203274,4.6015713e-05,0.0001772982
19760000,-0.0021522576,0.00048222727,-9.80561,0.00061433064,-9.3729665e-05,0.00079832465
19764000,-0.00397367,0.0004914275,-9.798285,-0.00065741234,-2.7058197e-05,0.0003973642
19768000,-0.002409877,0.0032778129,-9.7977295,-0.00058060535,-0.00012013511,-0.0002200289
19772000,-0.0008373436,0.0064321505,-9.806616,0.00015706729,-0.00043844487,0.0002375326
19776000,0.0005607951,0.004700401,-9.800947,0.0011241687,0.0003251079,-0.00020839159
19780000,0.0027807564,0.0034693214,-9.800976,0.0003758544,0.00010719562,-2.0325331e-05
19784000,-0.0017776983,-0.0018010406,-9.80714,-0.0005365133,0.00036831942,0.00103422
19788000,0.0010824334,-0.0013590276,-9.805096,-0.0005961223,0.00047652138,0.00053754105
19792000,0.0005244337,0.0046240226,-9.800244,3.710708e-05,0.00017589537,8.063656e-05
19796000,-0.005364615,-0.0004883117,-9.799805,0.0016578501,0.0006735648,-0.00016214719
19800000,0.0006578631,-0.0006362978,-9.804402,0.0012420703,-0.00043259532,-0.0012299278
19804000,0.004787633,0.0013265627,-9.802441,0.00018580524,-0.00075726886,-0.0012835425
19808000,0.0064322953,0.0031918315,-9.79414,-0.0005635653,0.00050955365,2.9260282e-05
19812000,0.005212706,0.007606709,-9.796453,-0.00084528857,0.0006290329,0.00030300274
19816000,-0.0019352885,0.005193405,-9.803263,0.00012120141,-0.00047571672,-4.8616144e-05
19820000,-0.0017233166,-7.556079e-05,-9.803709,0.00012760774,-0.00029820736,0.00042088257
19824000,0.00054292055,-0.004187149,-9.8038435,-0.0004470386,-6.804643e-05,0.0010201533
19828000,-0.0003672989,-0.0035763858,-9.805086,-0.0004130852,-0.000548054,0.00094853976
19832000,-0.005198109,0.001581148,-9.80484,-0.00013796653,0.00037581602,0.00025362353
19836000,-0.0010849179,0.0027362565,-9.802578,-0.00052736537,0.0004919752,-0.000112464906
19840000,0.0016774987,0.0043439665,-9.800617,5.677822e-05,-0.0006250113,-0.00012631959
19844000,-0.009965303,-0.002036855,-9.797985,0.00090973143,-0.0004489684,3.6603702e-05
19848000,-0.008349157,-0.0035333093,-9.794532,0.00031435495,-0.0011640522,0.0002950857
19852000,0.0024771874,-0.00030091405,-9.792201,-4.8916052e-05,-0.001025331,0.00011767105
19856000,0.0062589208,-0.0035768433,-9.791889,-0.00011731881,0.00065009564,0.0003256055
19860000,0.012579723,0.0010708937,-9.798825,0.00018465653,6.9136535e-05,-0.0002108291
19864000,0.0043413416,-0.0031772137,-9.803987,0.00039826223,0.00087622344,0.00020927761
19868000,-0.00022891423,-0.0046903836,-9.803418,0.00045644445,0.002024813,0.0008140815
19872000,0.0022949898,-0.00026553078,-9.798373,-0.00028056235,0.0008031027,0.00020764892
19876000,-0.0029645888,0.0015140146,-9.798332,-0.0012005926,0.0005948434,0.0008799161
19880000,-0.003230218,0.0022882856,-9.7994585,-0.00037018137,0.00053643755,0.0008333817
19884000,-0.0059695644,7.579314e-05,-9.800097,0.00049421214,0.00014550248,0.00043358863
19888000,-0.00043466507,0.00058735046,-9.804281,0.001123725,0.0013085208,0.00058245164
19892000,0.005934556,0.002908991,-9.808128,0.0007654798,0.0008536105,0.0009147499
19896000,0.0032543195,-0.0029183456,-9.801685,-0.00025519618,-0.00047164276,0.0010679176
19900000,0.005300011,-0.007774174,-9.799417,-0.00021881789,-0.000407801,0.000862227
19904000,0.0048702126,-0.0024583556,-9.799764,0.00040979346,-0.00075391604,0.0007075077
19908000,-0.00013971212,0.00045495518,-9.789777,0.0008232872,-0.00065396185,9.170277e-05
19912000,-0.0032318498,-0.0016437819,-9.7855625,0.00018156382,0.00012949866,3.5598823e-05
19916000,-0.0014400749,-0.009413643,-9.790879,0.00022250415,0.000151188,0.00021845732
19920000,-0.0016890977,-0.0025270905,-9.798471,0.0006288664,0.00072084967,0.0005466875
19924000,0.0007477843,0.004382424,-9.795982,0.00025924202,0.0017365706,0.00067427155
19928000,0.0043424293,0.0015046129,-9.791948,0.00030934715,-2.8940198e-05,0.00053541025
19932000,0.0027823753,-0.0044787372,-9.789814,0.00031313318,-0.00092702796,0.00042301734
19936000,-0.0032580027,-0.0036604267,-9.792156,4.7606634e-05,-0.00027160224,0.00028958023
19940000,-0.0017844646,0.0011784039,-9.793506,6.4439235e-05,-0.00018122076,-6.119683e-05
19944000,-0.0031962167,-0.0062172487,-9.796903,0.000108681765,8.756391e-05,-0.00043260312
19948000,-0.0028745923,-0.0050954656,-9.803605,-0.00017554735,0.0003634757,-0.0008044139
19952000,0.0011897193,0.00020543668,-9.805311,0.00017013571,-0.00065454113,-0.00056449714
19956000,-0.0033765947,-0.00026528467,-9.798874,-0.00020937734,-0.0013039812,3.6014942e-05
19960000,0.001710289,6.419609e-05,-9.796307,-0.001592817,-0.0007474512,-0.00039133104
19964000,0.0036346698,0.0034401712,-9.803406,-0.0010873936,-0.0002917687,-4.398696e-05
19968000,0.002855278,0.0015842514,-9.80331,-1.1371193e-05,0.00029474552,-0.00020068706
19972000,0.000640237,-0.0050405716,-9.797859,0.00046085456,7.659233e-05,-0.0014092925
19976000,-0.001600826,-0.007418747,-9.80021,-0.00011833305,-0.00022050325,-0.0012183002
19980000,0.0048592743,-0.0023041721,-9.800398,-0.00057409715,-0.0006494521,5.836151e-05
19984000,0.0069670705,0.0017276963,-9.798243,0.0009031269,-0.0009301943,0.0006734732
19988000,0.001447659,0.00023116785,-9.80104,0.0005301372,0.00095451355,0.00018265733
19992000,-0.005045954,-0.00022694127,-9.804304,-0.00051352347,0.0015286903,-0.00018155517
19996000,-0.003016822,0.0022482432,-9.80126,-0.0005391451,0.00044829518,5.1578332e-05
20000000,0.004663952,0.0021091504,-9.795953,-0.00053473987,0.00057490333,0.0001529004
20004000,0.004207988,0.0035702453,-9.803404,-0.00048629602,-0.00031412317,0.0007929708
20008000,0.0015020117,0.004524045,-9.807655,-0.00011540596,-0.0009145263,0.0007264043
20012000,0.005270401,0.0058288327,-9.800305,0.00060541515,-0.0012116275,-0.0002072653
20016000,0.0042042914,0.0033356375,-9.798275,0.0003332828,-0.0013779684,0.0001817642
20020000,-0.0020597347,-0.001876783,-9.802946,-0.00022044191,-0.00049082766,-0.0004658651
20024000,-0.0019423863,0.00029624594,-9.802293,-0.00079471397,-0.0009505157,-0.0010917996
20028000,-0.002307363,-0.0039369226,-9.800762,-0.001008359,-0.00062600133,-0.0001322652
20032000,-0.0006711163,-0.003320936,-9.804928,-0.00051733863,-8.827974e-05,-0.0001243902
20036000,0.0025296812,0.0012690132,-9.809544,0.0006280617,-5.097812e-05,-0.0005038325
20040000,-0.004324945,0.0021376421,-9.80659,0.0003874428,-0.00011167412,0.00012845379
20044000,-0.0019370031,9.6538744e-05,-9.800693,-1.7580112e-05,-0.0005475707,0.000952613
20048000,0.0027321083,-0.0015424503,-9.7983265,0.00027404548,-0.00010318597,0.0008951575
20052000,-0.0018904645,-0.003122238,-9.7971945,0.0005292487,0.00015272805,0.000593097
20056000,-0.0034631654,-0.004163486,-9.802472,0.000540492,0.0008964113,0.0003682111
20060000,-0.0053928383,-0.0013843555,-9.797699,0.0005912359,0.00090334006,-9.728088e-05
20064000,-0.0027415303,0.0025063357,-9.797424,-0.00017048394,0.00019440145,1.9196576e-05
20068000,0.00030041774,0.0042061307,-9.804186,2.5353283e-05,-0.00030285856,5.280327e-05
20072000,0.0037290524,0.0010506008,-9.80221,4.2978605e-05,7.3714896e-06,-0.0004502758
20076000,0.0048850495,0.002065516,-9.800923,-0.0004786311,0.00013440292,-0.0009343336
20080000,-0.0051647956,0.0046790675,-9.80315,-0.00044957368,0.00065822003,4.102021e-05
20084000,-0.007879689,0.009111782,-9.807039,-0.0006914778,0.00062286766,0.001880889
20088000,-0.006056753,0.008465054,-9.797974,-0.0006176393,-0.0002401296,0.0008780275
20092000,8.399505e-05,0.0037401316,-9.8004875,-7.729533e-05,-0.0002778368,-0.00047108292
20096000,0.0047926735,0.0034889933,-9.809783,0.0004051362,0.00022843556,0.00034422794
20100000,0.0020409452,0.004741372,-9.807331,0.00030902802,0.00075464416,0.0006986224
20104000,0.00061786524,0.0033185936,-9.802759,2.2015447e-05,-0.00013543051,0.00022282645
20108000,0.0005426315,0.0016575597,-9.799923,-0.0003843361,-0.00044536596,0.00022937739
20112000,0.0039185802,0.005243125,-9.803401,-0.0005233358,-0.00010137275,-0.00011443356
20116000,-0.0021674947,0.0019895153,-9.806053,-0.00021329799,-0.00012911974,-0.00031482684
20120000,-0.0031782058,-0.0034656092,-9.813709,0.0005667559,-0.0001288377,0.00024956692
20124000,0.0024046595,-0.0012998985,-9.812455,-2.9510262e-05,-0.0004597319,0.00012256949
20128000,0.0009186446,0.00058038894,-9.798304,-7.570699e-05,2.226583e-05,-5.6114393e-05
20132000,-0.0003462832,-0.0004620552,-9.7942295,-0.00022293467,-2.7400989e-05,0.0006031893
20136000,-0.0026405295,0.0012629055,-9.797083,-0.0010751289,-0.00037218627,0.00036108724
20140000,0.0011733691,0.0017499399,-9.801812,-0.00041275017,-0.00019372813,0.00021375559
20144000,0.00024833257,-0.0034298736,-9.804819,-0.00011726433,4.9448106e-05,-0.0001844222
20148000,-0.0059499764,-0.00010448918,-9.797646,-0.0003670783,0.0008496981,8.634523e-05
20152000,-0.0019872182,0.0037769442,-9.793977,-0.0006578834,0.00094700285,0.000436571
20156000,0.0016874517,0.005349178,-9.805987,-0.001014165,1.21517105e-05,0.00023818164
20160000,0.0017099297,0.0052137338,-9.80481,-0.00015005466,-0.00028765545,0.00021220384
20164000,0.0055210297,0.0002158386,-9.792039,0.0006271076,0.0006732165,-0.00032533274
20168000,0.0040969555,-0.0051895278,-9.795416,-0.00068428396,0.001167349,0.00027326477
20172000,-0.004135726,-0.0063499883,-9.8033695,-0.0009827311,0.0006690069,0.000429135
20176000,-0.0053215367,0.004448959,-9.798613,0.00013042676,-0.00029425274,0.0003952354
20180000,-0.0038202647,0.0071982136,-9.794622,0.0005252609,0.0003164142,0.000106035164
20184000,-0.00029845646,-0.0008887623,-9.800589,0.0011930487,0.001094313,-0.00046477464
20188000,0.008370616,-0.005390082,-9.803066,0.0012183213,0.0009958997,0.00016021465
20192000,0.007251912,0.00013538027,-9.800772,0.00032478257,0.0009200835,0.0002964467
20196000,0.007746122,0.005653109,-9.797033,-0.00030442615,6.4255655e-05,-0.00033794687
20200000,0.0040959707,0.0007825726,-9.79644,-0.0007649586,-0.00031907813,-0.00057982525
20204000,0.0014852048,0.0031904746,-9.799023,-0.00029105588,-9.598232e-05,-9.762357e-05
20208000,0.007705007,0.002719221,-9.802225,0.0007386607,0.00018115935,0.00013197755
20212000,0.0043352037,-0.0076282234,-9.803951,0.00028929694,7.569584e-05,0.00040233653
20216000,-0.00066674675,-0.006327777,-9.792723,-0.0002492381,-0.00032268875,0.0002083887
20220000,-0.0017985947,0.0039792517,-9.783924,-0.00024588348,0.00013423804,-0.0002329471
20224000,0.002421277,0.005748619,-9.796401,0.00017018517,-0.00013255511,0.00060066814
20228000,-0.0018132424,-0.0011067132,-9.800472,0.0002782451,-0.00013726104,0.0004993982
20232000,-0.00016173025,-0.0027434626,-9.7931,0.000778082,0.00036146655,0.00054922624
20236000,0.0025265673,-0.00043726998,-9.798192,0.0004418717,-0.00023363411,0.0005854289
20240000,0.00016501223,-0.0032329324,-9.8031025,-0.00080017257,-0.00054830755,0.0001285452
20244000,-0.0008410467,-0.001045362,-9.808615,-0.0006962584,0.0001537824,0.00027147506
20248000,-0.002025927,0.00039169475,-9.806507,0.00055997627,0.0011534551,-8.009498e-05
20252000,0.0034261504,-0.006100542,-9.798037,0.0011020951,0.0008644946,0.00020145917
20256000,0.0037368094,-0.0048730145,-9.799046,0.0012526553,0.00022475603,0.00053300115
20260000,0.00539185,0.00466931,-9.798984,0.0010467863,-0.00079777907,0.00041540165
20264000,0.006739459,0.00011174486,-9.798132,0.0003665788,-0.0011395972,0.00048755386
20268000,-0.0017826082,-0.001741463,-9.797146,0.0011046325,0.00021097461,-5.2750413e-05
20272000,-0.0058768317,0.0038512435,-9.797022,0.0008974794,0.00014118846,-0.0009786311
20276000,-0.0028883857,-0.00054851465,-9.800459,0.0001187163,-0.0010697388,-0.0012138671
20280000,0.00074466586,-0.0004154934,-9.80307,0.000109676614,-0.0005736809,-0.00067621516
20284000,0.0041544256,0.00091270264,-9.800472,-6.738733e-05,0.0007991809,-0.00027600123
20288000,-0.00038895875,0.0017691406,-9.801334,0.0002618621,0.00044129536,-9.9350145e-05
20292000,-0.0077119065,-0.0008364115,-9.800808,0.00048431987,4.079656e-06,-5.3351345e-05
20296000,-0.0033426406,-0.0004783936,-9.793778,-0.00042996483,0.00036313216,0.00021840939
20300000,0.0030679256,-0.0064675,-9.79859,-0.0006273384,0.00022636213,0.00077298866
20304000,-0.0057705045,-0.005407135,-9.80039,-0.00014590223,0.00011907202,0.00036865505
20308000,-0.0034559998,0.0054476964,-9.791864,0.00026389703,5.0071936e-05,-0.00047019622
20312000,0.002128454,0.0025089826,-9.795585,0.0006569143,-1.9743058e-05,-5.408748e-05
20316000,-0.0035214433,-0.0011155022,-9.800137,0.00041622733,0.00050479436,2.9216559e-05
20320000,-0.0075790402,0.0023629724,-9.795471,0.0006246598,0.0009652036,-0.00035650504
20324000,-0.0042923586,0.0043601054,-9.789881,0.00039546844,0.00079950294,-0.00064118084
20328000,0.005692381,0.0030981835,-9.796468,-0.0006623869,0.0005383944,-0.00024036705
20332000,0.0017679345,-0.0029865417,-9.796217,-0.00029728573,0.0005284938,0.00047209277
20336000,-0.00068262685,-0.0074467943,-9.796257,0.00029175705,0.00010998731,0.0004883617
20340000,0.0013917151,0.0016158796,-9.802806,0.00049862155,-0.0001541459,8.7236425e-05
20344000,0.00023399414,0.0057862694,-9.8040695,-0.00050560996,-3.3817276e-05,4.452229e-06
20348000,0.0012981012,0.0022643474,-9.807043,-0.00035449088,-0.00046013127,0.0002775454
20352000,0.005636397,0.0031511902,-9.803238,0.0006300174,-0.0009270223,0.00075375225
20356000,0.007489696,0.0014029206,-9.794998,-0.00030958166,-0.00067859486,0.0005395631
20360000,0.0033360545,0.0011077346,-9.792532,-0.00081159355,-0.00019803265,-0.0005358261
20364000,-6.809553e-05,0.0007529377,-9.795345,-0.00041567764,0.00035667748,-0.00050340197
20368000,-0.0031699033,0.0037495177,-9.790838,0.00063254876,-0.00015769422,0.00011534759
20372000,0.0017233733,0.0082602305,-9.791186,0.0015957747,-0.00038611263,0.0006678497
20376000,0.0012452744,0.0022277227,-9.800245,0.0013732095,-0.00089592644,0.0013077375
20380000,-0.0032139362,0.00059706636,-9.801018,0.00034189204,-0.000563148,0.0005247497
20384000,0.0075177783,-0.0005372431,-9.7898445,-0.0003431714,0.0012005426,0.00046180846
20388000,0.0035429113,-0.00026372806,-9.794212,0.000493929,0.0003074271,0.0016625614
20392000,-0.0027677673,0.002821083,-9.8080845,0.0011908975,-0.00078582193,0.00046053767
20396000,0.0050441925,-0.0011108263,-9.810232,-0.00048899464,-0.00081143825,-0.00021633324
20400000,0.0035877568,-0.002911577,-9.80629,-0.00096546806,-0.001262295,0.0003381441
20404000,-0.00080661284,-0.002144108,-9.79924,-0.0011152741,-0.00094413204,0.00059377006
20408000,-0.003396965,-0.0058352486,-9.798002,-0.0010071793,-0.00014275372,0.00014381029
20412000,-0.005827804,-0.0011422484,-9.796619,-0.00025687696,-0.0006506427,-0.000828217
20416000,-0.0005872991,0.0056402893,-9.797155,-0.00018742654,-0.00048030718,-0.00050725957
20420000,-0.0010606169,0.0029692422,-9.802332,-0.0007210109,0.00025908672,6.5220133e-06
20424000,-0.004999248,0.0025872479,-9.80147,-0.00076460204,0.0005000255,0.00020760603
20428000,-0.0012841681,0.001921906,-9.801216,0.00013564723,0.00020259692,0.0003791316
20432000,0.0038909984,-0.0015131925,-9.802947,0.00038318953,-0.00043232198,8.979819e-05
20436000,0.0064336453,3.5832345e-05,-9.801605,-2.8197033e-05,-0.0007684466,-0.00031399104
20440000,-0.0016244117,0.00076528365,-9.799454,-0.00066988304,-0.00021271064,8.3486724e-05
20444000,-0.003729823,-0.00084543234,-9.79575,-0.00040929642,1.652872e-06,-0.00019285295
20448000,0.002779497,-0.0032411797,-9.798195,-0.00015992769,-0.00022065072,3.2734326e-05
20452000,0.0031938297,-0.0007369311,-9.808291,-0.00027060814,8.9883986e-05,0.0012588867
20456000,-0.001274149,0.007978915,-9.80575,-0.00040276427,0.0002319227,0.00038736232
20460000,-0.00012555721,0.00675523,-9.797413,-0.0004970335,0.00028718243,-1.2119079e-06
20464000,0.008194382,-0.0029024053,-9.80406,-0.00044229557,0.0011532508,0.00029039403
20468000,0.005712206,-0.0037200071,-9.805801,1.6108173e-05,0.00156366,0.0009263713
20472000,0.001302263,-0.00095187285,-9.803005,0.0012076775,0.00089689356,0.00053490617
20476000,0.0010355093,-0.00065137073,-9.807696,0.0017062556,0.0011297422,0.00041558602
20480000,-0.0010345419,-0.004693064,-9.806305,0.000746582,-0.00011766146,0.0016921198
20484000,-0.009801709,-0.004083368,-9.80341,-6.8730114e-05,-0.0014763388,0.00023114124
20488000,-0.008514859,0.00083458854,-9.8019905,-4.6571608e-05,0.00023296445,-0.00022293898
20492000,0.004059865,0.00457029,-9.800797,0.0005912302,0.0014093745,0.00015784598
20496000,-0.00031444553,0.002767119,-9.799916,0.00021230173,-4.853359e-05,-0.00081914896
20500000,-0.0033573697,-0.0034169473,-9.796989,7.050646e-05,-0.0004306227,-0.00050626235
20504000,-0.0003758634,0.0010037659,-9.799118,0.00027660804,-9.520332e-05,0.000292179
20508000,0.003065829,0.00037527012,-9.800267,0.00023932035,8.493369e-05,0.00018473792
20512000,0.006386388,0.0003738121,-9.798021,-2.4820418e-05,0.00056290755,0.00019220842
20516000,0.0014429103,0.0053596175,-9.80113,-0.00029506328,0.00012857014,0.00033736712
20520000,-0.0045393337,6.162974e-05,-9.801504,-0.0006605897,-5.093909e-05,0.00014233335
20524000,-0.004938305,0.0006901808,-9.800217,-0.00023110231,-0.0003245293,-0.00055120717
20528000,-0.0016064201,0.0003273057,-9.805823,0.0006719233,-0.0011583518,-0.00014596182
20532000,0.0009165836,-0.0048133815,-9.8110695,-0.00024629006,-0.0010006133,0.0004328461
20536000,0.00045568479,-0.0032559715,-9.802622,-0.0007256218,-0.0005790147,0.0001943219
20540000,0.003938744,0.0016570241,-9.799446,0.00016412468,-0.0005322345,0.0008693443
20544000,0.008340048,0.003921209,-9.802499,-3.0275896e-05,-0.0007611427,-0.0001281747
20548000,0.0023664082,0.0052092373,-9.798285,0.000104543724,-0.0013043343,-0.0009768575
20552000,-0.0004811855,0.008930731,-9.799051,-0.00015863239,-0.00032270065,-0.00045963092
20556000,0.000759626,0.0027701436,-9.801479,-0.001203504,0.00047677854,-0.00042467148
20560000,0.0039052546,0.001170607,-9.803478,-0.0015011748,-0.00071738096,-0.00077470834
20564000,0.004836608,-0.00014732413,-9.802109,-0.0011672341,-0.0010565107,-0.0004220731
20568000,-0.0015488161,0.0022064333,-9.799531,-0.0017103658,-0.00038143597,-0.00021597119
20572000,-0.0020656644,0.008120371,-9.804308,-0.0014543546,6.8650574e-05,-0.00011415588
20576000,-0.0018501593,0.004313893,-9.806193,8.271473e-05,0.00023199654,0.000105694584
20580000,-0.0019044182,0.0048190416,-9.806026,-0.0003195622,-5.504919e-05,-0.0006532144
20584000,0.00027895984,0.002431678,-9.797246,-0.0011995657,-0.0005072736,-0.00054273126
20588000,-0.0011265144,-0.0044104243,-9.7919655,-0.0005944516,-0.00036164466,-0.0001308995
20592000,-0.004554148,-0.0038556997,-9.796537,-0.0002825054,-9.427109e-05,7.389771e-05
20596000,-0.00039978418,0.0022550607,-9.804689,-0.00068551,-6.0421222e-05,2.8793234e-05
20600000,0.000296928,-0.005789544,-9.80702,-9.668186e-05,-0.0002320034,-0.00013051087
20604000,0.0035795274,-0.01009326,-9.795679,-0.00066230947,-0.00095297256,-0.00012480884
20608000,0.006475067,-0.0024953284,-9.792725,-0.0011617683,-0.0006148132,-0.00021727174
20612000,0.0039755926,0.003120112,-9.795016,-0.00014042897,0.0010186234,-0.00020730248
20616000,0.0013655581,0.008615189,-9.794664,0.0009415523,0.001141343,-0.0003062523
20620000,-0.0005282995,0.0054534385,-9.802759,0.00062934234,0.00060515443,-0.00012534864
20624000,0.0009746875,-0.002546366,-9.806961,-0.0003537827,0.00043853838,-0.00028291013
20628000,0.0016384473,-0.0018493644,-9.799157,-0.00040945175,-0.00036843796,-0.00025627887
20632000,0.0060770856,-0.0003068596,-9.792237,-3.9451046e-05,6.20253e-07,0.00015033074
20640000,0.010232915,0.0041577914,-9.799246,0.0005612414,0.00014682514,0.0004500152
20644000,0.0058706794,0.0021987963,-9.793853,0.0011203056,0.0005526442,0.00063661794
20648000,-0.009082729,0.002216517,-9.798618,0.0006597146,0.00011975362,-0.00013712156
20652000,-0.010112554,0.0046297666,-9.805946,0.00055935286,0.0003619857,0.0005731745
20656000,-0.0055973358,0.0042675436,-9.805891,0.00016482985,-0.000252105,0.0009198256
20660000,0.0014606613,0.0026112355,-9.800886,0.000215802,-0.0012523503,-0.00015113976
20664000,0.0015601983,0.0010788587,-9.804605,0.0014427898,-9.9596255e-05,6.880589e-05
20668000,0.001878816,0.0011556697,-9.804975,0.0007031032,0.0009726778,0.00047118287
20672000,-0.0006801947,0.004193759,-9.802181,9.19244e-05,0.0012724232,-1.7975696e-06
20676000,-0.0018844904,-0.00015383727,-9.805347,0.00026676417,-4.0566414e-05,-0.00043426815
20680000,0.0013419945,-0.006009617,-9.811659,0.0010256656,-0.00069251144,-0.0006495458
20684000,-0.0040589757,-0.0013736729,-9.812229,0.0006429585,-0.00026993133,-0.0005356064
20688000,-0.004869962,0.0010842081,-9.800697,-0.0003329752,-0.0007475495,-0.0005051839
20692000,-0.0043041073,0.0013115212,-9.796259,0.0004934995,-0.00096699054,-1.9772026e-05
20696000,-0.0011548093,0.009057901,-9.799519,0.0010483483,-0.00080137583,-0.00041737166
20700000,-0.0038074895,0.0065137227,-9.798264,-0.00032570958,-0.0008320896,-0.00062033744
20704000,-0.0035668104,0.0038911053,-9.801805,-0.00015214398,-0.0003251114,0.0010696633
20708000,0.0003919726,0.003068058,-9.807932,0.00080856774,0.000979817,0.00012772501
20712000,-0.0021189884,-0.0012234031,-9.80263,0.0004187312,0.0014083073,2.4759249e-05
20716000,0.0020500699,-6.425585e-05,-9.800542,0.0009436866,0.0002272972,0.0010384223
20720000,-0.00055941846,-0.007536646,-9.803987,0.0001358713,-0.0001450462,9.4964416e-05
20724000,-0.006544222,-0.013514752,-9.805111,-0.0011013146,-1.2740765e-05,-0.00029970944
20728000,-0.00029924983,-0.0052305353,-9.804801,-0.0010434678,0.00015940676,-0.00030265332
20732000,0.0072612604,-0.0013307665,-9.802998,-0.0004748312,0.0006398877,-2.040775e-05
20736000,0.002183171,-0.0037841857,-9.804887,0.00037885547,0.0006135151,-0.00021375166
20740000,-0.007107095,0.003606992,-9.80456,0.00044166512,0.00040723156,-0.0002030273
20744000,-0.005552066,0.0072421455,-9.802407,0.00022415802,0.00018267462,-0.00026102614
20748000,-0.00089480495,0.0020009899,-9.7980175,0.0011363839,0.00016346834,-0.0004010368
20752000,0.0015340715,0.007476913,-9.799061,0.0014297614,-1.1166197e-05,-0.00022091519
20756000,0.0051802434,0.0030080136,-9.807618,0.00027700132,-9.9248165e-05,-0.00033015775
20760000,0.0032025774,-0.0076299277,-9.810423,-0.0008969347,0.00015897404,-0.0006909656
20764000,-0.0031862198,-0.0033966873,-9.806456,-0.00052605534,0.0003042842,4.34508e-05
20768000,-0.009483719,0.00083203096,-9.793345,-0.0008313715,-0.00034608474,0.00031898066
20772000,-0.008016727,0.005850884,-9.789473,-0.0007606173,0.00028649162,-0.000904832
20776000,-0.0030362965,0.0036779994,-9.796728,-0.00013463337,0.0004446288,0.00016836984
20780000,0.003129025,-0.00031739092,-9.793475,-0.0005253591,-0.00020616953,0.000788062
20784000,0.0059130806,0.005558051,-9.7922735,0.00011354282,0.0006565178,1.8451994e-05
20788000,0.00079621753,0.004654927,-9.802867,-0.00045968115,0.00067049696,-6.334684e-05
20792000,0.0028031515,-0.0032002372,-9.804121,-0.0015947024,0.00025310327,0.0006448993
20796000,0.00023880815,-0.0048652557,-9.797445,-0.000853409,0.0006079197,0.00011417812
20800000,-0.0056624385,-0.0005847743,-9.803363,-0.00030579817,0.0005580235,-0.00085589755
20804000,-0.0020370956,0.006389558,-9.802579,-7.072466e-05,0.00020285179,-0.00051220634
20808000,-0.0019832582,0.010038468,-9.794973,-3.589666e-05,0.00037791597,-0.00047748364
20812000,-0.0031082123,0.0019068466,-9.791655,0.00027600338,-7.9261285e-05,-0.0011732437
20816000,-0.00045505824,-0.0018863466,-9.793389,2.529835e-05,-0.0009256132,-2.7702412e-05
20820000,-0.0035853535,0.0043318514,-9.805655,-0.00053848425,-0.0004215994,0.00056928245
20824000,0.0016062164,0.0066394056,-9.809005,-0.0012634309,0.00015197803,9.125201e-05
20828000,0.011562841,0.0048968643,-9.806954,-0.001758497,0.0001999242,0.0005395801
20832000,0.005327232,0.0026555697,-9.805152,-0.00039329103,0.0007833053,-0.00016808743
20836000,-0.001914012,-0.0031304741,-9.798759,0.0007410687,-0.000817281,-0.00016061154
20840000,-0.00086545537,0.0009183429,-9.798048,0.0013033705,-0.0013985061,-0.0004241076
20844000,0.0048184143,0.0033416473,-9.801569,0.0005372275,-0.00024165194,-0.0005827709
20848000,0.0021914074,0.0033793356,-9.806221,4.924524e-05,-0.00016987063,-0.0005003102
20852000,0.00027322333,0.0054556807,-9.808237,0.00082547887,0.00035716113,-0.0013831179
20856000,0.0016537654,0.0038661151,-9.796873,0.0007239772,-0.00021462601,-0.00025649773
20860000,0.0017784698,0.0013604612,-9.792761,0.00016143988,-0.00064576353,0.00035184892
20864000,-0.0010316526,-0.007077403,-9.804491,0.00012917956,0.0005300175,-0.00069352123
20868000,-0.0073942225,-0.0036643252,-9.800997,-0.00017003651,-2.3992967e-05,0.0006669581
20872000,-0.00535873,0.006948101,-9.798254,3.539973e-05,-0.0005895699,0.00050413556
20876000,-0.009202475,-0.0034014315,-9.806761,0.0011872706,-0.0003277211,-0.0007326439
20880000,-0.0052637355,-0.009659168,-9.800295,0.0009300653,0.00018771704,-0.0005705899
20884000,0.0032590278,-0.00013079468,-9.800608,-0.00022177612,-0.00016208457,-0.0010215637
20888000,0.00035382662,0.0006933235,-9.798224,-0.00049483817,0.00010910542,-0.00017737062
20892000,-0.0006581839,0.0009845423,-9.804127,-0.00015511634,0.001509066,0.00085748284
20896000,-0.001686285,-0.0015006351,-9.809568,-0.00042098222,0.00024588575,0.0002249345
20900000,0.0026224346,0.0009233395,-9.799135,-0.00083509536,0.0002605844,-0.00026753862
20904000,0.009048626,0.007253901,-9.805609,-0.00053216476,0.0014904438,0.00072467036
20908000,0.009480661,0.0076744235,-9.807589,-0.00030356643,0.000664574,0.001107975
20912000,0.0042030415,0.005850506,-9.798933,4.0580213e-05,-0.0004467368,0.00028457437
20916000,7.585289e-05,0.005242595,-9.793142,-4.9716287e-05,-0.000108428256,-0.00020757486
20920000,-0.0001690163,0.008345475,-9.792702,-3.6264246e-05,0.0005254589,-0.0002550511
20924000,-0.006157644,0.009140765,-9.797148,-0.00020300945,0.0008212876,-0.0008128861
20928000,-0.009379263,0.0024311724,-9.799061,0.00013379232,0.0011643759,-0.00038065805
20932000,-0.0064661754,0.003845208,-9.800772,0.0007400694,0.00042587766,0.00026387328
20936000,-0.0011709591,0.0030263837,-9.799502,0.0007643422,-0.00022989933,0.00012765439
20940000,0.0029271664,-0.0063920976,-9.8025255,0.00015547172,-1.2205334e-05,0.0013286138
20944000,0.00031406863,-0.010090694,-9.803076,-0.0010943403,-3.110401e-05,0.0011366291
20948000,-0.00078167534,-0.0087748375,-9.797604,-0.0010538667,-0.0005610471,-0.0006921683
20952000,-0.0040466227,-0.00830843,-9.800304,-0.0011339688,-2.4706362e-05,-0.0013121029
20956000,0.00012370758,-0.006482736,-9.800977,-0.00037651867,0.00030159604,8.755836e-06
20960000,0.0014959741,0.0026475582,-9.80525,0.00022023976,8.001253e-05,0.0016282883
20964000,-0.0011465091,0.005172643,-9.805063,-0.00033445258,-3.7673184e-05,0.0008062855
20968000,-0.0008988605,-4.172621e-05,-9.795671,-0.0003713809,-0.0005057441,-0.00061436987
20972000,-0.0018262889,0.0011784497,-9.800854,-0.0005009733,-0.0008092256,-0.0007943255
20976000,0.0019659367,0.0074860333,-9.804112,-0.0004441641,2.9841935e-05,-0.00019700725
20980000,0.00027867197,0.007379615,-9.800034,0.0005924568,-0.00033089172,0.00039235724
20984000,0.00063489,0.006473575,-9.805536,0.0005828951,-0.0008294431,0.00025779384
20988000,-0.004066494,0.005115194,-9.804085,-0.00010657499,0.00023865564,-0.00080186804
20992000,-0.007782977,0.0077657667,-9.798096,-0.0001754366,-0.00013617624,-0.0006252218
20996000,-0.0032187393,0.006260459,-9.803398,1.1532178e-05,0.00031794125,0.0007748604
21000000,9.005325e-05,-0.0012188599,-9.800802,0.0017298128,0.0006884576,-0.0002008601
21004000,0.0002182071,-0.003386716,-9.795693,0.0012167018,0.00073199713,-0.0004615362
21008000,-0.002759124,-0.000679052,-9.797871,-0.00036731348,0.0004585454,0.00030351456
21012000,-0.0046704076,0.0025239463,-9.797533,0.00020702569,-0.0006185057,0.0005607641
21016000,0.0021025143,-0.00182278,-9.80176,-0.00012554532,-8.374077e-05,0.0013907955
21020000,-0.006024349,-0.00068680325,-9.802583,-0.001095482,0.0005195389,0.00093711005
21024000,-0.0070526428,0.009005667,-9.806851,-0.00016665555,-7.222276e-05,-0.00026749368
21028000,0.006087247,0.011336925,-9.806295,0.0005854941,-0.00011955139,0.0003583136
21032000,-0.00083668635,0.0060569835,-9.80308,-0.00019352367,-0.00028180887,0.00038280207
21036000,-0.0026019323,0.0036344896,-9.802477,-4.5434186e-05,-0.00019447324,-0.00017188555
21040000,0.0016313067,0.0061575877,-9.800687,0.00096107874,0.0006428388,-0.0002675931
21044000,-0.0006196402,0.008836448,-9.797597,0.0011653246,-1.782147e-05,-0.00038948163
21048000,-0.0040670885,0.004413021,-9.793659,0.0013119215,-0.00012388945,-0.0004679946
21052000,-0.0012002855,-0.003871287,-9.801405,0.00029810995,0.0006186146,-0.00058517384
21056000,0.0004587422,-0.004046102,-9.801405,-0.0004185527,-0.00013166612,-0.0002529044
21060000,-0.0020146836,-0.0009213653,-9.79998,0.00034552524,-0.0003136391,-0.00021255518
21064000,-0.0035081538,-0.0021752035,-9.804253,-5.954361e-05,0.0002975414,-0.0007545163
21068000,-0.0034880764,-0.0013784142,-9.800941,0.0004086728,-4.483232e-05,-0.00032002214
21072000,0.00069493346,0.005136504,-9.798122,0.0005109214,2.7527776e-06,-0.00010969195
21076000,0.00442758,0.0030640417,-9.801857,0.00015481851,0.0003689947,-0.0009363645
21080000,0.0010336895,-0.0006846919,-9.805185,-0.0007093355,-0.0007458359,-0.000833575
21084000,-0.0041888463,0.0021263415,-9.805028,-0.00168411,-0.00045666256,-0.00068481214
21088000,-0.0063084355,0.0015875913,-9.798374,-0.0006546836,-0.00015478529,0.00035257023
21092000,-0.0069669406,0.00010433982,-9.795233,0.0008826853,-0.00015245107,0.0013105228
21096000,-0.007581004,-0.003145689,-9.791212,0.00091984455,0.00088111,0.00079609413
21100000,-0.007854128,0.0017072886,-9.79311,-2.7546725e-05,-4.1938442e-06,0.00028065738
21104000,-0.0068546617,0.003007737,-9.803154,0.00066631834,-0.00048102145,0.0005722535
21108000,-0.0016030654,0.0030780935,-9.7952795,0.0010633034,0.000349576,0.00025054454
21112000,0.0047930945,0.0040390794,-9.794387,-1.6462094e-05,0.0002888811,-7.64055e-05
21116000,0.00322785,-0.0034092139,-9.797586,-0.0005732437,0.00036392902,-0.0005621451
21120000,-0.0024527053,-0.0038088378,-9.794105,-0.0007491273,-5.6604662e-05,-0.0010118521
21124000,-0.006889499,0.0016577734,-9.793935,-0.0008966289,0.00010333152,7.659152e-05
21128000,0.0003842502,0.0030525979,-9.792522,-0.000121976555,0.0006603704,0.00020174569
21132000,0.0042961477,0.0011184464,-9.798909,0.0004478716,-0.00018467191,0.0005444096
21136000,-0.003828849,-0.0047584474,-9.802205,-0.00022276021,-0.0004421432,0.00071678625
21140000,-0.0057916287,-0.003354436,-9.801199,0.0004449043,-0.00035099345,0.0005723807
21152000,-0.0070781615,-0.002681513,-9.799217,-0.00019375328,0.0002866221,0.00063601456
21156000,-0.011737654,0.002812169,-9.800777,0.0004984447,0.00084700505,-0.00051950855
21160000,-0.007924305,0.0032235833,-9.807125,0.0007207951,0.0005437157,-3.161244e-05
21164000,-0.005227628,-0.0040645967,-9.800228,0.0008882364,0.00021614012,-0.00101299
21168000,-0.010249885,-0.008355105,-9.793152,-0.0001334924,-8.940334e-05,-0.0012286727
21172000,-0.004714625,-0.005402762,-9.795174,-0.00066647166,-0.000553212,0.0005975112
21176000,0.0004617536,0.0011718845,-9.800526,-0.00049297797,-0.00048817383,0.0011325201
21180000,0.003551613,0.0049561295,-9.803738,2.8013736e-05,0.00068949745,0.0006435048
21184000,0.0062747914,0.0026433088,-9.803392,-0.00014119718,0.0009907059,6.212448e-05
21188000,0.0011329139,0.00044465525,-9.798428,-0.00066243863,-0.0003403933,-0.00086618133
21192000,-0.004998262,-0.0032909492,-9.7931385,-0.00066881947,-0.0012573012,-0.00045593522
21196000,-0.0043340777,-0.0011555305,-9.801672,-0.0008121356,-0.00076510274,-0.00015491036
21200000,-0.0025484124,0.0028345375,-9.807988,-0.0008625847,0.00041608972,4.6931407e-05
21204000,0.004356784,-0.0040409067,-9.804161,-0.0011794682,0.0004849776,0.0003035085
21208000,-0.00108058,-0.0030510938,-9.809808,-0.0007105889,-0.00011410972,-0.00032209256
21212000,-0.0049933507,0.00045940807,-9.810431,0.00029578691,-0.0010733438,5.5818316e-05
21216000,-3.2595824e-05,-0.0039426815,-9.802091,0.00062043045,-0.0012750373,0.0012186622
21220000,-0.005421899,-0.0024098752,-9.798869,0.00030556435,0.00014114824,0.0010369964
21224000,0.002136805,0.0024841237,-9.798729,0.00034203258,-4.5555615e-05,-0.00024280002
21228000,0.00016116633,-0.0008633683,-9.805143,0.0008084814,-0.0009870515,-0.00064296817
21232000,-0.0075612636,-0.0035921687,-9.797609,4.3762724e-05,0.00013722002,1.9404395e-05
21236000,0.0038643933,0.004357239,-9.792805,-0.00027686066,0.00073207414,5.060271e-05
21240000,0.0029527785,0.0005855472,-9.802013,-2.8630635e-05,0.0010591868,-0.0007746428
21244000,-0.0006921013,-0.0060737636,-9.806295,0.00048886397,0.001279577,-0.0010343735
21248000,-0.0037963071,-0.005625959,-9.796553,0.00045052668,0.0005994546,-0.00034973703
21252000,-0.006092664,-0.0023360264,-9.791697,-0.0005692264,-0.00027498955,-0.0003813017
21256000,-0.0005662771,-0.003404804,-9.798399,2.8532106e-05,0.00019962892,6.218629e-05
21260000,-0.002805759,-0.0050414964,-9.794503,2.5334402e-05,0.00078961975,0.00043217928
21264000,-0.002833516,0.0002801534,-9.787102,-0.0007578094,-0.00032010756,-0.00012020814
21268000,-0.0018610134,0.00053845963,-9.788478,-0.00077035185,-0.00024115696,-0.0001923221
21272000,-0.00082971307,-0.0006153101,-9.792248,-0.00028731907,-0.00038621182,-0.00035056364
21276000,0.0038713478,-0.0007415347,-9.799597,-0.00028804876,-0.00054202636,0.0004459079
21280000,0.0043892157,-0.0026706231,-9.806167,-0.0007994458,0.00045989288,0.00017171283
21284000,0.0022264556,-0.0036899864,-9.807175,4.5145275e-06,-0.00060545263,-0.0011806182
21288000,-0.0013270013,0.00041764765,-9.802531,0.00020227407,-0.00043254005,-0.0006094854
21292000,0.0012222438,-0.0017557896,-9.805603,-0.00020348685,1.2981321e-05,-0.00044878997
21296000,0.004206351,-0.0027317079,-9.804621,-0.00090274354,-0.00026437076,6.869489e-05
21300000,0.0015955461,0.00078592874,-9.797077,-0.0009034192,0.00089713966,-2.3559594e-05
21304000,-0.0048925164,0.0033672943,-9.802319,0.00017082112,0.0001421609,-0.00094676507
21308000,0.0013059715,0.005126998,-9.7983265,0.00065418455,-0.00076996663,-0.0008283777
21312000,0.0048437463,-0.00014122686,-9.795226,0.0008205307,-0.0007743621,-0.00047727104
21316000,-0.005395339,-1.5165343e-05,-9.796391,0.0001271634,-0.0011788122,0.0005313088
21320000,-0.00704424,0.002464753,-9.802486,-2.0568952e-05,-0.0007455618,-0.00023217135
21324000,-0.009359246,0.002254495,-9.798277,0.00026615724,0.0010554435,-0.00023864863
21328000,-0.0066585313,0.0018288151,-9.799869,-0.00014814603,0.0008478564,0.0006237546
21332000,-0.0010918411,-0.00233784,-9.805797,3.4169832e-05,-0.00047512804,0.00046861416
21336000,0.0044065835,-0.0056020548,-9.797263,4.802405e-05,-0.0002972118,0.00048094057
21340000,0.00049799215,0.00041077143,-9.799245,0.0005005257,-0.0002766823,0.0010199462
21344000,-0.0015478223,-0.0011716014,-9.799576,0.00093288044,1.3576032e-05,-0.00030700603
21348000,-0.0023646052,-0.0073495824,-9.791962,0.0010685023,-0.00027451778,-0.0009116838
21352000,-0.00520931,-0.0047741304,-9.796518,0.0011082413,-0.0005232262,0.0006095196
21356000,-0.0005466596,-3.6214733e-05,-9.810761,0.0004986867,-0.00091992674,0.0007290425
21360000,-0.0036727958,0.0050807344,-9.8082,0.00081071677,-0.0012525091,0.0007420709
21364000,-0.0034136989,0.004776568,-9.803761,0.0004011449,5.0851036e-06,0.00026503266
21368000,0.0068126977,-0.001536667,-9.804319,-0.0004352293,-5.6968867e-05,0.0007826227
21372000,0.00071328366,0.00069574325,-9.793987,-0.0002551133,-0.0002275726,0.0012330231
21376000,-0.013329245,0.005357631,-9.789476,-0.00034418565,0.00030072193,0.00022282786
21380000,-0.005705505,0.00033883483,-9.791843,-0.00074286095,0.0005359909,-0.00013814673
21384000,0.004254268,-0.0007235408,-9.799881,0.00070623227,0.00115118,-0.000223572
21388000,0.0027685894,-0.00045500242,-9.80434,0.00054532936,0.0005595057,0.00011395276
21392000,2.0076484e-05,0.0028573168,-9.796637,-0.0008062787,-0.0008171572,-0.0003613448
21396000,-0.0028078828,0.002055152,-9.796774,-0.0005800583,-0.0009980848,-0.0015975415
21400000,-0.0024337564,-0.005223025,-9.8049965,-6.416027e-05,9.989184e-05,-0.00079651666
21404000,0.006719506,-0.0040372736,-9.804024,-0.00017920321,1.6778861e-06,0.0006234604
21408000,0.010735002,-0.0010416664,-9.803831,-0.00037824424,-0.0008793277,0.000789417
21412000,0.007187783,-0.0011975511,-9.797261,0.00010913573,-0.00049844326,0.00072062225
21416000,0.005348337,0.0073518576,-9.794561,0.00013695081,0.000467592,0.0004706573
21420000,0.006031002,0.0061379205,-9.799095,0.0005962752,0.0011306606,0.00026689403
21424000,0.0069377488,-0.007126639,-9.798418,0.0009894714,0.0011225257,0.0008351088
21428000,0.009479222,-0.0035260902,-9.805303,-0.0003160069,0.0013080705,0.00085094
21432000,0.008208572,0.004843057,-9.798586,-0.00080180983,0.0014039954,-0.00035825797
21436000,0.00091558916,0.005416318,-9.79003,-4.5073288e-05,-4.3145592e-05,-0.0008436775
21440000,-0.002529425,-0.0035595037,-9.8011,0.00014442655,-0.001316115,-0.0010765131
21444000,-0.0037901956,-0.008068246,-9.803833,-0.0003285499,0.00010259066,-0.001646053
21448000,-0.0005611781,-0.001546362,-9.804747,-0.0006612623,0.0009400888,-0.0008467516
21452000,0.0049837464,0.0038539756,-9.806002,-0.0009398197,0.0012339816,0.00013130587
21456000,0.00093548896,0.0056360657,-9.798114,-0.0007105234,0.0014287366,0.00039421718
21460000,-0.0010948014,0.0069878125,-9.801207,-0.00038314913,0.0005803271,0.0006325667
21464000,0.005678643,0.009356537,-9.802835,9.330338e-05,-0.00036513605,-0.00021247813
21468000,0.010369327,0.007433497,-9.79859,9.203961e-05,-0.0008528186,-0.00022093112
21472000,0.0062308838,0.0036894463,-9.797553,-0.0004038637,-0.000621187,-0.00015335213
21476000,-0.0022754797,0.0005658821,-9.8015995,-0.00043117953,-0.00017602158,-0.00045486385
21480000,-0.002055978,-0.0023701703,-9.799816,-0.0006455354,6.946675e-05,-0.00022355774
21484000,-0.00025303185,-0.003975982,-9.797015,0.0007371946,-0.00045476304,-0.0005212917
21488000,0.0030069666,-0.0047375904,-9.796373,-0.00017970592,-0.00066388486,-8.5662854e-05
21492000,7.2955163e-06,-0.00198788,-9.797443,-0.00037511106,-0.0008151558,-0.00010475999
21496000,-0.0041934983,8.25917e-05,-9.80186,0.0012601198,-0.00021690021,-0.00059776945
21500000,-0.0022694254,0.0036016677,-9.806228,0.00015076296,-0.00038106553,7.3614036e-05
21504000,0.00059270114,0.003512233,-9.805868,-0.0007168669,-0.00049073284,0.00013555647
21508000,-0.0014076997,0.00045415002,-9.798187,-0.0003288457,0.0006112821,-5.8720154e-05
21512000,-0.008527609,-0.0006646617,-9.794285,0.00011828767,-0.0006935579,3.7615648e-06
21516000,0.0027883216,-0.0035367608,-9.797162,0.00038694785,-0.000114407085,-0.0006182052
21520000,0.0052622445,-0.0002530201,-9.79796,0.00039425804,0.00069501897,-0.0001324174
21524000,-0.0024821353,0.0044881077,-9.797047,0.0003837529,-0.00035939278,-4.7823796e-05
21528000,0.000102808524,0.0072707185,-9.79607,0.00024276278,-0.00034656885,-0.0007492412
21532000,0.0006241521,0.009797499,-9.800676,0.00030155113,0.00043838768,0.00019891011
21536000,0.0024365643,0.006873728,-9.798893,0.00061051734,0.00085034635,0.0010524637
21540000,0.0044202395,-0.0006254973,-9.794867,0.00051007414,-0.0005814349,0.0004077649
21544000,0.001765647,-0.0017958189,-9.804024,0.00034854698,-0.0015040603,0.0008266604
21548000,-0.0045309607,0.0038955163,-9.806334,0.00022605834,-0.00090167363,0.0007909348
21552000,-0.009321559,0.0013624447,-9.7951355,0.00021477687,-0.00015271043,-0.0005095359
21556000,-0.004903804,-0.0037957358,-9.80071,0.00059305533,0.00050517434,-0.00029439887
21560000,-0.0018754088,-0.0034852454,-9.805485,0.0012141448,0.0012339537,-0.0006365874
21564000,-0.0061734742,-0.000954681,-9.807585,0.00081397366,-0.0005591319,-0.0007567662
21568000,-0.007636214,-0.0021251128,-9.807831,-0.0001502908,-0.0011839424,-0.00027386667
21572000,-0.0016105531,-0.004847343,-9.797689,0.00043685018,-0.0003018434,-0.000601344
21576000,-0.0013977024,-0.0006111676,-9.799754,0.0011441343,-0.0008720088,-0.00053626264
21580000,-0.0038223583,-0.0045438386,-9.800589,0.00039870496,-0.00085302256,-0.00019986216
21584000,-0.0016155927,-0.0006749406,-9.79697,0.00046583667,-8.0054786e-05,0.0005917791
21588000,0.00030806195,0.0047744103,-9.789976,0.0004895557,-9.2788665e-05,0.00061889156
21592000,0.00039034488,-0.00439339,-9.800901,-2.9004283e-05,-0.0007816484,0.00046874877
21596000,0.007051237,-0.0015534714,-9.808948,-0.0009035787,-0.00029079546,0.00096015516
21600000,0.0045004115,0.00091782183,-9.800103,-0.00080049783,-0.000312285,0.0008566922
21604000,-0.005556829,-0.0018709302,-9.794041,0.00017714743,-0.00022531388,0.00029327223
21608000,-0.00020697553,-3.7525446e-05,-9.797796,-0.00014513847,7.6876444e-05,7.1823175e-05
21612000,0.006038226,0.0011751592,-9.802727,-0.00090913055,4.6270623e-05,-0.00048162075
21616000,0.0019731934,-0.0016287485,-9.801702,-0.0006399159,0.00024442252,-0.0006428901
21620000,-0.0039851465,-0.003218844,-9.802059,0.00059102534,0.00011866223,-0.00040178574
21624000,-0.003303365,-0.0015164901,-9.799694,0.00052956643,0.00025957654,-0.00044168133
21628000,-0.00049031666,-0.0043779216,-9.802654,0.0004874832,0.00041721042,0.00034354217
21632000,-0.0008226759,-0.0014978008,-9.80531,0.00021479608,0.0006401223,0.00016885766
21636000,-0.0038269977,0.00072710024,-9.806307,-2.4059475e-05,0.0001594281,-0.00031782163
21640000,-0.0074419677,0.002194415,-9.802732,0.00047809232,-0.0005712454,0.0002355974
21644000,0.0007880662,0.007998967,-9.797089,0.0004486989,-0.00057412393,4.4139986e-05
21648000,0.010113345,0.00049320527,-9.796476,0.00046297142,-0.0005758204,0.00046646252
21652000,0.0029540348,-0.0060022557,-9.799591,0.0003724969,-0.00036000353,0.00048080506
21656000,0.0034511473,-0.0041249907,-9.803869,-0.00015912025,-0.00043633752,-0.0011602809
21660000,0.005779933,0.0020124668,-9.797779,-0.0004056994,-0.00011416106,-0.00094679976
21664000,0.0036259994,0.008050055,-9.799648,0.000965672,0.0007009394,0.0002915862
21668000,0.003179926,-0.0005589508,-9.801197,0.0014509716,0.0013750197,4.880685e-05
21672000,-0.0011722376,-0.0068591177,-9.80003,8.8164175e-05,0.0013501922,-0.0005923779
21676000,-0.002423471,-0.004767569,-9.801718,-0.00029228383,0.00042539038,0.0006171918
21680000,0.0017055448,-0.0020941522,-9.794205,-0.00022639174,-1.8556759e-05,0.00041343036
21684000,4.3876476e-05,0.0012235097,-9.790702,-0.0004979664,0.00038246016,-2.2452878e-05
21688000,0.0027092756,0.005116532,-9.793404,-0.0007027446,-1.0291425e-05,4.458309e-05
21692000,0.0083926,0.0023854224,-9.798798,-0.0006350502,-0.0005430033,-0.00054238806
21696000,0.0057880366,-0.0053632245,-9.795643,-0.0007294629,-0.0003582426,-0.00010461014
21700000,0.00031888968,-0.0019428503,-9.79441,-0.00057190395,-0.00013010873,-0.00062259234
21704000,-0.0027214277,-0.0017845467,-9.794873,7.8388985e-05,0.00047540865,-0.00071773486
21708000,0.0002126541,-0.0023143145,-9.795929,0.00041553675,0.0006817364,9.1780996e-05
21712000,0.00093563355,1.4738438e-06,-9.799862,0.0002372379,0.0006536699,-0.00020541654
21716000,-0.0036536357,0.0012675052,-9.797165,0.00023880409,0.00085605367,-0.00055124116
21720000,-0.0007089962,0.003774623,-9.802014,-0.0001680997,0.0007842286,-0.00034262385
21724000,-0.0010437563,0.0012082963,-9.806656,-0.00032466138,6.580466e-05,-0.00025419818
21728000,0.002711375,0.0024619037,-9.807001,-0.00053222396,-0.00010444259,-0.00018161962
21732000,0.006862543,0.003047068,-9.8075905,0.00033638303,-0.00035012182,2.862759e-05
21736000,0.0014648958,-0.0023334855,-9.80126,0.0012403827,-0.00047961884,-0.00023051495
21740000,0.0010743917,-0.0037083242,-9.798944,0.0010207046,0.000110735375,-0.0007866239
21744000,0.005081599,0.00077417324,-9.796734,0.0007404685,-0.00014797527,0.0003230171
21748000,0.0025244532,0.0014231082,-9.791508,0.00028424084,-1.868391e-05,0.00079649297
21752000,0.003549729,-0.0008339466,-9.798964,0.0007979363,-0.00070256455,-0.000246636
21756000,0.004233049,-0.003301124,-9.801075,0.0011857031,-0.0016348261,-0.0009617494
21760000,-0.0077729453,-0.0067769256,-9.797632,-0.00019872078,-0.0011108494,-3.919505e-05
21764000,-0.0068088532,0.0016592855,-9.795719,-0.00046574947,-0.00034781222,0.00038314317
21768000,0.0015913023,0.009652208,-9.796364,0.0006139004,0.0002970374,0.0007010158
21772000,-0.0003801096,0.0069908267,-9.800516,-0.00045387333,0.00051480345,0.0003614891
21776000,-0.005224417,0.0018591523,-9.804873,-0.0010402253,0.0008785849,-0.0005668008
21780000,-0.0033658468,-0.0022721905,-9.804372,-0.0007053924,0.00070851133,-0.0006478921
21784000,6.7373156e-05,-0.0044189426,-9.801528,-0.0001873129,0.00023433745,-4.4567932e-06
21788000,-0.0021060286,-0.005040068,-9.800932,-1.7921333e-06,0.0002522541,0.00084266736
21792000,0.00016141986,-0.0029710715,-9.803967,9.946618e-06,-0.00010220694,0.00039271804
21796000,0.0034401803,-0.0082704,-9.803621,0.00019627843,-0.00019916125,-0.0005323958
21800000,-0.002590706,-0.013497056,-9.797924,-0.00048366093,0.0005000793,-0.00092948036
21804000,-0.0001064844,-8.91606e-05,-9.794039,-0.0010492413,0.00023094079,-0.00051454856
21808000,-0.0011562209,0.008932896,-9.803505,4.0973828e-05,0.00015367415,0.0003380796
21812000,-0.0032754198,0.001181633,-9.811139,-0.00017638649,1.2717517e-05,0.00072951533
21816000,-0.0013943027,0.00029251835,-9.798923,-0.00094538275,-0.00055312057,0.00022895997
21820000,-0.0013762756,0.0066936156,-9.790605,0.00016674318,-0.00021442564,0.00015509487
21824000,0.0026651782,0.00097048393,-9.793592,-0.00031687223,-0.0008095763,-0.00076628034
21828000,-0.0013197742,-0.0015071873,-9.796705,-0.00041186076,-0.0010422058,-0.0014899748
21832000,-0.008141639,0.0024738794,-9.798714,-8.820019e-05,-0.00025975553,-0.0009732189
21836000,-0.0062429556,0.005224893,-9.804008,-0.0005440899,-0.00058595237,-1.7299215e-05
21840000,0.0016486545,0.011274085,-9.805101,-0.0007300232,7.1419876e-05,0.00036588372
21844000,0.0017093574,0.008514553,-9.808891,-0.0009783033,-0.00012913518,1.0533022e-05
21848000,-0.0014098517,0.0035445425,-9.803997,-0.00092618534,-0.001169564,0.00021417582
21852000,-0.00042388297,-9.491539e-05,-9.7920065,-0.0009670517,-0.0010014296,0.00064597663
21856000,0.004256367,-0.0018396993,-9.795963,7.3526935e-05,-0.0002238764,0.00025464746
21860000,0.007507856,0.002697243,-9.808149,0.0008102733,0.0004355223,-4.4655248e-05
21864000,0.004390795,0.00017578338,-9.803408,0.000114838294,0.0002478404,0.00077932375
21868000,0.005742767,0.00405506,-9.799478,-0.0006173496,0.00059800956,0.0011660195
21872000,0.004405657,0.011274073,-9.801542,-0.0017042402,0.0015305137,-0.00014281322
21876000,0.00069748075,0.0038198645,-9.799827,-0.0012880766,0.001118424,-0.0009574552
21880000,2.7822975e-05,-0.000746014,-9.799342,-0.00062646833,-0.00035241095,-0.0005026022
21884000,0.0013107819,-0.0009986291,-9.801028,-0.00052620296,-0.0006394035,9.1867696e-05
21888000,0.00057531113,-0.0007967609,-9.801397,0.00078311213,0.00029305537,0.00048938865
21892000,-0.002072545,-0.0019442402,-9.796923,0.00063029863,0.0005238333,0.0002427407
21896000,-0.0012792654,-0.0028704233,-9.805016,0.0005204303,-0.00043155317,-0.00030075718
21900000,-0.002553661,-0.00490089,-9.809739,-0.000120016775,-0.0002109112,-0.00033693484
21904000,-0.000108504435,-0.009989711,-9.802722,-5.4632874e-05,0.00055849156,0.00049088744
21908000,0.009368409,0.0007870768,-9.797363,0.0013325955,0.0006609714,0.00059343805
21912000,0.00808514,-0.0016180443,-9.80222,0.0003373383,0.0006582459,-0.00056145445
21916000,6.420427e-05,-0.008333798,-9.7999325,-0.00011803771,-0.00026037748,-0.00064924883
21920000,0.00085989496,-0.003593521,-9.796679,0.0009831953,2.933694e-07,-0.00078980124
21924000,0.0060455385,-0.00095171476,-9.798002,0.0006365986,0.0012043508,-0.0010053972
21928000,0.0076238587,0.0030738239,-9.79995,-0.0001825795,-2.8246843e-06,-0.00057002425
21932000,0.0044263615,-0.0047734054,-9.802709,0.00078965403,-0.00041780758,0.00038236924
21936000,-0.00090823753,-0.0050578583,-9.800254,0.0008407701,0.0004620995,0.00062920665
21940000,0.00019242756,-0.0063328226,-9.803199,-0.00038779713,0.0001387484,-0.00030901993
21944000,0.0011916512,-0.0088370135,-9.80138,-0.0006456456,4.3505937e-05,0.00047720745
21948000,-0.011044325,0.002974182,-9.801135,-0.00018943855,0.00030951106,0.0011698472
21952000,-0.006383335,0.010242546,-9.803065,-0.0005140118,-0.00030697687,0.00035425145
21956000,0.005829316,0.00474007,-9.795549,-0.00088217057,-0.00083595054,-0.00090309535
21960000,0.00043602812,-0.0036165074,-9.792189,-0.00051359116,-0.0009853297,-0.0007193499
21964000,-0.0018611252,0.000778227,-9.795626,-0.0006375362,-0.00010068895,5.476401e-06
21968000,0.00097097334,0.008086777,-9.795592,0.00019257897,0.00017315602,4.2752604e-06
21972000,-6.959309e-06,0.0036039795,-9.790838,0.00024460774,9.1480295e-05,5.174051e-05
21976000,-0.0026376233,0.008422571,-9.796959,-0.000707729,0.0007564092,-0.00040688805
21980000,-0.0018524504,0.012853125,-9.799898,-0.000248141,0.00033775365,-0.00090183824
21984000,0.0022597567,0.0064499252,-9.788729,2.1191032e-05,-0.00021175909,-0.0008633745
21988000,0.010068263,0.004122771,-9.795853,0.00060881744,0.00013412963,-0.00048796073
21992000,0.005516834,0.0014221246,-9.809987,0.00075360213,0.00058176566,-0.0005571668
21996000,-0.0017345613,-0.00012161659,-9.801912,-0.0011435396,-3.441787e-05,-0.00042361385
22000000,0.002282911,0.0044077304,-9.8004265,-0.0014488802,-0.00075798266,7.5933836e-05
22004000,0.0044416618,0.0015178001,-9.806179,-0.00024134337,-0.000399769,0.00024640915
22008000,0.0024539707,0.0026616717,-9.798311,-0.0005694154,-1.1712116e-06,0.00031686033
22012000,-0.0024087057,0.0068642874,-9.799693,0.00057931076,-0.00025930526,4.377877e-05
22016000,-0.0019589097,0.006234651,-9.799999,0.0010424654,-0.00038876757,-0.00021058817
22020000,0.004368575,0.005689424,-9.796694,-9.288429e-05,0.000665915,0.000101644975
22024000,0.0044973795,0.0042342055,-9.800483,-0.00036818598,0.001253004,0.00057113916
22028000,0.002701351,-0.0013294511,-9.802036,-0.0007378112,-6.747504e-05,1.8929824e-05
22032000,0.0064531397,-0.002296747,-9.802929,-0.00051705335,-0.00076970377,6.625047e-05
22036000,0.0053699985,0.0004980982,-9.800669,-0.00022267828,0.00042804252,0.0010735274
22040000,0.0049579423,-0.004581732,-9.79756,-8.726966e-05,0.0012340602,0.0011089175
22044000,0.0030963416,-0.006637461,-9.802179,0.00020973706,0.00086075574,-7.766222e-05
22048000,-0.00012754934,0.002841005,-9.796772,0.0005773363,4.834314e-05,-0.0006618651
22052000,0.006885852,0.008529198,-9.787436,0.0010603567,-0.00065854425,-0.0001728898
22056000,0.007643489,0.003916703,-9.786493,0.00093664764,0.00032466906,-0.00024483466
22060000,0.00095552835,-0.0008564959,-9.794762,0.0005973476,0.0012931323,-0.00080885243
22064000,-0.00016629478,-0.0046120468,-9.808599,-0.0005768925,0.0009220091,-0.0013888853
22068000,0.0021641627,-0.0032464208,-9.808118,-0.0012383831,0.0005068592,-0.0011966382
22072000,-0.0023358392,-0.0011109817,-9.795744,-0.00060173514,0.00047706152,-0.00015825385
22076000,-0.0040767924,-0.001600337,-9.792417,6.2400555e-05,9.175825e-05,6.1037313e-06
22080000,0.00077114656,-0.0068582557,-9.799638,0.00037192053,-0.00060737267,8.1960665e-05
22084000,0.0014032914,-0.009188989,-9.802811,-0.0005952584,-0.000625122,0.0009818804
22088000,-0.0015713766,-0.004819074,-9.801495,-0.0010472154,-0.00031582045,0.00042139576
22092000,-0.0063326475,-0.0019636846,-9.797106,-0.0016899306,-0.00020072162,-0.00035086705
22096000,-0.0020303281,0.0028590455,-9.797232,-0.0011680605,-0.00038963367,-0.00030777845
22100000,-0.0030139417,0.003990699,-9.796957,-1.5670155e-07,-0.00047728082,-0.00043897063
22104000,-0.0026819827,-0.0019528084,-9.797987,0.0002408809,0.00045260147,-0.0002975477
22108000,0.0009129684,-0.0022225063,-9.802746,3.9731298e-05,0.00086720777,0.00017107277
22112000,-0.004103709,-0.0041817646,-9.799144,-0.00016549253,0.00067216164,0.00012597539
22116000,-0.0005302656,-0.0055851736,-9.800891,0.00018633198,-0.00028915284,-0.00075881305
22120000,0.0017462835,-0.00037256946,-9.807434,2.6976111e-05,-0.0010063133,-0.00065611
22124000,9.522455e-05,0.0011362677,-9.809797,-0.00029449002,-3.135826e-05,0.00038110313
22128000,-0.00023454221,0.000466929,-9.800971,-0.00045822444,-7.553279e-05,0.00014142157
22132000,-0.005557888,-0.0026914633,-9.7969055,-0.00043474135,-0.00067514525,-7.1712064e-05
22136000,-0.01031003,-0.0002379792,-9.807483,-0.00047403586,-0.0008519736,-9.13048e-05
22140000,-0.0040058224,0.0017794835,-9.804659,-0.00019756451,-0.00032623962,4.4934244e-05
22144000,-0.0019740257,0.0018147381,-9.796749,-0.00044477222,-0.00018131615,0.00083966897
22148000,-0.0054510715,0.00037324987,-9.802368,-0.00016944729,3.3810542e-05,0.00018754452
22152000,-0.0046645068,-0.0007915612,-9.802454,0.0004599778,0.0010791806,-0.0002718596
22156000,-0.0001876592,0.0014969049,-9.801626,-0.0006337511,0.00032062866,-0.00054175215
22160000,-0.0026695104,0.0015781508,-9.805248,-0.0014062005,-0.000396968,-0.00044277962
22164000,-0.0059980503,0.008265355,-9.801113,0.00053288107,0.00032969334,0.00036790277
22168000,-0.005154955,-0.0003582881,-9.799987,0.00082439365,-0.00036468156,0.00023394098
22172000,-0.010375872,-0.0053204154,-9.797991,-0.0003851679,-0.00048219174,-0.00016807995
22176000,-0.0036414806,0.004900631,-9.8015995,-6.6238936e-05,-1.9048575e-05,-6.267574e-05
22180000,-0.0013057331,0.008606162,-9.79891,-0.00015368425,0.00017920735,0.00018364223
22184000,-0.0035203546,0.009438682,-9.7951145,-0.0010124728,0.0002669424,-0.00044009654
22188000,0.0018733672,0.0062716682,-9.8017235,-0.0009129515,-0.0001680008,-0.0006615639
22192000,0.0012898856,0.0022041413,-9.7997055,3.734743e-05,0.00021917216,-0.00027055922
22196000,-0.004863757,0.0003065863,-9.806536,-0.00028374232,0.00039063892,-0.00029878897
22200000,-0.008669255,0.0057728007,-9.811883,9.134643e-05,-0.00039451863,-0.00011155784
22204000,-0.0018740767,0.0062497975,-9.80746,0.000265461,-0.0003188198,-0.00045268473
22208000,0.0035474682,0.0044024014,-9.804827,7.121218e-05,-0.00052819075,-0.0003114786
22212000,-0.001081886,0.0046137576,-9.806748,0.0010695459,-0.0013146857,0.0007598906
22216000,-0.0013681768,0.0022108965,-9.803249,0.0012420139,-0.0007714423,5.8284317e-05
22220000,-0.0022212118,-0.001061573,-9.802465,0.0008702997,-0.00032623287,-0.0006335653
22224000,-0.004558551,-0.0020280937,-9.80682,0.00040021646,0.00011504378,-0.0005509654
22228000,-0.0014228905,0.0005940177,-9.80265,9.360177e-05,0.000111906535,-0.0002385771
22232000,-0.00075078267,0.006896255,-9.805199,-3.459323e-05,-0.00020851255,0.00036818042
22236000,-0.0022545443,0.0073258514,-9.805651,-0.00030979465,1.36247345e-05,-0.0003175457
22240000,-0.004502423,0.001598119,-9.801069,0.0005428374,0.0007684918,-0.00065819203
22244000,-0.003845512,0.004386276,-9.79793,0.0010572328,0.00093470834,0.0004019973
22248000,-0.0030932054,0.007307849,-9.795681,0.00044791237,0.0005134837,0.00034155676
22252000,-0.0028055422,0.005853965,-9.803102,-0.0004055249,0.0004281837,-0.00022532404
22256000,-0.0047159167,0.0022408306,-9.802114,-0.00057930476,5.6835037e-05,0.00018202366
22260000,-0.0055689965,0.0021190867,-9.799862,-0.0007116529,-0.0004989874,0.00015807287
22264000,-0.00054674427,0.0121300295,-9.805187,-0.0008198934,-0.00050671725,-0.00080026337
22268000,0.0047960686,0.0131486505,-9.79743,-0.0009271403,-0.00012272039,-0.0011518707
22272000,-0.0012859697,0.0022679337,-9.794853,-0.00075746124,0.000106260464,1.160288e-05
22276000,-0.0052805236,-0.00011631543,-9.796444,-0.00033988128,0.00017376912,0.0010345522
22280000,0.0044548903,-0.0026991095,-9.796423,-0.00026459197,0.0004008676,-0.0002823236
22284000,0.008677619,0.0002808995,-9.802572,-4.6012123e-05,0.00026161893,-0.0011086809
22288000,0.0007654489,0.007519123,-9.7993145,-0.0007199067,-0.00041121538,-1.2982591e-05
22292000,-0.00017308095,0.008890704,-9.796407,9.852983e-05,-0.00086334243,-0.00018044825
22296000,0.0024116002,0.0032620204,-9.793215,0.0007178496,-0.00050277263,9.768996e-05
22300000,0.0052836263,0.0027000892,-9.796415,-0.000232162,8.4696265e-05,0.0011192187
22304000,0.002500847,0.0046799066,-9.802118,-0.00043960812,-0.0007874349,0.000887911
22308000,-0.0076106726,0.0047842786,-9.794957,0.0005106387,-0.001216165,0.000471105
22312000,-0.0064836717,-0.00036594403,-9.797533,3.6728878e-05,6.828537e-05,-0.00035055392
22316000,-0.009766633,-0.007809068,-9.796881,-4.291201e-06,0.00048179526,-0.00060380856
22320000,-0.0063401368,-0.0031621018,-9.799139,0.0006886453,1.6678688e-06,-7.100793e-05
22324000,0.00043631677,0.003379553,-9.803532,0.00012434887,5.9495822e-05,0.0004177723
22328000,0.0016559814,0.0028677147,-9.800692,-0.00037855588,0.000119155986,0.0005176479
22332000,0.0018515508,-0.00083867786,-9.802667,0.00027865922,-0.0013447328,-0.00020999182
22336000,-0.0052393214,-0.0003354942,-9.803568,0.0011404891,-0.00087589666,0.00054188556
22340000,-0.0037632105,-0.0056466325,-9.804906,0.00058878656,0.0001478314,0.00067888224
22344000,-0.0022055309,-0.004182297,-9.806052,0.001208173,-0.0008841307,0.00019790839
22348000,-0.00029651244,-0.0014842645,-9.806011,0.0015387442,-0.00078664726,0.00043676607
22352000,0.007226208,-0.005751849,-9.804825,0.00049907505,-0.00068270916,-0.00020105105
22356000,0.0047184452,-0.0062354663,-9.800563,-0.00061982794,-0.0010197297,-0.00058067683
22360000,0.010452979,-0.0035275787,-9.80769,-0.0007522955,-0.0008301967,-0.000845788
22364000,0.009229277,-0.006686688,-9.805706,0.0002218495,5.575752e-06,-0.00018598652
22368000,-0.0023561656,-0.0039353045,-9.797977,0.000504827,0.00039897772,0.00017265066
22372000,0.0032775856,0.0029866237,-9.796176,-0.0005366306,0.00037711248,-3.196039e-05
22376000,0.006304742,0.0009757645,-9.796911,-0.0010531077,-0.00014797953,0.00036505936
22380000,0.0010674819,-0.0007646045,-9.805757,-5.460465e-05,-0.00087857794,8.562994e-05
22384000,-0.0027464884,-0.0020911666,-9.804035,0.00016617641,-0.00068681815,-0.0005149427
22388000,-0.0029331064,-0.0009299171,-9.804062,4.484736e-05,-0.00090544496,-0.0006430899
22392000,-0.0024650907,0.004717433,-9.8060465,3.095563e-05,-0.0004315997,0.0001131604
22396000,-0.0014873875,0.001619525,-9.800581,-0.00023138788,-0.00020458127,0.00052407174
22400000,-0.0022362429,-0.002878655,-9.799555,-0.0005254177,-0.0007992123,0.00020183818
22404000,-0.004194958,-0.0006228788,-9.799984,-0.00032568251,4.6775483e-05,-0.00019034542
22408000,-0.0066935793,-0.005674439,-9.8034935,9.017766e-05,0.0009298488,-7.8371275e-05
22412000,-0.0053550573,-0.004497761,-9.806602,0.0002455038,0.0008235971,-0.0002687616
22416000,0.0020767087,-0.0049714064,-9.804251,-0.0005094275,0.0011626227,0.000121460434
22420000,-7.667276e-05,-0.00968507,-9.8012085,-0.0015175121,0.00045990935,0.0013262113
22424000,-0.0031411797,-0.005716465,-9.795941,-0.00042451746,-0.0008493731,0.0007156852
22428000,-0.0048685013,-0.00027381355,-9.801466,0.0001320156,-0.00029388562,0.00017237473
22432000,-0.0051753945,0.005189991,-9.803406,-0.00040504592,-4.3528842e-05,-0.00023108943
22436000,0.0026773335,-0.004953758,-9.797873,-0.0002329726,-0.00012604012,-0.00012036179
22440000,-0.0010694298,-0.010378035,-9.797398,-7.84086e-05,-0.0003383125,9.027701e-05
22444000,-0.003123657,-0.003381992,-9.796676,0.00012300523,-0.0007515854,-0.0006297124
22448000,0.0017987965,-0.004834268,-9.8015175,0.00018428745,4.336168e-05,-0.00053299696
22452000,-0.00068720465,-0.00467631,-9.799238,0.0005194362,0.0010352447,0.00012064359
22456000,-0.0032463195,-0.002583872,-9.798658,0.0006146765,0.00012912229,-0.00084273994
22460000,-0.004536367,-0.0015074845,-9.804579,-0.00034633573,-0.00072959135,-0.0014197443
22464000,-0.0011346953,-0.0047250665,-9.799395,0.00020128656,-0.00010265135,-0.00086040504
22468000,-5.6131925e-05,-0.002915152,-9.79199,0.00063027086,-0.00031390338,-0.00089654874
22472000,-0.0012134849,0.0040521147,-9.792976,-0.0005269716,3.0005545e-05,-0.00039504457
22476000,-0.0022897858,0.00155521,-9.800877,-0.0005050593,0.00057571224,-0.0001917477
22480000,-0.0025850278,-0.004129483,-9.801769,0.0004135745,0.0003093092,-0.00020610257
22484000,6.4597125e-06,-0.008419487,-9.798438,0.00040156077,-0.000101209946,0.00024214116
22488000,-0.002824037,-0.0055957087,-9.799677,-0.0006935309,-0.00013976388,0.0003111025
22492000,-0.007440597,-0.005411381,-9.799569,-0.0009973387,0.00028122193,-5.7200592e-05
22496000,-0.006209555,-0.00080492394,-9.793776,6.996481e-05,0.00029368702,-5.1515504e-05
22500000,-0.002898321,0.0025498178,-9.792435,0.00086024246,-0.00011548908,-0.0007203576
22504000,-0.0021429395,-0.0053823004,-9.798246,-0.00018092353,-0.00032539,-0.00064268016
22508000,-0.0037557106,-0.0036778501,-9.800573,-0.0012960889,-0.00031832862,0.000652298
22512000,0.0017229535,-0.00031091194,-9.796208,-0.00071276544,0.0007182996,0.00020444341
22516000,0.0024043396,7.5979056e-06,-9.798435,0.0004114692,0.0011629215,-0.00089000404
22520000,-0.0014095879,-0.0025773495,-9.802221,0.0009782963,0.0005069509,-0.00023633307
22524000,-0.007014086,-0.0019641367,-9.798149,-0.0002441133,-5.021492e-05,-9.877114e-05
22528000,-0.014742134,0.004341639,-9.79884,-0.0005328356,-0.00088731153,-0.0007795645
22532000,-0.0052135745,0.0067141377,-9.801336,-0.00022757122,-7.502173e-05,-0.0008851918
22536000,0.0011988116,0.002645637,-9.804314,-0.00056246,-0.00020194633,-0.00047775172
22540000,-0.0032079332,0.00069954235,-9.803003,0.0002914961,-0.0014732359,0.00049573154
22544000,-0.004580059,-0.0011938513,-9.8028965,0.00026594737,-0.00091723556,0.0003283884
22548000,0.00093352376,-0.0071847853,-9.804808,-0.00079733686,-0.0009117294,0.00023754493
22552000,0.0006883448,-0.0036820618,-9.801329,-0.00012264965,-0.00077439565,0.0012419337
22556000,-0.004155225,0.0012333643,-9.796928,0.0008321446,0.0008741942,0.0005629757
22560000,-0.0033756318,-0.004284053,-9.791584,0.00019542853,0.0010639916,0.00012758502
22564000,-0.0040826257,-0.0036275587,-9.794891,-0.0003716125,0.0004562561,0.0006723422
22568000,-0.00079867593,0.007941202,-9.799486,0.00020749737,-0.00015254895,0.0003734721
22572000,0.0019349816,0.007577022,-9.797907,0.00024601453,0.00012969485,0.0001229082
22576000,-0.003225455,0.0019664024,-9.798253,-0.00075516896,0.00016178489,0.0010495158
22580000,-0.0005415899,0.0029175521,-9.79979,-0.0011088867,-0.0007840151,0.0012858086
22584000,-0.001313698,-0.0051039145,-9.7976675,-0.0010972285,-0.0012398728,0.0007113934
22588000,-0.0020740149,-0.0030037188,-9.799686,-0.00068871427,-1.4416582e-05,0.00081066415
22592000,0.0013302758,0.003321026,-9.803568,-0.00029536616,0.0012367571,0.00075022114
22596000,-0.0050692353,0.0049219728,-9.800846,-0.00020893883,0.0007834252,0.00043772554
22600000,-0.003760436,0.008981782,-9.7971325,-0.0001995555,0.00092422316,-0.00022345083
22604000,-0.0016547021,0.006402631,-9.798677,-0.0005344567,0.0014941666,0.0005639403
22608000,0.0027641957,-0.00039578704,-9.802565,7.466796e-06,0.0022098618,0.0011926797
22612000,0.0011007807,0.0022319918,-9.796654,-0.00015608624,0.0013649187,-0.00019097196
22616000,-4.7088135e-05,-0.0012559053,-9.7966585,-0.00037117873,-0.00043924607,-0.00087380706
22620000,0.0008353648,-0.0044794423,-9.8030205,0.00011518787,-0.0007782957,0.0004145387
22624000,-0.0057962956,0.0037439407,-9.802534,-6.336233e-05,-0.00027430625,0.0006777864
22628000,-0.00512652,0.004813836,-9.799066,0.00031896282,0.0007646905,0.00021086546
22632000,0.00070248975,0.002902143,-9.799265,-0.00018011343,0.00016450115,0.0014166754
22636000,0.004087408,-0.003981937,-9.80093,-0.0015996402,-0.00015678558,0.0012980157
22640000,0.007118131,-0.001016603,-9.797588,-0.0008651938,0.0004374714,0.0005173456
22644000,0.0069657033,0.0074644587,-9.800724,0.00019884037,-0.0006624091,0.00021653208
22648000,0.0028548874,0.011684334,-9.797769,6.368638e-06,-0.0009891472,-0.00013027994
22652000,0.0014102827,0.0046226177,-9.797444,-4.8311173e-05,1.7678312e-05,-9.331842e-06
22656000,-0.00066647504,-0.0029678766,-9.804214,-0.00015856916,-0.00071005407,0.0009562009
22660000,0.0012462544,0.00020501435,-9.806424,-0.0002755639,-0.0013268436,0.0010176476
22664000,0.0028102337,6.029352e-05,-9.801481,-0.0012935689,-0.0006549199,-3.5292167e-05
22668000,-0.0023730083,0.0034932157,-9.797073,-0.0007764665,-0.00040656727,-7.1226226e-05
22672000,-0.007588705,0.0032639657,-9.803173,0.0007371341,0.000103198705,0.00030236115
22676000,-0.0050997944,0.0021906972,-9.809243,0.00023072629,-0.0006371094,0.00020863894
22680000,-3.9463397e-05,0.0029147235,-9.806284,-0.00048098748,-0.0006567869,-0.00074099714
22684000,-0.011303404,-0.0032138273,-9.798866,-0.0009412058,0.00034038202,-0.00049722433
22688000,-0.013356112,-0.0046602148,-9.79525,-0.00026747488,0.0005025595,0.0007167385
22692000,0.002584694,0.0003469179,-9.7987175,0.0005196893,0.00049550075,0.0008057895
22696000,0.0039642593,-0.001340787,-9.803152,-0.0002768668,-3.62543e-05,0.00045591258
22700000,0.0028541642,0.000478971,-9.7997265,-0.00029281303,0.00043098102,0.00022823129
22704000,0.0036194557,0.0038234002,-9.791127,0.00024572905,0.0005313952,0.00068707427
22708000,0.0013421683,-0.00040538036,-9.796706,-0.00033574481,-1.614987e-05,0.0003441546
22712000,0.00036304226,0.0034573758,-9.799776,-0.00054531166,0.0011895293,-0.000514988
22716000,0.0034065219,0.003810309,-9.801207,-0.00014851597,0.0013486851,-4.3793458e-05
22720000,0.0044006477,-0.0026071353,-9.806136,-2.163237e-05,0.00020342939,0.00016672062
22724000,0.0010351602,0.0045453706,-9.804609,-0.00018597093,3.121925e-05,0.00027560943
22728000,-0.002069001,0.0035075874,-9.804796,-0.0007396489,-0.0004902433,-0.00032792633
22732000,-0.0045619495,-0.006433721,-9.801357,-0.00055490626,-0.00026025347,-8.151707e-05
22736000,-0.0043385257,-0.0050984337,-9.804255,-7.253504e-05,0.00022573984,0.00070135767
22740000,-0.0035262727,-0.0033920896,-9.802525,-0.00023160694,0.00043339617,0.00030645783
22744000,0.00043054187,-0.000568999,-9.794021,-0.00012267969,0.00050022145,0.00027677952
22748000,-0.0007422974,0.004639351,-9.797407,0.000666002,0.0006490689,0.0007329149
22752000,-0.005776463,0.0017215096,-9.804073,0.0003592788,0.00081508857,0.00015160673
22756000,-0.003688364,-0.0029582344,-9.800533,5.1431753e-06,0.00027169034,-0.00068463554
22760000,0.00073445233,-0.002372174,-9.804707,0.0004556425,0.0004277246,0.00049424963
22764000,-0.00044990884,-0.0060240156,-9.804571,0.0003907192,0.00077056553,0.0007053209
22768000,-0.005071753,0.0011213043,-9.799186,0.00051940227,0.00054527534,0.00036470927
22772000,-0.0047930926,0.0055017723,-9.797565,0.00056562404,0.00015645646,-0.000108749235
22776000,-0.00797086,0.002775006,-9.802277,0.0012857553,0.0003808284,8.859894e-05
22780000,-0.0038521104,0.00689966,-9.807646,0.0015847426,0.00025075435,0.0005356438
22784000,0.004503426,0.00058407016,-9.806558,0.00033098177,0.00040559194,-0.00015002239
22788000,0.004620138,0.0017381875,-9.804995,-0.00045584457,-0.00073859765,-0.0002560589
22792000,-0.001695252,0.007173835,-9.809349,3.760605e-05,-0.001358113,-0.00022126986
22796000,-0.0034202961,-0.0020685897,-9.812611,-0.00033290088,0.00022769292,3.8941136e-05
22800000,0.0008369341,-0.008552647,-9.803057,-1.9558622e-05,-7.4946765e-05,0.000351837
22804000,-8.046677e-05,-0.000829055,-9.797875,0.001149275,-0.0008594307,0.0013539096
22808000,-0.002318151,-0.001455703,-9.797255,0.0010269788,0.00034776554,0.0010425793
22812000,0.0024099278,-0.002989436,-9.80044,0.0008805727,0.0016356017,-0.0003616946
22816000,0.008275399,-0.0009526697,-9.801281,6.95019e-05,0.0013957104,-0.00102717
22820000,0.0050099976,0.0003257306,-9.805067,-0.0009495355,0.00072161166,-0.0009241118
22824000,-0.0049693324,-0.002118428,-9.80776,-8.064075e-05,-0.0005214892,0.00011160911
22828000,-0.0048074946,-0.0032812955,-9.802563,0.00031293463,-0.0010796107,0.0004647858
22832000,0.0006237295,-0.0046567484,-9.800964,-0.00047233285,-0.00029113848,-9.242474e-05
22836000,-0.0050194548,-0.00305672,-9.799375,0.00013601006,-6.404319e-05,-0.0011264778
22840000,-0.0058091506,0.0019343011,-9.801173,0.0003469081,-0.00036339593,0.00012597766
22844000,-0.006422536,-0.004433779,-9.799381,0.00021864678,-3.2998654e-05,0.0012456041
22848000,-0.0038001826,-0.0059925606,-9.803154,0.0010173083,0.00031725192,-0.0004645807
22852000,0.0040022125,-0.0046046516,-9.8019085,0.0007882666,0.00044571393,-0.0010204796
22856000,0.006957193,-0.005611436,-9.7974,-0.000113943104,0.0007764882,0.000114722425
22860000,0.006565296,-0.008089694,-9.804499,0.0008185066,0.00062722754,0.00031231984
22864000,0.0038017812,-0.008043398,-9.805632,0.00071044156,0.0010078374,0.00013066924
22868000,0.0042481413,-0.0034433801,-9.802956,2.3721983e-05,0.0007440721,-0.00016508006
22872000,0.0014722956,-0.0018435741,-9.798876,0.0007521444,-0.00086264225,-0.0003082909
22876000,-0.0018617393,-0.00078067573,-9.798947,-0.00033607887,-0.0005110743,-0.00028281804
22880000,-0.002156989,0.0011917562,-9.798962,-0.0008314122,-0.00017086118,-0.00037765957
22884000,0.002838579,-0.0050070304,-9.792864,0.00020132257,-0.0006596098,-8.074114e-05
22888000,0.00045400346,-0.0009175665,-9.794529,0.0003078239,-0.0006044288,-0.0002859357
22892000,-0.0015904971,0.0061116726,-9.797859,-0.00012612721,-9.8172786e-05,2.0412823e-05
22896000,0.0057175,0.0022553476,-9.79902,0.00020060886,0.00020808433,0.00040242897
22900000,0.0023726558,-0.0014037718,-9.801501,0.00086575706,-0.00018830088,0.00027603988
22904000,-0.0037050005,-0.0061567626,-9.798389,0.00073974923,-5.3583193e-05,-0.00039300628
22908000,-0.0041232114,-0.0032144485,-9.797447,0.00015751095,-9.122348e-05,-0.00076621334
22912000,-0.004942319,0.0010557056,-9.799099,-0.00015413655,0.0006704537,-0.00037809485
22916000,0.0039246143,-0.003998901,-9.80192,0.00056516967,0.0015662943,0.000107023116
22920000,0.0047751167,-0.0032754904,-9.807846,0.00057727064,0.0008896681,0.0005188986
22924000,-0.0022894042,0.002772793,-9.805358,0.00021909585,-0.00017879362,-0.00018334777
22928000,0.0075782514,0.00029017066,-9.797937,0.0003690864,-0.0002940769,-0.0007895433
22932000,0.007000281,0.002688222,-9.796562,-0.00012982807,-0.00042223916,-0.00032110862
22936000,-0.002657233,0.0051955865,-9.802327,-0.00031717942,-0.00085137767,0.00033697273
22940000,0.0023889155,0.0024355697,-9.801422,0.0001257506,0.00019193409,9.393341e-05
22944000,0.012285523,0.0071930336,-9.795301,-0.00013039444,0.00020834358,-5.846415e-06
22948000,0.0044731325,0.004804918,-9.792351,-0.0019694697,-0.00035324553,-5.4544747e-05
22952000,0.0009619033,0.00038484394,-9.796011,-0.00110751,0.00018831539,-0.00014493657
22956000,0.006098011,0.00022559527,-9.800726,0.000369801,0.0004274744,-0.00030878937
22960000,0.0033525422,0.00023977796,-9.807501,0.00078191754,-4.2084694e-06,-0.000800506
22964000,0.00039499515,0.0014333384,-9.812932,0.00063033006,-0.00037823198,-0.0004818448
22968000,-0.0029786446,0.0035141837,-9.808346,-0.00042486016,-0.00060226733,-0.0007991363
22972000,-0.004874235,0.005329969,-9.802439,0.00029579614,-0.0001593231,-0.00020394815
22976000,0.0042197355,-0.002294791,-9.799143,0.0006567586,0.00054888014,0.00031793417
22980000,0.004230258,-0.006767272,-9.803623,-4.8081765e-05,0.00035445174,-0.0005706094
22984000,0.0015394832,-0.009213103,-9.802881,-0.00077678374,-0.00020889827,-0.00045205158
22988000,-0.0023330122,-0.0013508704,-9.79723,-7.001036e-05,0.00039968194,0.0007979125
22992000,-0.007890565,0.008577834,-9.793848,0.00015360572,0.0011901532,0.0013100645
22996000,-0.0035900408,0.0052269525,-9.797887,-0.00046628944,0.00062877906,0.00079141
23000000,-0.003965887,0.00044683187,-9.807137,0.000386274,0.0006831032,0.00025641496
23004000,-0.00841236,-0.0022620163,-9.807606,0.0006233431,0.000702754,-0.00029345532
23008000,-0.00836868,0.0063434457,-9.804541,0.0002636588,0.00019471663,0.00036706295
23012000,-0.00061356754,0.005489539,-9.801283,0.00033733092,-0.0006958503,0.0004357668
23016000,0.0020761264,-0.007836672,-9.795557,0.00079009094,-0.0008696649,0.00044988474
23020000,-7.742061e-05,-0.0074551664,-9.795406,0.0005262003,-3.108477e-05,0.0012024126
23024000,-0.0025685448,-0.001817355,-9.799385,-0.0011949792,-0.0004582459,0.00011872747
23028000,-0.001657366,-0.0010242881,-9.79958,-0.0007184674,0.00036974566,-0.00020664597
23032000,-0.0031100318,-0.0031234457,-9.798742,0.00037754653,0.00051685853,-5.133248e-06
23036000,-0.005813321,-0.0010430359,-9.7938175,0.0003569139,-8.733287e-05,9.2664086e-05
23040000,0.0029879902,0.0006777099,-9.798868,0.00011705592,0.0002503121,0.0005495882
23044000,0.0046011987,-0.0040332642,-9.803461,0.00032551916,8.4986576e-05,0.0005379364
23048000,-0.0023422579,-0.0020935615,-9.799208,0.00039763324,0.00032343235,-0.00017248176
23052000,-0.00023608902,0.0016353667,-9.802315,-0.0003641902,0.00027174942,-0.0004442466
23056000,0.00059897953,0.0019460135,-9.797008,0.00047757383,-0.00066470273,-0.0003561593
23060000,-0.00046449134,0.0009052476,-9.794134,0.00033438037,-0.0014713197,-3.6174093e-05
23064000,0.0042940276,0.0016739343,-9.799074,-0.00019297555,-0.00096676376,0.00051733904
23068000,0.0019051128,0.002693059,-9.8002,-0.00035837424,-0.0005515403,1.6079723e-05
23072000,-0.004499797,-0.00019507552,-9.798596,-0.00028348077,-0.000788375,0.00030719544
23076000,-0.0027670271,0.0017415449,-9.796934,0.0008814529,-0.0007528915,0.001202958
23080000,-0.0038434223,0.0064203707,-9.802616,0.0011309964,-0.0003643155,0.0010744286
23084000,-0.0053963168,-0.0021267496,-9.80532,0.0005118007,-0.000119262484,-8.396355e-05
23088000,-0.0039829854,-0.005418463,-9.801519,-0.0006413366,-0.0009275002,1.3887654e-05
23092000,-0.006592809,8.4689775e-05,-9.802087,-0.0008480307,-0.00068568107,0.000391728
23096000,-0.004844922,0.003502908,-9.806164,0.00040876283,0.00018589776,0.00054096495
23100000,-0.0027791935,0.005699037,-9.806503,0.0007665145,-0.00044844594,0.000791288
23104000,-0.0061370097,-0.0027497702,-9.801557,-0.00025710143,0.00027603027,1.5682986e-05
23108000,-0.00028421503,0.00088663434,-9.806744,0.00029114008,-0.00014538191,-0.00023729783
23112000,0.0026079589,0.0010813962,-9.813472,0.00071209227,-0.00074623694,-0.00035640696
23116000,-0.0052307025,-0.009937982,-9.803917,0.00033515814,-0.00035944785,-0.00032514462
23120000,-0.0046077566,-0.007753055,-9.798244,0.00039002503,-0.00012819392,7.6598706e-05
23124000,0.0023374902,-0.007498764,-9.800635,-5.4663153e-05,-0.000746609,0.00070035737
23128000,0.00093393936,-0.006646239,-9.801823,-0.0003406549,-0.00096212456,0.0005501233
23132000,-0.00042186806,-0.006886027,-9.806015,0.00052645244,-0.00037184736,0.00070225657
23136000,-0.0020091678,-0.0044689896,-9.8027935,0.0006018263,-0.00033057312,-0.00012235578
23140000,-0.0043857126,0.004780596,-9.797037,0.00026374383,-0.00018003854,-0.00090358703
23144000,-0.00018284869,0.0044115977,-9.797594,0.00020541603,-0.0003976557,9.645571e-05
23148000,0.00083907763,-0.0026962922,-9.79648,-8.179677e-05,-0.0007867983,0.0003987779
23152000,0.0019030841,-0.009777304,-9.79501,-0.00062366197,-0.00010284145,-0.00027872078
23156000,0.0030891178,-0.004809468,-9.797692,-0.0009123687,0.00042001033,-0.0001481204
23160000,0.0039231307,0.0024121038,-9.801931,-0.00072982576,-0.00059421913,-4.0547566e-05
23164000,0.0023986618,-0.0065388298,-9.802149,-0.00094627345,-0.0006163694,-0.0006338384
23168000,0.0012092515,-0.01071031,-9.805111,-0.00043018974,-0.00022361377,-0.00023924222
23172000,-0.001674988,0.0027694488,-9.807539,0.00015522906,-0.0005260408,0.0005052195
23176000,-0.0030143016,0.0104273185,-9.799198,0.00010918576,-0.00022387833,0.00041048406
23180000,0.0027998541,0.00058147876,-9.795498,-0.00027920835,-0.0002772143,-0.00022062907
23184000,0.0051834183,-0.006482038,-9.79808,-0.00015215657,-0.00022148869,7.83581e-05
23188000,0.00342794,-0.0057366043,-9.795644,-0.00035992666,5.9916885e-05,0.0009949616
23192000,0.0069826758,-0.0054982435,-9.794163,-0.0008994498,-0.00039334843,0.0004517173
23196000,0.010052472,-0.007886171,-9.796534,-0.000454332,-0.00058021664,-0.00044747928
23200000,0.0060256138,-0.0027785967,-9.796488,3.574263e-05,-0.0003072297,-0.00047495385
23204000,-0.001292777,-0.0013484573,-9.797043,-0.00041269057,-0.00042084296,1.2064329e-05
23208000,-0.000965701,-0.0059511065,-9.799658,-0.0009894472,-2.1055095e-05,0.00014908827
23212000,-0.0007712449,-0.005096503,-9.799585,-0.00016196289,0.00031819372,-0.00019441011
23216000,-0.008795438,-0.0039363448,-9.792348,0.00018518858,1.1010466e-05,-0.0003428039
23220000,-0.002235395,-9.303434e-05,-9.792788,-0.00028884373,0.00087158335,-0.001234184
23224000,0.006185596,-0.001965871,-9.798721,0.00013132574,-5.6711346e-05,-0.00039735524
23228000,0.003062653,-0.0063142385,-9.796528,0.0005999495,-0.00012113183,0.00041842397
23232000,0.00075133354,-0.0014966425,-9.792709,-0.0002452952,0.001258335,0.00024216078
23236000,0.004038956,-0.0017547243,-9.798295,-0.0015797252,0.0008850608,0.00028684043
23240000,0.0025874288,-0.0060766726,-9.797809,-0.0005060686,-0.00034567434,-3.226144e-05
23244000,-0.0046429243,-3.5141806e-05,-9.792975,0.0007641017,9.6302305e-05,-5.6252662e-05
23248000,-0.0093845595,-0.00013478321,-9.798649,0.00014925297,0.000566435,0.0004125887
23252000,-0.0037871404,-0.0023339905,-9.80378,-5.2790117e-05,0.00032297676,0.0010184799
23256000,-0.0021719397,-3.752321e-05,-9.799214,0.00062100426,0.00068174605,0.0010985801
23260000,-0.0049643563,-0.0010338206,-9.802387,0.00083683355,0.0005195698,0.00018940865
23264000,-0.0040401174,0.00038468928,-9.809237,0.00083149946,0.00039251355,-0.0004487112
23268000,-0.0038017624,-5.301069e-06,-9.802847,7.4880714e-05,0.00043115628,-0.00013168236
23272000,-0.0034711491,-0.0028548192,-9.794123,-0.000464294,0.00033644453,5.8592656e-07
23276000,-0.00027579465,-0.0005394683,-9.792676,-8.175343e-05,0.0005873553,-8.743816e-06
23280000,0.0041968385,0.00340772,-9.798166,0.00029326067,0.00030545358,-8.0066544e-05
23284000,0.00058439875,0.00020693068,-9.79671,-1.1292474e-05,-0.0008936791,-0.00016967383
23288000,-0.006719332,0.0017669237,-9.787819,-0.0005609296,0.00038272448,-0.0004862531
23292000,-0.008266,0.003730787,-9.79354,-1.2109018e-05,0.00029120597,-0.0001743865
23296000,-0.0023468467,0.0018085854,-9.803527,-0.0004242894,-0.0008032573,-0.00039694746
23300000,0.004564515,-0.00041067225,-9.796153,-0.0009203988,-0.00012464603,-0.001239336
23304000,0.004474086,-0.003362094,-9.793875,-0.00017560243,-0.0006225705,-6.9361355e-05
23308000,0.0025178625,0.0025640866,-9.797624,0.0003854345,-0.00026463604,0.00065358117
23312000,0.0034123189,-0.002601006,-9.8017845,-4.5500532e-05,-0.00039372154,0.0006861332
23316000,-0.0016224325,-0.002255043,-9.799557,-0.00021075491,-0.0006899132,0.0007582586
23320000,-0.0013333744,0.0045185303,-9.800366,-0.0006452025,-4.7067508e-05,0.00084568333
23324000,-0.0007680786,-0.0016863099,-9.8051195,-0.001433668,-0.000268903,0.00018031854
23328000,-0.0064856703,-0.0018232057,-9.7980995,-0.0011256356,-0.0002874646,-0.00012365337
23332000,-0.003630371,0.0020093706,-9.794454,-0.0004510461,0.00015044768,0.0010742453
23336000,0.0004577675,-0.0026815985,-9.793222,-2.0281757e-05,1.2639163e-05,0.0007827657
23340000,0.00034595854,-0.0028790662,-9.798943,0.00024287812,-0.0009531499,5.7671004e-05
23344000,-1.6268521e-05,-0.001945873,-9.803068,-8.00945e-05,-0.0006116473,0.00035092435
23348000,0.006583487,-0.0019652823,-9.7918825,-0.00036946253,0.0003640883,0.00050790614
23352000,0.0053182165,0.0019389635,-9.797319,0.0010449466,-0.0002694472,0.00015602783
23356000,-0.008229781,-0.00025498276,-9.806285,0.001816556,-0.00018694895,0.0001842833
23360000,-0.0066869836,0.0008152918,-9.799887,7.279204e-05,0.0005908936,-7.551889e-05
23364000,-0.00329187,0.0038646066,-9.795914,-0.00082583626,9.419722e-05,-8.98701e-05
23368000,-0.0065703904,0.0025368792,-9.793833,-0.00048397892,-0.0001375144,-0.00041415164
23372000,-0.008960687,0.0003717825,-9.797799,-0.00041445898,0.00026479585,2.7273667e-05
23376000,0.001179582,0.0028789437,-9.800528,-0.0005053036,0.00029544692,0.0006278897
23380000,0.00470696,-0.0038951822,-9.798105,-4.0190163e-05,0.00055552425,0.00019408128
23384000,-0.0036489915,-0.0059421165,-9.796038,0.0006055508,-9.43277e-05,-0.00031808758
23388000,-0.0011057693,0.0037382783,-9.8007965,-5.090021e-05,-4.540907e-07,-0.0012445021
23392000,0.0025017217,0.00485244,-9.800218,-0.0002730266,0.00051586324,-0.0015657938
23396000,0.004479087,-0.0022994615,-9.796446,0.00035598202,0.0006274595,-0.00078191294
23400000,-0.0010662994,-0.00061918,-9.799168,0.00092566,0.0011550788,-0.0003855266
23404000,-0.00029891595,0.0008297483,-9.7985115,0.00026857646,0.00038887968,-0.00023786139
23408000,0.0038602748,-0.0009797291,-9.802984,-0.0005567373,-3.6139616e-05,0.0005326256
23412000,0.004084018,0.0040614074,-9.8010845,-0.00048958795,0.00070272834,0.00043497208
23416000,0.004753091,0.0098259505,-9.8019085,0.00023225008,0.0013405887,0.00047685034
23420000,0.01135628,0.0065740817,-9.806782,0.0009644391,0.00033322242,0.001001761
23424000,0.0070421705,0.00017671497,-9.807749,0.00028490488,-0.00054462,0.00021914972
23428000,-0.00046042848,0.003499931,-9.804592,-0.00019075228,-0.0008716055,-0.00017501733
23432000,0.00983992,0.0012059576,-9.800216,-0.00038133387,-0.0004904633,0.00021727278
23436000,0.006306259,-0.00049958524,-9.805643,1.724477e-05,-0.00014752078,-0.00043371582
23440000,0.0020949058,0.0070473873,-9.805775,0.0003623237,0.00048120695,9.506574e-05
23444000,0.00065879023,0.004473094,-9.802444,-0.00046883043,0.00070884236,-0.0002474913
23448000,-0.0074382015,0.001761026,-9.8018055,0.00061840756,-0.0002193059,-0.0010034833
23452000,-0.014519727,0.003044127,-9.802003,0.0015749233,0.0008173566,-5.012561e-06
23456000,-0.0077033928,-0.0043075243,-9.806017,0.0012579985,0.0005414188,0.0005870533
23460000,0.002129464,-0.0024768156,-9.803306,0.0009684685,-1.0276813e-05,-0.00026106715
23464000,0.0035924702,0.00041541952,-9.798785,-6.360085e-05,0.00052011426,0.00030669838
23468000,0.002240584,0.0012191558,-9.798786,-0.0001735545,-0.00025927255,0.0018471677
23472000,-0.0059330612,0.0023423897,-9.795509,0.00015159718,-0.00045636305,0.0008673256
23476000,-0.0023095768,-0.00050416536,-9.798776,-0.00016460285,0.00073433394,0.001276105
23480000,-0.0017727343,-0.004129955,-9.804242,-0.00032877445,7.427066e-05,0.0007933396
23484000,-0.0017732927,-0.008130249,-9.80589,-0.0006698149,-0.001301741,7.024171e-05
23488000,0.0059037013,-0.00573117,-9.805208,0.00069226016,-0.0006892123,0.00012090189
23492000,0.0060777133,0.00050592097,-9.801792,0.0009554445,-4.456966e-05,-0.000110032895
23496000,0.0034588506,0.0021581906,-9.800533,-0.00020834745,-0.00017202903,0.0003014342
23500000,0.0067231543,0.0017701599,-9.800547,-4.3156608e-05,-0.00011568437,0.00030845095
23504000,0.0084364265,0.0056873555,-9.804404,0.00012865395,-2.2164624e-05,0.00063486525
23508000,0.007171495,0.0015799559,-9.805828,0.0009128089,0.0003165628,-0.00010055113
23512000,0.0013660069,-0.006517846,-9.807768,0.0002810287,-2.5539133e-05,-5.016765e-05
23516000,-0.003043772,-0.002719746,-9.801642,-0.00027335098,-0.0006784881,-0.00040696072
23520000,-0.0056305947,0.0017650826,-9.788163,0.00051197235,-0.00018737804,-0.00069684896
23524000,-0.009597305,-0.0031949303,-9.789096,0.0004149695,-0.0004444392,-1.9392164e-06
23528000,-0.0017868773,-0.0015277081,-9.797182,-4.47775e-05,-0.00064220355,-0.0005287906
23532000,0.0066999947,0.0018705156,-9.805809,0.000121135316,-0.0007035245,-0.0011597574
23536000,0.0110874185,-0.0031600005,-9.799814,0.0001364297,2.8841583e-05,-0.00046944592
23540000,0.003337624,0.0011288123,-9.797863,-0.00016905752,-9.550711e-07,0.00041382073
23544000,0.0016910399,0.0015508438,-9.804811,-0.00020815255,-0.0009482273,8.209846e-05
23548000,0.005159728,0.0003804691,-9.797436,-0.00013739264,-0.0006628087,-0.0005447991
23552000,0.002512002,-0.0023493282,-9.798872,-0.0003130193,-0.00067641743,-0.00092816906
23556000,-0.0008107857,-0.010086369,-9.803043,-0.00040401213,-0.00018526445,-0.00038716584
23560000,0.0024080505,-0.006672071,-9.802849,-2.234464e-05,0.00079432357,0.00041255087
23564000,0.009819836,-0.0008714413,-9.802123,0.0002871099,0.0005810923,-0.00033415982
23568000,0.005387309,0.0014707773,-9.803192,-0.00022090132,-0.0007058128,-0.00024734295
23572000,0.0012386169,0.0005526761,-9.80353,-0.0008005396,-0.0009012008,0.00061061175
23576000,0.0062845456,0.005884647,-9.800867,-0.00015917477,0.0008048627,-0.00017159755
23580000,0.0071858084,0.008880951,-9.805643,-0.0002472521,0.0010251617,-0.0007375232
23584000,-0.0032336456,0.003314507,-9.80154,-8.876955e-05,-0.0001290513,-6.615393e-05
23588000,-0.006175285,-0.0042253886,-9.798811,8.048649e-05,-0.00026822378,0.0006180234
23592000,0.003133066,-0.0032360603,-9.801193,-3.4562632e-05,-3.1473923e-05,0.0010021995
23596000,0.0054643783,0.0010400243,-9.8024025,0.00048821062,-0.00055303454,0.0012063982
23600000,-0.0027863542,-0.007980965,-9.802948,0.00043406372,-0.00026128165,0.000605185
23604000,-0.0062558237,-0.008489191,-9.798753,0.0004018088,0.00068244326,0.00039104334
23608000,-0.006421748,0.0021897822,-9.797747,0.0010578507,0.00060738303,0.00041325047
23612000,-0.0013177672,0.0010786133,-9.801146,0.00091254606,-0.00015923005,0.00033758854
23616000,-0.0031203006,0.0019531515,-9.801987,-0.0003327852,-0.00080340984,0.0008700364
23620000,-0.007799254,0.0017242844,-9.800173,-0.0006507139,-0.0007257257,0.00078149495
23624000,-0.001879926,-0.0002781065,-9.801764,-0.00044754348,-0.0010894081,3.4815486e-05
23628000,0.0040545682,0.0071188305,-9.797644,0.00016189709,-0.00087279495,-9.794971e-05
23632000,0.0007163022,0.0024367762,-9.800571,0.0014077825,-0.00031656655,0.00014613205
23636000,-0.0035520701,-0.0006014506,-9.8111,0.00086889765,-0.0007777558,0.0007699341
23640000,-0.0018516046,0.0052427026,-9.803635,4.4300737e-05,-0.0013358907,7.543924e-05
23644000,-0.0010754647,0.00055881083,-9.791714,0.000331662,-0.00036239566,-0.00029999067
23648000,-0.002853412,-0.00232272,-9.800653,-0.00036029358,1.0607135e-05,-1.6944323e-05
23652000,-0.0011607973,-0.0036504776,-9.811632,-0.00014296045,-0.0012081906,-0.00083170115
23656000,0.0028554928,-0.011670236,-9.809737,0.0011518284,-0.0008682145,-0.0006539773
23660000,0.00079514156,-0.01055088,-9.805012,0.00061578176,-0.00038792318,-0.00056689075
23664000,0.0010184925,-0.0013272922,-9.799963,0.00016154636,-0.00042006784,-0.00062676676
23668000,-0.004488458,0.0032920984,-9.7992115,0.0006281651,-0.0002205256,-0.0006975897
23672000,0.0010725488,0.0024360132,-9.797952,0.0007104815,-1.9138903e-05,-0.00090125593
23676000,0.008874189,0.0051852805,-9.7953415,0.00016896108,0.00016251572,-0.0010658362
23680000,0.0072149253,0.0066069677,-9.802546,-0.00087137206,0.0007858572,-0.00047815382
23684000,0.014591917,0.004679238,-9.80377,-0.0012823391,0.0001714552,0.00041530517
23688000,0.010068159,-0.0017993975,-9.79673,-0.0010516708,-0.00052312185,0.0005318252
23692000,-0.00055205356,0.00090056343,-9.7951355,-0.00041767463,0.0009592711,0.00045043253
23696000,-0.00040407025,0.008085624,-9.793063,-0.00013372766,0.001115692,0.0011905538
23700000,-0.00076117873,0.004692965,-9.796194,-9.995704e-06,0.00046923285,-4.7128515e-06
23704000,-0.0006740192,-0.0025957772,-9.798367,4.3639397e-05,0.00044665558,-0.0013256302
23708000,0.0008801345,-0.006485429,-9.795664,0.00032966642,0.00065768085,-9.353167e-05
23712000,0.0016214069,-0.006997106,-9.801947,0.00050242775,-1.6369204e-05,-0.00068097113
23716000,0.0030481424,-0.0054035126,-9.8069725,-0.00011334042,-0.00016292135,-0.0008445281
23720000,0.0013441532,-0.0018635631,-9.808048,-0.00019767162,0.00088478817,0.00050687126
23724000,-0.0036462122,-0.0033228735,-9.795847,-3.7586466e-05,-0.00012869816,0.00065338804
23728000,-0.005379131,-0.0025645373,-9.794167,-0.0009155836,-0.00048737336,0.00045829802
23732000,-0.0035551882,0.0032736135,-9.805377,-0.0012370724,0.00016499848,0.0005240359
23736000,-0.0067567714,0.003735994,-9.800987,-0.001175308,-0.00041738414,0.00052016205
23740000,-0.007786641,0.0016945859,-9.798862,-0.0008662564,-0.00015653187,0.00040663686
23744000,-0.0067040576,-0.00042561485,-9.802795,6.452617e-05,-0.00040963784,5.2587307e-05
23748000,-0.0018805242,-0.0016709917,-9.8025875,-0.0009331964,-0.000679232,-0.00033896405
23752000,0.0055416413,-0.0015800475,-9.793232,-0.0015848737,-0.0003727321,-0.00033957377
23756000,0.0066104783,-0.0037343306,-9.789326,-0.0014207156,-0.0007739084,-0.000590523
23760000,0.0020758985,-0.005565146,-9.797121,-0.00095746364,-0.00124581,-0.00047940068
23764000,-0.0034837127,-0.0031706877,-9.805067,0.00028796104,-0.0006691152,0.0003928553
23768000,-0.0035750181,0.0012320107,-9.811382,0.0008057515,0.0004135071,0.00024764467
23772000,-0.0039643412,-0.0014319713,-9.811386,2.5441868e-05,0.00020910746,-0.00031736665
23776000,-0.004803683,-0.00030587305,-9.812105,-0.00040381504,-0.00019996979,0.0003680634
23780000,0.0018507559,0.0019923719,-9.807863,0.00023304581,-7.4358504e-05,0.0005526857
23784000,0.008790866,-0.0018991441,-9.800384,-2.5675756e-05,-0.00044238108,-0.0005698866
23788000,0.004798008,-0.0010209342,-9.795322,-7.4618336e-05,-0.0005049789,-0.00091912586
23792000,-0.0026223732,0.0074069886,-9.798724,0.00081336807,-0.000309081,-0.00048579875
23796000,-0.0019406566,0.0137828095,-9.804997,0.0006662624,8.197748e-05,-0.00044032
23800000,-0.0044041923,0.009493888,-9.804045,-0.00078232324,0.00049656397,8.426865e-06
23804000,-0.0042557595,0.002202133,-9.794384,-0.00023073859,0.0008962517,0.00013837175
23808000,-0.00020559927,-0.0056277406,-9.78999,0.00030517785,0.0005208817,0.00040137809
23812000,-0.0021843133,-0.008864294,-9.799537,8.895605e-05,-0.00024343649,0.00031302805
23816000,0.00039895432,-0.0028572176,-9.7964325,0.000954601,-0.0002224549,-0.00040416647
23820000,0.001987762,-0.00353188,-9.79277,-4.4321667e-05,-0.00030473838,-0.0003105495
23824000,-0.0023283134,-0.0073026954,-9.7956295,-0.0012269511,0.0005489768,-0.00013134787
23828000,-0.008874977,-0.010456508,-9.798061,-0.00010862865,0.00019822286,-0.0004287675
23832000,-0.0038431948,-0.013045677,-9.800669,0.00034393463,1.7126098e-05,-0.0001437758
23836000,0.0028531416,-0.0028625038,-9.796817,0.00066331105,0.00030320877,0.0007152833
23840000,0.0038932327,0.004310994,-9.791661,0.00034549946,7.7548175e-05,0.0002649528
23844000,0.0063642804,0.003905225,-9.796745,-0.00043255277,0.00049968826,-0.00010589843
23848000,0.0049438905,-0.00036920558,-9.808903,-0.00020203977,0.00036686895,3.5661626e-05
23852000,0.0019929728,-0.0030683584,-9.806322,0.00051159936,-7.683703e-05,0.00081573264
23856000,-0.006304015,0.0037823026,-9.799802,0.0003649675,-0.00016538387,0.00089355896
23860000,-0.005226253,0.0027984823,-9.801378,-0.0003383689,-9.35376e-05,-1.41722385e-05
23864000,0.0034865933,-0.00016412737,-9.804671,-0.0001404498,0.00019036196,0.0002635764
23868000,0.0003888915,-0.006663598,-9.813477,7.5446354e-05,0.000770345,0.00024807965
23872000,-0.008272005,-0.0022946289,-9.81138,0.0005721395,0.00050316064,-6.450105e-05
23876000,-0.004971177,0.004513973,-9.80091,0.00033445316,-0.00019261343,0.0006174171
23880000,0.0017723124,0.00642016,-9.797998,5.7356672e-05,-0.00026974396,0.0006221015
23884000,-0.0013181567,0.0071153105,-9.802193,0.0008744161,-0.00068467186,9.5744006e-05
23888000,-0.0049537807,-0.0011771737,-9.804962,0.0008565344,-0.00088033505,0.00026357413
23892000,0.001082947,-0.0014268173,-9.793913,-0.000111868554,-0.00069281965,-0.0002493206
23896000,0.003717865,-0.0014057627,-9.79084,-0.00040883853,-0.00011307184,-0.00046805886
23900000,-0.001452191,-0.0018208055,-9.791489,-0.0004250657,0.0006252633,-9.828525e-05
23904000,-0.00511406,0.0015739378,-9.794184,-0.00064459525,0.00052841654,0.00033110546
23908000,-0.0063051153,-0.0011135555,-9.804184,-0.0005223429,0.00023975688,0.00089271367
23912000,0.003133498,-0.005890469,-9.803404,-0.00016819887,0.00034247825,0.0006992479
23916000,0.0037954971,0.0051829536,-9.799611,2.1977014e-05,0.0004661123,5.863477e-05
23920000,0.004465054,0.008124979,-9.798654,-0.00043621837,0.0002301926,-0.00018903632
23924000,0.008056438,-0.0015029409,-9.805342,-0.00037401565,-0.0004488566,-0.00061108125
23928000,0.0006219933,0.000637041,-9.804539,-0.00058548286,-0.00027690956,-0.0009072497
23932000,-0.0031371266,0.0005794766,-9.796124,-0.00057473977,0.00058158394,0.00021153908
23936000,-0.004132594,-0.0032032838,-9.795972,-0.00015787888,0.0002387341,0.00027183062
23940000,-0.00017530288,-0.0022965362,-9.800984,-8.045765e-05,-0.0004385163,-0.0009488799
23944000,0.0081278635,-0.005877704,-9.802827,0.0002540563,0.00011704057,-0.00096861855
23948000,0.0028676353,-0.0035796857,-9.80204,0.00014713046,0.0014412961,4.9345166e-05
23952000,-0.002329683,0.000951793,-9.801765,-0.00030471262,0.00039747523,0.00046667812
23956000,0.0037932328,-0.0005005497,-9.801456,-0.00024358326,-0.0006236336,0.0004643225
23960000,0.001052306,-0.003490758,-9.806795,0.00039987496,0.0006959554,0.00065292313
23964000,-0.0026601572,-0.005865934,-9.806654,0.00033884088,0.00105711,-0.00010583475
23968000,0.0009311888,-0.0009566156,-9.7959585,0.000172629,0.00085038925,-0.0010126956
23972000,0.0011700139,0.00316527,-9.793459,0.00012570903,0.0010217463,-0.0011892382
23976000,0.0021582984,-0.0032534993,-9.798723,6.0477083e-05,0.001050563,-0.0008120494
23980000,0.003485915,-0.0034841774,-9.7976675,-6.5886496e-05,0.0002846675,0.00048889517
23984000,0.0017732679,0.001073353,-9.796852,-0.000111422494,-0.00046752673,0.00071435433
23988000,-0.0005910547,-0.005596103,-9.798279,-0.0006715945,2.4244582e-05,0.00055946654
23992000,0.00040799094,-0.0058913394,-9.797862,-0.0006705983,0.0008040008,0.0008402995
23996000,0.00039198034,0.0010210547,-9.797398,1.1355285e-05,0.00086146005,0.00020230097
24000000,-0.003303968,0.0028541787,-9.801664,-0.00048402513,-0.00041019297,2.0516412e-05
24004000,-0.000726214,0.0043556383,-9.801294,-0.00053004763,-0.0011844635,0.00024851414
24008000,0.00082224805,0.0036007513,-9.798129,-0.00040143268,-0.0008988741,-0.00081777264
24012000,0.0060408837,0.006049315,-9.796427,-0.00026556192,-0.000104839724,-0.00018709878
24016000,0.011746125,0.008018014,-9.7996645,-0.00035282725,-0.00052821386,6.4244465e-05
24020000,0.0028056293,0.0045517944,-9.807209,-0.0007666714,-0.0014295137,-0.0011279051
24024000,-0.001530604,0.0029962976,-9.806933,0.00014295775,-7.6769735e-05,0.00047003606
24028000,0.0035008034,0.0060907784,-9.804304,0.0002502961,-0.0006276777,0.0008846526
24032000,-0.0027424225,-0.00029681745,-9.801293,-0.00041569228,-0.00052130874,-0.0004175228
24036000,-0.006810232,-0.0073860995,-9.796949,-0.00020481898,0.0005777276,4.92793e-06
24040000,-0.0015464781,0.00043276715,-9.798564,-0.00040566875,-0.00030205355,0.00027565943
24044000,0.005211002,-0.0052629416,-9.804316,-0.0004885736,-1.957067e-05,-0.00035846763
24048000,0.004446565,-0.002611129,-9.798626,-0.0012737813,0.0006169725,0.00018622841
24052000,-0.0036266728,0.0025580628,-9.797909,-0.00047070955,0.00079231284,0.00092237024
24056000,-0.0028588506,-0.00460734,-9.804308,0.00030246595,0.0008039509,0.0006458229
24060000,-0.0028789814,0.0032208206,-9.800533,-0.00025931452,-8.193306e-05,-0.00017180954
24064000,0.0031230939,0.0039498066,-9.799631,0.000991783,-0.00046024658,-0.0007071491
24068000,0.003516695,-0.0020213656,-9.803623,0.0010045698,-0.00045402374,0.00027734265
24072000,-0.0012226745,0.00724562,-9.801331,0.00014816978,-0.00013508134,0.00050711085
24076000,0.0070560332,0.0070235245,-9.803595,-6.19064e-05,0.0010161406,0.0002471688
24080000,0.007275436,0.0012235547,-9.800172,0.00026778475,0.001019031,0.00055015273
24084000,0.001396719,0.0006552349,-9.789143,-5.913394e-05,0.00016275741,0.00021607423
24088000,-0.0024588343,0.00048060922,-9.789476,-0.0004309602,-0.00039078784,-0.0003469799
24092000,-0.004743959,0.0015895542,-9.796604,-0.00024456013,-0.0003635933,-0.00036589766
24096000,-0.0028243351,0.0006728437,-9.800831,0.0001951076,0.00013167856,0.00022354367
24100000,0.0002090564,-0.0028430687,-9.803703,0.0008279054,0.00030651383,0.00043003788
24104000,0.0024775967,-0.008179175,-9.796551,0.00033769646,8.237392e-05,-0.0011709387
24108000,0.0052409004,-0.0026110674,-9.794823,-2.976196e-05,-0.0004908965,-0.0010398182
24112000,0.0024683708,-0.00014962612,-9.801316,-0.00019133158,-0.00036442443,0.00042699088
24116000,-0.001343928,-0.004495931,-9.800838,-0.000735889,8.3665174e-05,0.00029862093
24120000,0.0008074668,-0.0023639752,-9.809158,-0.00036210977,-0.00050776976,0.0013462098
24124000,-0.001084925,-0.0030092197,-9.804905,-0.00013683733,-0.00020901432,0.0010315599
24128000,-0.0039318865,0.0015453214,-9.7981205,-0.000918797,0.00025504583,-0.00064311037
24132000,-0.001888778,0.008774663,-9.803226,-0.0010878067,4.913325e-05,-0.00060227915
24136000,-0.0021020875,0.0023947805,-9.801407,-0.00019363045,0.00016259347,-0.00025441023
24140000,0.0016883039,-0.006662185,-9.798784,0.0005731524,-0.0002623549,0.00013729504
24144000,-0.0013951804,-0.003390713,-9.797459,0.00071770226,-0.00021617691,0.0004316123
24148000,-0.005194507,-0.00040474473,-9.796316,3.7637303e-05,0.00081848435,0.00041239033
24152000,-0.00077645323,0.0036579904,-9.802992,-0.00020387021,6.599254e-05,0.0003681301
24156000,0.0022020303,0.0067063826,-9.800465,0.0002028779,-0.00045879936,0.00016462238
24160000,0.007443849,0.005811824,-9.794878,0.0006215737,-0.00031364046,-0.00026834547
24164000,0.005009103,0.0043676337,-9.805468,0.0009905318,-0.0007054458,-0.00026625363
24168000,0.0012695224,0.0026309392,-9.803446,0.0007193939,4.7132162e-05,0.00027964747
24172000,0.0036132776,0.0043889754,-9.795244,0.0007038055,0.00026030003,0.0005236782
24176000,0.00533838,0.0049386225,-9.797676,0.0006543378,0.00027976328,0.00057267165
24180000,0.0076826573,0.00036922217,-9.803221,0.00073788123,0.00051106146,-0.00041398755
24184000,0.0090406025,-0.0024518182,-9.804562,0.00068436086,3.7558566e-05,-0.0006984909
24188000,0.0060425336,-0.0012619492,-9.794017,-0.0004377994,0.00047370678,-0.0002422554
24192000,0.0013547235,-0.0028319983,-9.778286,0.00014905678,0.0010809978,-0.00020963573
24196000,0.0006494711,-0.0006272967,-9.783771,0.00088367204,0.0012607236,0.0005798754
24200000,-0.0025793668,-0.0006744049,-9.799032,0.00048708875,0.00096017297,0.0005006795
24204000,-0.007492131,0.0005054459,-9.802294,0.0005193294,2.970947e-05,-0.0008147155
24208000,-0.0028954868,0.0042725154,-9.800939,-0.00028266132,-0.0005353833,-0.00051054376
24212000,-0.00038168777,0.00058389327,-9.798058,-0.00016248229,9.649468e-05,-0.000519203
24216000,0.0014564996,-0.004804237,-9.793436,-0.00020690671,0.00010287571,-0.00092002144
24220000,0.0030468204,-0.0025456334,-9.797197,-0.00028083194,-0.00012140525,-0.00029975365
24224000,0.006701035,0.0053400146,-9.803514,0.0001320115,0.00062461814,-0.00012207491
24228000,0.009675315,-0.0050129658,-9.796554,-0.0005285292,0.0008956728,-0.0005438444
24232000,-0.0031493139,-0.013654416,-9.789675,-0.0005281174,0.0007567022,-0.00015821152
24236000,-0.0053604254,-0.00465016,-9.791079,-0.00038340065,0.0008773984,0.0009754891
24240000,0.0063663097,0.0024162752,-9.797467,-0.00036336613,0.00068727427,5.4689215e-05
24244000,0.008498181,0.00019291483,-9.801615,0.00010836626,0.0002977864,8.6060645e-06
24248000,0.00019234445,-0.0035908779,-9.799189,0.0007663775,0.0007222148,0.00052659295
24252000,-0.00241572,-0.004077689,-9.8011055,0.0011305279,0.0009378851,-0.000218565
24256000,-0.0008961247,0.00048569974,-9.807086,0.0007690676,0.00049143744,-0.0005474022
24260000,-8.677132e-06,0.003347924,-9.80518,0.00021602353,-0.00047683046,-0.00054257683
24264000,-0.004267158,-0.004346907,-9.796036,-0.0003949619,-0.00013451836,-0.00061971816
24268000,-0.0050650607,-0.0049206736,-9.789658,-0.00022387815,0.0012162072,-0.0016470212
24272000,0.001012853,-0.005207211,-9.791403,-4.4020326e-05,0.0007929619,-0.0019470126
24276000,-0.0036954887,-0.009868654,-9.806896,-0.00043703557,0.00036647823,-0.0004990635
24280000,-0.005074461,-0.0053670015,-9.804261,-0.00084424805,-0.0003495323,0.00010201949
24284000,0.0011908116,0.0039317384,-9.79803,-3.0265599e-05,-0.0004893735,0.00014129047
24288000,0.00032183022,0.0050114654,-9.79929,0.0011094501,0.0010887819,0.0010510497
24292000,-0.004211939,0.0027144633,-9.793249,0.00068805827,0.0008068124,0.0014851899
24296000,-0.0072570303,0.0052219364,-9.798502,0.00039257781,0.00014174222,0.000884172
24300000,-0.0075191343,0.007265298,-9.806301,0.000121146666,0.00029138074,-0.0008369777
24304000,-0.00011475898,-0.0009223328,-9.808292,0.0006665654,-0.00020620145,-0.0016200524
24308000,-0.0014832553,-0.0034065011,-9.803062,0.00040092893,0.00013490555,-0.00026339313
24312000,-0.004891691,-0.0016413108,-9.801096,-0.0001793042,-0.000671005,0.0006441616
24316000,-0.0016581418,-0.0037174444,-9.800579,-9.633779e-05,-0.00085018715,-9.890254e-06
24320000,-0.0058543934,0.00026353323,-9.802684,0.00018990887,-2.0240117e-05,-0.00018110886
24324000,0.00032749772,0.0040736394,-9.796833,0.0005774853,-0.0004258517,-6.666932e-05
24328000,0.0029993274,0.0025698654,-9.793856,2.7824208e-05,-0.0003992889,6.316046e-05
24332000,-9.96336e-05,-0.0010961778,-9.806088,-0.00034557807,2.0665393e-05,0.00038768214
24336000,0.0037956976,-0.005979032,-9.808337,-0.0004192367,0.00015701332,-0.00025361244
24340000,0.0067052078,0.002143351,-9.810156,-0.0001754012,0.00031780687,-0.000559372
24344000,0.0015583583,0.008844865,-9.804867,0.00023312063,0.0010030026,-9.589653e-05
24348000,-0.004942128,-0.0006457548,-9.799967,0.00059690984,0.00022504921,9.793727e-05
24352000,0.006045992,-0.0016242629,-9.805813,0.00044417195,-9.2289876e-05,-0.000252087
24356000,0.012250604,0.00071408774,-9.801396,0.00014362221,-0.00042489488,-0.0006139829
24360000,-0.0013226941,-0.0071686013,-9.799231,0.00016876905,-0.001399105,-0.00046750452
24364000,-0.00545561,-0.008684694,-9.803749,1.2518147e-05,-0.0007560893,-0.00068437296
24368000,0.0025619462,0.00042753923,-9.802395,-7.269954e-05,-0.00027142387,-0.0013800091
24372000,0.00077351666,0.0049687093,-9.806423,-0.00015492602,-0.0008096153,-0.00033066497
24376000,-0.0065252124,0.0017120483,-9.802216,-0.00019110393,-0.0002943643,0.00020587535
24380000,-0.0072362195,0.0014772909,-9.7949705,0.0006110917,5.088677e-05,-0.0008738353
24384000,-0.00070556055,0.00539943,-9.801043,0.0002734939,3.969696e-05,-0.0009145826
24388000,-0.0011008554,0.001859424,-9.798801,-0.00082289183,0.00036302867,-0.0001862437
24392000,-0.006198366,-4.1687923e-05,-9.801771,-0.00069028826,6.444514e-05,-0.00055288436
24396000,-0.0059647234,-0.00026071956,-9.814272,-0.0004080802,0.00058222766,-0.0009656213
24400000,-0.0028622616,-0.0024497714,-9.809368,-0.00015307225,0.0008843085,-0.00016888775
24404000,-0.0012198458,0.0005600207,-9.800683,-0.00016418114,0.00036397748,-0.0006653128
24408000,-0.0003466825,0.0004641131,-9.803307,-9.061598e-05,-0.0002917205,-0.0010653562
24412000,-0.00028084771,0.004229692,-9.800036,0.0013724137,-0.00037121537,-0.001281314
24416000,0.0022927928,0.0014320433,-9.802913,0.00047417678,0.00010062406,-0.0009840126
24420000,-0.0002703667,-0.0027399322,-9.801923,-0.00052708853,0.0008253565,0.000869365
24424000,-0.006237895,0.0042286464,-9.798371,0.00012894378,0.0011547243,0.00048041437
24428000,-0.0043978104,0.006349383,-9.804342,-0.0008594268,0.00016784959,-0.00039191847
24432000,-0.0036763456,0.0001599556,-9.804659,-7.739424e-05,-3.4341028e-06,8.5794905e-05
24436000,-0.0046916036,-0.004951056,-9.802057,0.00018848127,-0.00013831157,-0.00031202566
24440000,-0.0014682106,0.0075455485,-9.796693,-0.0011838328,-0.0014123899,-0.00063667033
24444000,-0.0009905257,0.007435179,-9.792923,-9.751036e-05,-0.0014142223,9.5267525e-05
24448000,0.0011090994,-0.001599371,-9.795097,8.956083e-05,0.0003678058,0.0007896876
24452000,0.001566099,0.0021966158,-9.801063,-0.0005147832,0.001146148,0.00070538494
24456000,0.0018201221,0.009248276,-9.803663,-0.00014936776,6.2481566e-05,-0.0002866819
24460000,-0.0007388358,0.011808369,-9.797086,3.920101e-06,-0.00050679676,-0.0010052485
24464000,-0.00492642,-0.0009686164,-9.799395,1.7743649e-05,-0.0010987832,-0.00020218176
24468000,-0.003194802,-0.004792083,-9.800563,-9.184902e-05,-0.0011150665,-0.00026018132
24472000,-0.0008032158,0.0035271465,-9.799484,-7.3692054e-06,-9.927173e-05,-0.0009875924
24476000,-0.0031479937,0.0023788807,-9.802958,0.0005603825,0.00012471389,-0.00037720884
24480000,-0.0042303363,-0.00061971036,-9.804803,0.0010779194,0.00027093824,0.00047531014
24484000,0.00072913984,-0.0026719319,-9.800076,0.0009559676,0.00042633916,0.0010574938
24488000,-0.0012551801,-0.0033014263,-9.79262,-2.8199722e-05,-0.0001468228,0.0014869125
24492000,-0.0024821383,-0.008316146,-9.793547,-0.0005953201,0.00010633378,0.00054606114
24496000,-0.0009833149,-0.01235456,-9.798683,-0.00039883592,0.00015379797,2.5739708e-05
24500000,0.0034395056,-0.0012948045,-9.7989025,-0.0011039794,-0.00073624327,0.0008557513
24504000,0.007097937,0.0030963568,-9.801243,-0.0011814814,-0.0007923856,0.000305924
24508000,0.0024383934,-0.00089092855,-9.806641,-0.0006972841,0.0008880654,-0.00013664128
24512000,-0.0021467798,-0.0013068256,-9.803394,-0.0014728925,0.00082403683,-5.3386782e-05
24516000,0.000700974,-0.0029956144,-9.804472,-0.000765247,-0.00091488153,0.00023365823
24520000,0.0039493893,-0.007857458,-9.807197,0.0006551498,-0.00065335847,0.0009272129
24524000,0.000798268,-0.008498956,-9.801645,0.00030170768,-0.00039757567,0.0004148139
24528000,-0.0009081514,0.0020366732,-9.799082,-0.00025110933,-0.00020954375,2.3454984e-05
24532000,-0.005103199,0.001754134,-9.798236,-0.00038964933,-0.00015217214,3.7056536e-05
24536000,-0.010481687,-0.0056564817,-9.797593,0.00018346302,3.70155e-05,0.00031172688
24540000,-0.0018768332,0.0026772062,-9.802431,0.0003111476,-0.0003779239,0.000631658
24544000,0.0013502392,0.0027285716,-9.805845,0.0007696407,-0.0013545057,0.00013366042
24548000,-0.0067145806,-0.0049721985,-9.806867,0.0008129066,-0.00030502863,0.00020645613
24552000,-0.012597966,-0.004800918,-9.802151,-0.00034387657,0.00065769727,-0.0004010418
24556000,-0.0010075932,-0.005517455,-9.796616,0.00035963423,0.00018725818,-0.00054882385
24560000,0.009226,-0.0011368054,-9.800125,0.00085314905,-0.00022928375,-0.00025469915
24564000,0.0035884262,0.0026980685,-9.80103,-0.00039916718,-0.00046482598,-0.00079756044
24568000,0.0019993312,0.0056686047,-9.802823,-0.0005889558,0.000396578,-0.00017609693
24572000,0.0057692714,0.0046621663,-9.809784,2.9359328e-05,0.000744256,-5.6532353e-05
24576000,0.005146515,0.002098886,-9.805581,0.00042933968,0.00011856133,-0.00057751196
24580000,0.0017719038,0.0035503414,-9.800407,0.0005876378,-0.0002222992,-0.0008366011
24584000,0.00039022096,-0.0013783843,-9.805943,0.00055780256,-0.00026999236,-0.0005539846
24588000,-0.00074560125,-0.001218569,-9.807188,0.00015370008,-0.00012213216,-5.49149e-05
24592000,0.003226358,0.0036068263,-9.80411,-0.0007726412,-0.00032114514,-0.00028087743
24596000,-0.00016496962,-0.00062010327,-9.803928,-0.0010509146,-0.0002403788,-0.00077404693
24600000,0.0016314024,-0.01057073,-9.796291,-0.00020976161,0.0003590839,-0.00014552895
24604000,0.0023854398,-0.009184277,-9.7876625,0.0010436291,0.00021930861,0.00014821695
24608000,-0.007244286,-0.002145515,-9.797884,0.00089118077,-0.000643065,-0.00094297726
24612000,-0.0052014426,-0.007033496,-9.801046,-0.00014112552,9.452084e-05,-0.0009556544
24616000,-0.0021402633,-0.0075486857,-9.792141,-1.7232702e-05,0.0009353474,0.00011264274
24620000,-0.0012351893,-0.003950832,-9.799976,-0.0012655352,0.00032064965,-0.00033288685
24624000,-5.780103e-05,-0.0035743383,-9.803547,-0.0017002459,-0.00047612214,-2.0773768e-05
24628000,-0.0026175254,-0.00088238204,-9.800671,-0.0003802994,-0.0009036948,0.0005822148
24632000,0.0006243461,0.00024730293,-9.805122,-0.0011773967,-8.990996e-06,-0.00037626177
24636000,-0.00059919106,0.0008099066,-9.812719,-0.001337625,0.001324419,-0.0006542755
24640000,-0.006261204,-0.005240847,-9.806583,-0.00024941433,0.0011311031,-9.8314464e-05
24644000,-0.0015157254,-0.009219069,-9.805031,0.0006135291,-0.0003181184,0.00038309593
24648000,-0.00041504606,0.0013862604,-9.803453,0.0014369604,-0.0011844896,0.00023042785
24652000,-0.001720323,0.008268842,-9.800755,1.5037413e-08,-0.00060010055,-8.0915226e-05
24656000,0.0010196296,0.001825456,-9.804554,-0.0010610893,0.00018407773,-0.0003127593
24660000,-1.3930041e-05,-0.0028207826,-9.79507,-0.00031978762,-0.00017434916,-0.00010146441
24664000,2.5592835e-05,-0.0027893817,-9.7890835,-0.0002632302,-0.00059821235,-0.00059361284
24668000,0.00661188,-0.004372406,-9.799438,0.00015265319,-0.00014056018,-0.00077670015
24672000,0.011123216,-0.0041614696,-9.806166,-0.00052287034,4.2655167e-05,-0.00035427223
24676000,0.004478992,0.0043794145,-9.799499,-0.0011303627,-0.00041533046,0.00019740213
24680000,0.0043028495,0.005811956,-9.794779,0.00068451196,8.281163e-06,8.537566e-05
24684000,0.006355341,-0.004811432,-9.793716,0.0015130022,-5.1530293e-05,7.753668e-05
24688000,-0.00145424,-0.00021736456,-9.797481,0.0006617253,-0.00085018715,0.0008398131
24692000,-0.0018678107,-0.0024198687,-9.798244,0.0004977238,-0.00013635131,0.00047998168
24696000,0.00074259477,-0.010116549,-9.795313,0.0007042875,0.0005744255,-2.005543e-05
24700000,-0.0074707945,-0.0075951247,-9.793507,0.00081697013,0.0004906184,-0.0002804308
24704000,-0.0024582949,-0.00853082,-9.800606,8.4321946e-05,0.00022946365,-0.00011958808
24708000,0.004701377,0.0005520985,-9.804661,-0.00026938,0.00038555881,-5.991889e-05
24712000,0.0068394397,0.00287871,-9.799072,0.00044913706,-0.00019465675,-0.0007020183
24716000,0.0067041107,0.005776656,-9.795042,0.0002841123,-0.0002696647,-0.00072585745
24720000,-0.0027360974,0.002261213,-9.797816,-0.0009570672,1.7102431e-05,0.00049243076
24724000,-0.008650655,-0.0020323314,-9.801813,-0.00183931,-0.00045854674,0.0005540052
24728000,-0.007586049,0.0036138836,-9.800716,-0.001131409,0.0009438199,0.000587025
24732000,-0.001818907,0.0011193187,-9.794544,0.0002779926,0.00053465803,0.0005826629
24736000,-0.0019550987,0.0047507547,-9.785734,0.0008276765,0.00021683147,0.0005688647
24740000,-0.007346126,0.002714813,-9.793188,0.00022770841,0.0009950742,0.00020349899
24744000,-0.0043252828,-0.003196638,-9.799489,7.941974e-05,-0.0002080454,-0.00075466884
24748000,0.0015736191,0.0020418903,-9.79966,4.9296996e-05,-0.0007794874,-0.00058228965
24752000,0.00017587305,0.0021143383,-9.800472,-0.0005946512,-0.0005554364,8.737728e-05
24756000,0.0033012326,-0.0037338699,-9.800613,-0.00055613543,0.00023373429,0.0003064424
24760000,0.005040866,0.0020031813,-9.799778,-7.771564e-05,0.0004114607,-0.0004042375
24764000,-4.473736e-05,0.0074650086,-9.797252,0.0002004067,0.00032569934,-0.00028225678
24768000,-0.0017184594,0.005605193,-9.797163,0.0006859481,-0.00046292474,-0.0002589749
24772000,-0.006239679,0.006685682,-9.7953825,0.0003466804,-0.0011025635,-0.00032424487
24776000,-0.008995611,0.0052014487,-9.799843,0.00028810496,-0.00048933784,-0.00020616778
24780000,-0.0029853377,0.0009784602,-9.8036175,0.001065948,-0.00028330926,-0.000698631
24784000,0.0040091593,0.0008795996,-9.798877,-1.50920605e-05,-0.00033692963,-0.00047814785
24788000,0.0003589529,-0.0052369097,-9.80233,-0.00090019696,-0.0004040949,0.00024576238
24792000,-0.008088094,-0.01149393,-9.807739,-7.346414e-05,-0.0005521442,0.0005495672
24796000,0.0006258162,-0.01079376,-9.797665,-0.00031290945,-0.0002672926,0.00016362996
24800000,0.008702288,-0.0041165175,-9.797235,-1.8408837e-05,7.69808e-05,0.0008605185
24804000,0.004817352,0.0024071878,-9.802044,-0.00013902404,0.00070184056,0.00047766435
24808000,-0.000846779,-0.0073876907,-9.800182,-1.9897856e-05,0.00084013696,-0.00030082153
24812000,-0.007336787,-0.004581102,-9.798418,0.0007475948,-0.00075285457,0.00023292837
24816000,-0.011786746,-0.0010413114,-9.797907,0.0012593353,-0.0011335871,-0.00047164518
24820000,-0.005207677,-0.0016575282,-9.801995,0.001470193,-0.00017794356,-0.0006922968
24824000,0.0009984038,-0.00028861366,-9.802074,0.0004852168,0.00044201652,-0.0011916405
24828000,-0.0019250003,-0.002798879,-9.80463,0.00030956723,0.0010036194,-0.0011489491
24832000,-0.0044007897,0.0048705987,-9.806463,0.00095239014,0.0004461017,0.0002573404
24836000,0.000869032,0.0059878416,-9.81215,0.00070468883,0.00030436966,0.0008619077
24840000,0.004213824,-0.0013759005,-9.8046,0.000117071606,0.0014184421,0.0001275321
24844000,-0.0024403706,0.00090550067,-9.797472,-1.9204464e-05,0.0013278744,-0.00045341972
24848000,-0.0040327315,0.006042126,-9.799114,-0.00042727983,0.00075672916,-0.00031219967
24852000,-0.0024624276,0.0009316817,-9.803653,-0.00023095767,0.00033685178,0.0002389651
24856000,0.0017991296,0.0018466788,-9.805486,-0.00047409438,0.00017653435,0.00093568984
24860000,0.0015686855,-0.006957016,-9.801725,-0.0006591772,-0.0007661143,0.0005020647
24864000,-0.0054085366,-0.011641996,-9.799862,2.914119e-05,-0.00097163016,0.00022773248
24868000,-0.0063101007,-0.0015185094,-9.801357,0.00030494403,-9.7257776e-05,0.00026715323
24872000,-0.0045069316,0.0040806676,-9.80986,-0.00029716492,0.0008402082,0.000118539894
24876000,-0.003225863,0.0011427287,-9.804438,4.495408e-05,0.001100947,7.269157e-05
24880000,-0.0027631405,-0.0046023997,-9.802771,0.00038960742,0.00031101864,0.00012062694
24884000,-0.006279956,0.0010427482,-9.805343,0.0006880665,0.00058309594,-0.0005474339
24888000,-0.0067261057,-0.0021809868,-9.803001,0.0007769069,0.00048908166,-0.0004898922
24892000,-0.0071619237,-0.0057451413,-9.797946,-0.0007240294,-0.0004293441,0.00057362404
24896000,-0.008342069,-0.0006578541,-9.79876,-0.001357847,-0.00084575574,-0.00013105219
24900000,0.000513752,0.00019972598,-9.810441,-0.0010862277,5.8476206e-05,-0.00030032356
24904000,0.004032522,0.00072776986,-9.808981,-0.0006879522,0.0004177192,0.0003188073
24908000,0.0037600799,0.0079238145,-9.798921,-0.00014944539,0.00030960474,-0.0006115922
24912000,0.0068994686,0.008098326,-9.801969,0.0008145234,-0.00017235806,-0.00019405215
24916000,0.0028789595,-0.0012584606,-9.79966,0.00041317075,-0.000765569,5.802993e-05
24920000,0.0022359574,-0.000120921795,-9.79109,-0.00023659958,-0.0004761755,-0.001240744
24924000,0.0021847233,0.0041151196,-9.791674,9.35234e-05,0.0002056547,-0.0009508226
24928000,0.0014323257,0.0017285326,-9.796249,-0.00033642983,8.5167085e-05,-9.130666e-05
24932000,0.0020482515,-0.0026658964,-9.805792,-0.0007344946,-0.00028759232,0.00018190003
24936000,0.003561835,-0.002436884,-9.809912,-0.00014040779,1.51179975e-05,0.00044208876
24940000,0.004992757,-0.00142749,-9.804546,0.00068803417,-0.0006534794,4.3412848e-07
24944000,0.006567153,-0.0009466761,-9.802607,0.0010818338,-8.287037e-05,-0.00047671163
24948000,0.004248356,-0.0013766331,-9.799522,0.00057233684,0.00052394293,2.0997413e-05
24952000,0.004375101,-0.005984299,-9.801491,-6.059031e-06,-0.00026839605,0.00039037745
24956000,0.005067875,-0.005845321,-9.810412,-0.00021643327,0.00013741435,0.000618488
24960000,0.0037321968,-0.004545839,-9.811861,-0.00024766105,0.00042714845,0.00033846675
24964000,0.0027796282,-0.0013046461,-9.8059,-3.9640785e-05,0.0002128439,0.00022512046
24968000,-0.003994234,0.004684403,-9.800329,-0.0005464149,0.00069593516,0.00033125072
24972000,-0.0038632797,-0.0014707475,-9.800619,-0.0008188947,0.0009196127,2.580765e-05
24976000,-0.0040945574,-0.005011968,-9.798962,0.00010935773,-0.0005442611,0.00012722424
24980000,-0.009408257,0.0046996004,-9.800469,0.00044316845,-0.0012620983,-0.00042983104
24984000,-0.0068782712,0.007613604,-9.801365,-0.00067155913,-9.340306e-06,-0.0009256822
24988000,-0.0037358142,0.0053857635,-9.800787,-0.0016031134,0.00026497702,0.00018332874
24992000,-0.0031604464,-0.00097181794,-9.803665,-0.0009872998,0.0006166889,0.00019677314
24996000,0.002326787,-0.0038237171,-9.803219,-0.000681443,7.402137e-05,-0.0014751733
25000000,0.0021322325,-0.0013104994,-9.797062,-0.0008890263,-0.00041000196,-0.00020389084
25004000,-0.0011787007,-0.0016624132,-9.796289,-0.0005463044,0.000490029,0.00189138
25008000,-0.0007897391,-0.0027612715,-9.79894,0.00027046027,0.00022236884,0.0014096276
25012000,0.0025694547,0.0011603564,-9.795855,-9.724555e-05,9.156496e-05,0.0007350604
25016000,0.0027387054,0.005850536,-9.795801,0.00022743756,3.9335086e-05,0.0004048419
25020000,-0.0032576907,0.00084722106,-9.798944,0.000690795,0.00013494006,0.0007188709
25024000,-0.0025876937,-0.0011074096,-9.801132,3.014329e-05,-0.00084619684,0.00073827704
25028000,-4.8829483e-05,-0.002896095,-9.799665,-0.00022153278,-0.0017293638,0.0001789258
25032000,-0.001979865,0.0011301328,-9.797827,-1.1194381e-05,-0.0009749992,-5.3648957e-05
25036000,-0.0034943062,0.0041830153,-9.797045,0.0010556994,-0.0006109639,-0.0010050505
25040000,-0.009819825,-0.0013509113,-9.799453,0.0005271928,-0.00050394004,-0.0008365531
25044000,-0.0058157146,-0.0023760488,-9.805245,-0.0006639354,-8.928268e-05,-0.00015527652
25048000,0.0071148593,-0.0045067025,-9.805526,-0.00018924891,-8.039274e-05,-0.00028026503
25052000,0.004076004,-0.003951206,-9.802584,0.00025041855,-0.0004879535,-9.454587e-05
25056000,-0.000635272,-0.006849693,-9.7955675,0.00022533265,-0.0006636811,9.411112e-05
25060000,-0.001287662,-0.008762244,-9.790028,0.0004506436,-0.00048368616,0.001725169
25064000,-0.0048418064,-0.0011492961,-9.799915,-0.0005412228,0.0001600404,0.0010288194
25068000,0.0035685247,0.0006000892,-9.8031845,-0.000595372,-0.00026900563,-0.00074555614
25072000,0.0064568133,-0.0014141743,-9.798671,-0.0002610466,5.4775228e-05,-0.0012760906
25076000,-0.0015023369,-0.0017720463,-9.800139,-0.0011755371,-7.3871847e-06,-0.00037025227
25080000,-0.0029154185,0.00083187514,-9.800852,-0.00096057024,-3.713706e-05,0.0006522684
25084000,-0.0025769048,0.0065608337,-9.80118,-0.00019036823,0.0003247093,-0.0006309621
25088000,-0.0050969697,0.005308102,-9.805385,-0.00038480535,0.00083536847,-0.000951956
25092000,-0.004758643,0.002231767,-9.802906,-0.0007430016,0.0011477689,-1.6636019e-05
25096000,-0.0054644877,0.0049595744,-9.799791,-0.0007044227,0.00016635652,5.3676333e-05
25100000,-0.008927114,0.003845932,-9.797207,-0.00092122005,-0.0005080829,0.00024359474
25104000,-0.0020857286,0.0033047611,-9.794492,-0.0005488788,-0.0005938751,0.00030001145
25108000,6.0557155e-05,0.0006990616,-9.791719,2.3150169e-05,-0.00016916532,1.4710565e-05
25112000,-0.005946369,-0.003723597,-9.800383,-0.00019060053,-0.0004157081,0.00029293215
25116000,-0.0035058002,-0.0059170118,-9.807466,0.00024406493,-0.0002304745,0.00039662796
25120000,-0.0005221316,-0.008846843,-9.805887,-0.00035586712,0.00010378508,-1.5701915e-05
25124000,-0.0021720785,-0.0034065642,-9.8052225,-0.0008494377,-0.0001930296,0.0001623737
25128000,-0.002641031,0.005554303,-9.795179,-4.8703303e-05,0.0001542979,-0.00033356276
25132000,0.00030598976,0.007957725,-9.796521,-0.0004977019,0.00043552215,-0.0006881763
25136000,0.0019881413,0.005955365,-9.802132,-0.0007127688,-0.0005902003,-0.0006661006
25140000,-0.0029115686,-0.0053434516,-9.801842,-8.513876e-06,-0.00084438093,-0.0004255351
25144000,0.0016961356,-0.005031162,-9.801075,0.00059588754,-0.0006528773,0.00049869186
25148000,0.003856012,-0.00047837323,-9.800243,0.0005710567,-0.001227415,0.0001769486
25152000,0.0014520746,-0.007831222,-9.798619,0.00011727186,-0.00042921628,0.00021715176
25156000,0.0024731643,-0.0032327939,-9.797821,-0.00011102181,0.00081070955,0.0003746
25160000,0.0018650328,-0.0017978083,-9.792934,0.00060925103,-0.00018123286,-0.00028278274
25164000,0.0054729395,-0.0010513426,-9.789564,0.0012549269,-0.00015473303,-1.830941e-05
25168000,0.0032379057,-0.0025786427,-9.791444,0.0003054266,0.0005835342,0.00019462059
25172000,0.000873838,-0.006074967,-9.795771,-8.5005864e-05,-0.00044725667,-0.0007230759
25176000,0.00011877368,-0.0015401739,-9.803551,-0.0003784624,-0.00037872608,-0.0012116735
25180000,0.0009260259,-0.00328048,-9.80394,-0.0003897902,-0.00011503691,-0.00044369837
25184000,0.002581783,-0.0044261664,-9.804066,0.00046341855,-0.000930871,0.00069226313
25188000,-0.003727592,-0.00090117607,-9.802277,-5.0974704e-05,-0.0012679922,0.0006129253
25192000,-0.0038146838,0.00032317228,-9.803547,-0.0004955802,-0.00043467834,-0.00015457848
25196000,0.0029944042,-0.0014747998,-9.805447,-0.00024955728,0.00020923879,-7.303044e-05
25200000,0.0013079906,0.0017102804,-9.803864,0.00018839451,-0.00012879545,0.0009510602
25204000,-0.0025387893,0.008228147,-9.795757,-3.1928514e-05,0.00027524136,0.00095102325
25208000,-0.00209621,0.0028865072,-9.792229,-5.8127393e-05,-7.430522e-05,-0.00047744464
25212000,-0.00018896002,-0.0009671086,-9.801729,-0.00023557754,-0.00064260844,-0.0009956069
25216000,-0.003426164,0.002774604,-9.804177,-0.00031567624,-0.00031544076,-0.00022995741
25220000,-0.002385252,0.00014993084,-9.797979,-3.8996688e-05,0.00012282925,0.00010416053
25224000,-0.00066917425,-0.0039697154,-9.795971,0.0005550848,0.00028914612,0.00040964782
25228000,0.003225124,0.001944265,-9.7997265,0.0005082487,0.00017266592,0.00033950334
25232000,-0.0012400567,0.0015536242,-9.799018,-0.00044904044,0.00016576127,-0.00023268498
25236000,-0.0050648716,-0.0027624143,-9.799395,-0.0003473063,-7.3631185e-05,-0.00039528916
25240000,-0.00018814046,0.0012126602,-9.792273,-0.00034552725,0.00039386173,-0.00015570817
25244000,0.0029013145,-0.003068873,-9.795931,4.6286616e-05,0.00034863583,0.00016786881
25248000,0.004637977,0.0028342295,-9.807091,0.0002447902,-6.9442694e-06,0.00020657151
25252000,-0.0022830497,0.0042414847,-9.80382,-0.000104608676,-0.00018900089,0.0002778781
25256000,-0.0026650561,-0.0029844437,-9.799992,0.0004624965,-0.00028503835,6.6801455e-05
25260000,-0.002884343,-0.0050300006,-9.79745,0.00067378354,0.00059737364,-0.00058712973
25264000,-0.0036315394,0.0044337953,-9.80361,0.00020266458,0.0008269792,-0.0011008051
25268000,0.0009208139,0.010321711,-9.810589,-0.00022861449,0.00035329285,4.6622627e-05
25272000,0.008183306,0.0020560676,-9.803741,-0.00034596125,-0.0001452586,3.5094447e-05
25276000,0.0052823606,-0.004295704,-9.801778,-0.00049902435,-0.00016573678,-0.00037577623
25280000,-0.0063983463,-0.005892555,-9.801363,-0.00023377893,0.0006292482,0.00084158377
25284000,-0.0023833534,0.00021927699,-9.803522,0.00089837675,0.00022888281,0.000622279
25288000,-0.0036881666,-0.003770281,-9.803898,0.0009445859,0.00012645633,0.00039423382
25292000,-0.0033778506,-0.0132860895,-9.800896,0.0006916084,0.0001789019,0.00020412334
25296000,0.0022528418,-0.004096014,-9.798473,-2.8724244e-05,0.00032515966,-0.00033163265
25300000,-0.0020671445,0.009918853,-9.796864,1.0949716e-05,0.0008505754,2.3400333e-05
25304000,-0.00018727794,0.0045583337,-9.805853,-0.00047887664,0.0011537267,0.00023973592
25308000,-0.0014506457,-0.006404603,-9.806717,-0.00064008066,0.00047169172,0.00021200185
25312000,-0.003985394,-0.009410243,-9.806273,8.8559376e-05,-0.001093758,-0.00025127322
25316000,-0.0024941424,-0.0021267806,-9.805336,-0.0003751861,-0.000551064,-0.000993819
25320000,-0.0021765137,0.0039047163,-9.803274,6.054079e-05,-0.0001796256,4.4927176e-05
25324000,0.00037179556,0.005296371,-9.798412,0.00053137605,-0.0014826205,-0.00010122404
25328000,-0.0012917682,0.0029589264,-9.798897,-0.00028583632,-0.0013861101,-0.0004824551
25332000,0.000101929545,0.0052108373,-9.801357,-0.00060566334,-2.8706778e-05,-0.0004129727
25336000,0.008168269,0.010209534,-9.795004,-0.00014930902,0.00076096825,-0.0013192365
25340000,0.013227199,0.0055817747,-9.797585,-0.00037495873,0.0009730273,-0.0011793883
25344000,0.008882037,-0.0060428376,-9.799145,-0.00028323266,0.0007528561,0.00011665994
25348000,-0.0013840115,-0.002945883,-9.79977,-0.00021872506,-0.00023074092,0.00069120515
25352000,4.885695e-05,0.00662303,-9.805407,-0.00011572769,-0.0014510257,0.00011042697
25356000,-0.0010825647,0.00012876006,-9.794844,0.0009379277,-0.0007882717,6.460252e-05
25360000,-0.0019608925,-0.005372516,-9.788334,-0.00025111187,-0.00010374878,0.00038778744
25364000,-0.002330322,-0.007544434,-9.798023,-0.0011287368,-0.0004356755,-0.00041582325
25368000,-0.005063727,-0.0107064,-9.802369,-0.00041340265,-0.00043018887,-0.0010656146
25372000,-0.00067570235,-0.0069038253,-9.802918,-0.00037471938,0.00029613453,-0.0002602085
25376000,0.001954991,-0.004195412,-9.797628,0.00021969723,0.00025925162,-3.7033524e-06
25380000,0.0025129223,-0.0045514414,-9.795896,-0.00028884664,-0.0004567745,-1.5537898e-05
25384000,0.0030061745,-0.0039241826,-9.794203,-0.00073037617,-0.00011085158,-0.0007732597
25388000,0.0065653473,0.0010413942,-9.801007,-0.0001051897,0.00033584188,-0.0010794528
25392000,0.0082415575,-0.006662376,-9.805826,-0.00049101375,0.0007890094,0.0005433119
25396000,0.004607017,-0.010472985,-9.799789,-0.00078575616,8.441754e-05,0.00079869037
25400000,0.004631164,-0.0025644193,-9.803975,0.00022904247,-0.00027070142,-2.330379e-06
25404000,0.0019431798,-0.0033353958,-9.80426,0.0013011621,0.00033124947,-0.00037299583
25408000,0.0016565641,-0.0003259565,-9.795885,0.00033357518,0.00022216995,-5.228049e-05
25412000,0.00069878995,-0.00046143992,-9.796568,-0.0005802332,-0.00038852464,0.00028283
25416000,-0.005351154,-0.0002026185,-9.804372,-0.00017999182,-0.00039563637,0.0007358884
25420000,-0.007822849,0.003442739,-9.805202,-0.00081905135,-0.00051502185,0.0004003245
25424000,-0.008640702,0.0054509756,-9.797453,-0.0013686555,-0.0010501387,-0.00035854886
25428000,-0.001641988,0.0027088842,-9.7905445,-8.892031e-05,-0.0012214677,0.00027157378
25432000,-2.6947822e-05,-0.00079927256,-9.793661,6.143164e-05,-0.00040501685,-9.141069e-05
25436000,0.0011229401,-0.010650925,-9.806757,-0.001047499,0.00014861443,0.0001540491
25440000,0.0030486973,-0.006282409,-9.8077755,-6.870413e-05,-0.00070195436,0.00049642794
25444000,-0.00021472026,-0.0014252199,-9.804237,-0.000113151145,-0.00016441346,1.7568489e-05
25448000,-0.0013440761,0.0011168576,-9.801527,-0.0004775109,-4.0663792e-05,-0.00016434523
25452000,0.0043586553,0.0040845913,-9.796194,-0.000336486,-0.00052318687,0.00018291101
25456000,0.010285944,-0.006740193,-9.800314,-0.00037646838,-8.85177e-05,0.00071205077
25460000,0.008251719,-0.00828024,-9.810979,0.0004248153,0.0002834645,0.0005759424
25464000,0.003965696,-0.0077100503,-9.811065,-0.00043284238,-0.00015245096,0.0005095194
25468000,0.00031387425,-0.00010045412,-9.803557,-0.0011206552,-0.0004449431,0.00017632153
25472000,0.0033043788,0.0020833758,-9.801683,-0.0008040882,-5.4840657e-05,0.000333271
25476000,-0.0011567511,0.0029929224,-9.804085,-0.00027162026,0.00072226493,0.00016644657
25480000,-5.5071905e-05,0.008767819,-9.806786,-5.6556168e-05,0.0001500659,-0.0002603826
25484000,0.0016701338,0.008212413,-9.805048,-0.00033528052,-0.00017475613,-0.00018531825
25488000,0.001052991,0.0033821708,-9.799459,8.189077e-05,0.000882628,0.00023408263
25492000,0.0056869173,-0.0036775195,-9.790814,0.0011160624,0.0008025611,-0.00013332265
25496000,0.004711304,-0.0038314501,-9.7974,0.0019695463,-8.188413e-05,-0.00073105376
25500000,0.0005520565,9.100917e-06,-9.800289,0.00054481847,-0.00073853583,7.4154224e-05
25504000,0.0024243675,0.0011943618,-9.801893,0.00017440699,-0.00030146653,0.00046666173
25508000,0.007641141,-0.0019136196,-9.804271,0.00073230884,-0.00022141497,0.00024009969
25512000,-0.00066343765,-0.003371175,-9.803869,1.6604303e-05,-0.0009407982,0.00042513022
25516000,-0.0035202375,0.005375741,-9.807564,0.00021984799,-0.00022973192,0.0011121171
25520000,0.0007487543,0.007078996,-9.802315,0.0003899007,0.00047807454,0.0013327227
25524000,-0.0039041701,-0.0011638688,-9.798113,0.0005403075,-0.00013107776,0.0005577573
25528000,-0.0071874484,-0.001594721,-9.797251,0.00073257106,-0.00019232623,-6.2761916e-05
25532000,-0.001937359,-0.0009127808,-9.798442,0.00064624625,0.00017206588,8.3474144e-05
25536000,-0.0010510926,-0.0022751528,-9.807778,0.0015596624,0.00031255538,0.0005434513
25540000,-0.004527428,-0.0049811723,-9.803108,0.00096807175,-0.00045840786,0.00058009435
25544000,-0.0019196582,-0.005589822,-9.800005,-0.0003902778,-0.0011207103,0.00045328628
25548000,0.0025140587,-0.004341263,-9.803156,-0.00013049727,2.8360486e-05,-0.0001405178
25552000,0.0005875201,-0.0030722737,-9.798001,-8.1778206e-05,0.0011444278,-0.0011066145
25556000,-0.0043052062,-0.0036039606,-9.803958,-0.00063631916,0.0002952784,-0.00094597216
25560000,-0.0066193077,0.0018666722,-9.805352,-0.0006429389,0.00029559835,-0.00027561595
25564000,-0.004216523,0.0015394051,-9.798298,0.00071069814,0.0009445549,0.0002893519
25568000,0.0017901957,6.152566e-05,-9.800558,0.0017526831,5.4398257e-05,0.00081903953
25572000,-0.0032195873,0.0043697855,-9.807066,0.0012988875,0.0003094001,0.00046934234
25576000,-0.007961949,0.005259712,-9.803315,0.00071176037,-0.00012828574,-0.0004812768
25580000,-0.0053532543,0.005974201,-9.802447,0.00082453666,-0.00014426562,2.8218114e-05
25584000,-0.008784252,0.006856346,-9.805951,0.00028816902,0.00013273455,0.0009736317
25588000,-0.005640487,0.0032453816,-9.800364,5.3584412e-05,0.00012607506,-0.00025584392
25592000,-0.0026333875,-0.0012533036,-9.795158,0.00029008085,0.0017267318,-0.0016500052
25596000,-0.006475905,-0.0031589179,-9.802984,-0.00017963577,0.0020031978,-0.00116698
25600000,-0.007782998,0.0009747754,-9.809196,-0.0010627725,0.0015482297,-0.0002212062
25604000,-0.010906283,0.0048007914,-9.80386,2.985767e-05,0.001215475,0.00069844985
25608000,-0.0061720423,0.0013017716,-9.805261,0.0008459265,0.0012828106,0.0016291841
25612000,0.0012986374,0.0076519884,-9.8046665,-3.6712696e-05,0.00047303125,0.0003472973
25616000,0.002463628,0.006756138,-9.798222,0.0010042426,-0.00039794407,-0.0005463714
25620000,0.0017217927,-0.002205072,-9.7995825,0.0008540893,-2.3775783e-05,-0.0008258493
25624000,-0.0059570107,0.0029849417,-9.801214,0.00017041356,-0.000649185,-0.0007199545
25628000,-0.0046124295,0.004508875,-9.801205,0.00082920486,-0.00045442054,0.00022825538
25632000,0.0031088423,0.006623027,-9.799644,0.00043404748,0.001314181,0.00029426915
25636000,0.00116617,0.009302375,-9.797288,-0.0002360542,0.0006765655,0.000271875
25640000,-0.0020897076,0.00070396974,-9.794697,-0.0007131344,-0.00038597445,-9.6535085e-05
25644000,-0.003599186,0.000118615535,-9.79582,-0.00039403373,-0.00048897316,0.0003130997
25648000,-0.009243902,0.0012859028,-9.797011,-0.00037023085,-9.0961e-05,0.0005948549
25652000,-0.0071949027,0.0026851888,-9.802554,-0.00035164255,9.4268216e-05,0.0006366014
25656000,0.0007435862,-0.0063123205,-9.802321,0.0006515178,-0.000557206,0.00091861543
25660000,-0.0011238575,-0.0139493225,-9.797596,0.00057003595,-2.5600533e-05,0.00093267136
25664000,-0.003307464,-0.010381766,-9.800163,-0.00012467366,0.00044746947,0.00017620386
25668000,0.0009590188,-0.011323798,-9.800414,-0.00016978466,-0.0008145836,-0.00012270865
25672000,0.0021367816,-0.0066391486,-9.797991,0.00044861392,-0.0010786301,-0.00012411286
25676000,5.7916543e-05,0.002558241,-9.799635,0.00036656368,0.00045123848,-0.00042541
25680000,0.0064027878,-0.00042355302,-9.803625,-0.000117002695,0.0003318736,-0.00042757753
25684000,0.01142215,-0.0057130065,-9.798239,-0.0012263252,0.000464471,0.00016072838
25688000,0.0014429286,-0.003172005,-9.801115,-0.0012272032,0.0015332157,0.0010709396
25692000,-0.0143642435,-0.0016902884,-9.801278,-0.0003726521,0.0009670944,-2.533397e-05
25696000,-0.0038045011,0.0018017432,-9.799509,-0.00035623234,0.00012214563,0.0003845045
25700000,0.007901432,0.004964084,-9.80645,0.00018596706,0.0006780223,0.001667257
25704000,0.0009024808,0.0057110633,-9.802927,0.00072836294,0.000117896416,0.0015117029
25708000,-0.0025871426,0.0005864572,-9.794215,0.00021635626,-0.00050087424,0.0011617055
25712000,-0.0017388336,-0.002440463,-9.795021,0.00016999825,-2.2608716e-05,0.00014929681
25716000,0.0072207865,0.0016251199,-9.79719,0.0008557402,-0.0006061525,0.0002621037
25720000,0.005161172,0.004628711,-9.791394,0.00010757064,-0.0002194167,-0.000109348366
25724000,0.001967194,0.005008667,-9.794848,-0.00045968295,-0.00019868543,-2.4133817e-05
25728000,-0.0020471846,0.0043046107,-9.804079,0.00037255976,-0.00040241567,0.0006278829
25732000,-0.0042385748,0.0045560747,-9.808836,0.0006441844,-0.0006148674,8.000175e-05
25736000,-0.0047788713,0.00530942,-9.805584,0.0004897475,-0.00080140744,0.00012690638
25740000,-0.0070536076,0.00165771,-9.799261,0.0003418896,-0.00018380515,-0.00033195066
25744000,0.0008785218,-0.0069041676,-9.799955,9.982836e-05,-6.66307e-06,0.00015129146
25748000,-0.0010364533,-0.0022012352,-9.803587,0.00036072545,0.00014049895,0.00058829965
25752000,-0.0024163285,0.0036963797,-9.801519,-0.00017686927,-0.00028874882,-0.0002464569
25756000,-0.001646023,-0.004989606,-9.7879715,0.00024266487,-0.0010631348,-3.54737e-06
25760000,-0.0035220534,0.00050305965,-9.798517,0.0005663505,-0.0018636889,0.0001232164
25764000,0.0015266212,0.0131004015,-9.80768,0.00029719487,-0.0005504835,-0.0010402985
25768000,0.0041490276,0.007991761,-9.800335,0.00040707787,-2.9659452e-05,-0.0015053934
25772000,0.006822356,0.0008075825,-9.805787,5.2337196e-05,-0.00015455674,-0.0008786074
25776000,0.0035137348,0.0032844348,-9.808668,-0.00010322356,0.00017682897,-0.0008061426
25780000,-0.0026321765,-0.0030336035,-9.802114,-0.0007787571,-0.00039591562,-9.274767e-05
25784000,-0.0016896093,-0.0046756864,-9.798822,-0.0008754481,-7.916845e-05,0.00063218834
25788000,-0.0020393748,-0.0057007982,-9.802822,-0.0006947252,0.0006077547,0.00018667121
25792000,-0.005508185,-0.008731389,-9.802725,-0.0006138117,0.0003792177,0.0007990025
25796000,-0.0072386498,-0.0007969653,-9.803382,0.00025290242,-6.72467e-05,0.000971595
25800000,-0.0045979456,-0.0038496782,-9.802446,0.0002072108,0.0002968642,-0.0004258736
25804000,-0.0024601028,-0.008116621,-9.800775,0.0006955986,0.00034016857,-0.0001612137
25808000,0.009295328,-0.0017207416,-9.803223,-0.00016019614,0.00013315669,0.0007553999
25812000,0.007998934,0.0023856894,-9.80264,-0.0016057168,0.000182466,0.00076290226
25816000,-0.0053038336,-0.0022332356,-9.798243,-0.00052007305,0.00012730186,-0.0001165183
25820000,-0.0020603123,-0.0069606383,-9.7966,-0.00017537475,-0.0005052215,-0.0009282757
25824000,0.0057502347,-0.0033363358,-9.799014,0.0004892781,-0.00021004066,-0.00078103563
25828000,0.00504715,-0.00038377594,-9.796427,0.0009846531,-0.0004425009,-8.438572e-05
25832000,0.0066366703,0.0020145737,-9.798174,0.0002216987,-0.00091617927,0.0003179745
25836000,0.00052353286,0.0054373005,-9.804146,-0.0009208959,-0.00024084181,-0.00031920933
25840000,0.0012886431,0.0036765211,-9.797551,-0.001676777,0.00037198348,-0.0010563672
25844000,0.0062441733,-0.005336286,-9.790079,-0.0006924906,-7.30435e-05,-0.00026660407
25848000,-0.005150647,-0.007235053,-9.794348,5.435375e-05,-0.00042312802,0.000505393
25852000,-0.0029071204,0.0046049017,-9.800724,-0.00041539152,-0.0005597888,0.00041131728
25856000,0.0018759437,0.0042251213,-9.798432,0.00052617467,-0.00060009694,0.0003201849
25860000,-0.00038412533,-0.0001456043,-9.799649,0.0007296665,0.00053469336,-0.00047668337
25864000,-0.002601866,-0.004487298,-9.803287,0.00013894866,0.000268241,0.00027362755
25868000,-0.0049168086,-0.007911655,-9.793536,0.000758571,-0.0004097901,0.000697692
25872000,-0.002059882,0.0032484764,-9.794086,0.00061902386,-0.00038940436,-0.00028909405
25876000,-0.0004394248,0.009091058,-9.798304,0.00050245906,0.00025590716,0.00044453188
25880000,-0.003254161,-0.0005414062,-9.795816,0.0004709414,-5.6600096e-05,0.0007434652
25884000,-0.0052088583,-0.0011055098,-9.79958,0.0008024578,-0.0007822125,0.00067384716
25888000,0.0024995264,0.0067383014,-9.8022,0.00097109226,0.0003688911,0.0006296949
25892000,0.0088021215,0.007503773,-9.805715,0.00040004426,0.000308659,-0.000284601
25896000,0.004368514,0.005305686,-9.805344,0.000449508,9.7979915e-05,-0.000797803
25900000,-0.0025645283,0.00412848,-9.799823,0.00064106,0.00021795774,-0.00022404305
25904000,-0.0006758142,-0.0011795501,-9.803474,0.0006882496,-1.6051028e-05,0.0002181606
25908000,0.003655322,-0.0024202764,-9.8020735,-0.00017717147,-0.00023844444,0.0006483015
25912000,-0.0012423939,-0.0010098052,-9.798754,-0.00089959335,-0.00010369299,0.0007446181
25916000,-0.006383898,-0.0035585,-9.805925,-4.8212678e-05,-0.0003067573,0.00040073064
25920000,-0.0013652446,-0.0005512942,-9.804486,6.455771e-05,-0.00027490448,0.0011033772
25924000,0.006572957,0.0045564948,-9.79847,-0.00029265188,0.00055397063,0.00035125104
25928000,0.0040534893,0.011416761,-9.795902,0.00015344126,-0.00020113721,-0.00094282255
25932000,0.0011853109,0.0034225858,-9.792549,-0.00038847502,-7.314869e-05,-0.0010253561
25936000,0.0027947067,-0.0062071043,-9.795116,-0.00030633376,0.00025758872,-0.00050203607
25940000,0.00893742,-0.0040431917,-9.800174,0.0014199166,0.0004919198,0.000110160705
25944000,0.0028704577,-0.0054727932,-9.804031,0.0012234565,0.0006493163,0.00042136607
25948000,-0.0045758453,-0.005814115,-9.80819,-2.1643249e-05,-0.000570715,6.648967e-05
25952000,0.0021720016,-0.0033775729,-9.806984,-0.00011023703,0.00041088375,-0.0005342283
25956000,0.0015306855,-0.0033898666,-9.805573,-0.00016334599,0.0013905184,-0.00025165634
25960000,-0.0061906036,-0.00660085,-9.804192,-0.0003102781,0.0004892319,0.00060265005
25964000,-0.0075460477,-0.0052039586,-9.7983465,7.693007e-06,0.00028275998,0.00024266086
25968000,-0.009526526,-0.0013641577,-9.796909,0.00065403985,0.00052143185,-9.8885495e-05
25972000,-0.010827862,0.0018056952,-9.798733,0.0007201713,0.00083216594,0.00047576957
25976000,-0.0032907238,-0.001312968,-9.792973,0.00026022037,0.0016924575,-5.6780344e-05
25980000,0.0061186487,-0.004783453,-9.803643,0.00025845834,0.0012911599,-0.00032675194
25984000,0.007308365,0.0002674882,-9.806009,-9.000399e-05,-0.00015100418,0.0005868945
25988000,0.007431629,-0.002387082,-9.794878,-0.00039293166,-0.00043194063,0.00043378593
25992000,0.004802723,0.0009344656,-9.802837,-3.2649164e-05,-0.00066500675,0.00024322992
25996000,-0.0014758408,0.0047967536,-9.8035965,-0.00013602387,-0.00055087946,0.00042318253
26000000,0.002773716,0.00055391015,-9.807414,-0.00030128547,5.972821e-05,0.00031951215
26004000,0.004926354,-0.00012859837,-9.809021,0.00020731891,0.00053582044,0.0001139446
26008000,0.00047564492,0.002263914,-9.802807,2.271688e-05,0.0005125396,-0.00086416525
26012000,0.00073750387,0.0026103847,-9.806808,-0.001025385,0.00061183923,-0.0019020494
26016000,0.0019059877,6.3822234e-05,-9.803196,-0.0006593922,0.0008166924,-0.0018663517
26020000,-0.0021870327,-0.000312013,-9.797013,0.0006609691,0.00065625214,-0.00090785185
26024000,-0.00011346351,-0.00095991336,-9.789299,0.0011732797,0.00026525234,0.00060526136
26028000,-0.0008734898,-0.0002591356,-9.797385,-0.00035698497,0.00073096907,0.0004109828
26032000,-0.0066513764,-0.0033215708,-9.799516,-0.0016510447,0.0010394268,0.00012818308
26036000,-0.006168932,0.00220794,-9.800468,-0.0008339496,0.00024113186,0.00078861817
26040000,-0.002541151,0.0120435795,-9.807955,0.00094287476,-0.0008267819,0.00035305068
26044000,0.0066800867,0.0015776989,-9.797514,0.0015548891,-0.00014203101,0.0009013777
26048000,0.010978971,-0.0040332195,-9.795852,0.00036123928,-5.0708236e-06,0.00064528815
26052000,-0.0023091729,-0.0013636653,-9.798295,-0.000117086856,-0.0005527804,0.0010212476
26056000,-0.009539689,-0.0004889794,-9.800438,-0.0005407237,-0.0003217616,0.001073376
26060000,-0.0023174125,-0.000834187,-9.797605,-5.1889447e-06,-0.00053927395,0.0003836718
26064000,-0.0013510727,-0.0018768958,-9.793984,0.0008296976,0.00015036554,0.0010156456
26068000,-0.0014366402,0.003630932,-9.79896,0.0005276078,0.00048074254,0.00074208976
26072000,0.005745849,0.0050201765,-9.795697,0.00012123374,0.00032091045,-0.00019384702
26076000,0.0025502385,-0.0041563734,-9.788339,-0.00042107928,0.00049508107,-0.00024104858
26080000,-0.0022622393,-0.009864613,-9.8028145,-0.0013091395,0.0008272295,0.000426425
26084000,-0.0033755503,-0.0017805889,-9.814883,-0.0008883641,0.0005528948,0.00079251046
26088000,-0.004164361,0.003862846,-9.809364,0.0004920306,-1.2823997e-05,0.00030619514
26092000,0.006502226,0.0065011065,-9.807092,0.0006314721,4.9918428e-05,0.00038015068
26096000,0.009423485,0.004087882,-9.801669,0.0007943751,4.628099e-05,0.0007501774
26100000,0.0074149864,0.0007296106,-9.797934,0.000553756,0.0006897806,0.00034754587
26104000,0.00046792283,0.00076378393,-9.799499,0.0013161573,0.0009951127,0.00014497538
26108000,-0.0030456283,0.0023486738,-9.802956,0.0007021105,0.00015491026,-6.8520945e-05
26112000,0.0021130953,0.0023718313,-9.806976,-0.0008995571,0.00021247605,-0.00032168502
26116000,0.0035671107,0.004905553,-9.803452,-0.00029130123,-0.000107818385,0.00022415732
26120000,0.00048794333,0.0059686922,-9.798884,0.0010573586,-0.0008500122,0.00030973819
26124000,-0.0038613325,-0.0022705018,-9.801846,0.0014249976,-0.0006492847,-0.00013558549
26128000,-0.0018234617,-0.0012164669,-9.802177,-0.00030300408,0.00025670487,-7.105567e-05
26132000,0.0010347206,0.006576305,-9.8046255,-6.2716026e-05,-0.00018945278,-2.6023497e-05
26136000,-0.003280908,0.007822987,-9.803067,0.00026542196,-0.00077438774,-0.00018739725
26140000,-0.005076954,0.0027054928,-9.796434,-0.00075097714,-6.472011e-05,-0.00023042514
26144000,-0.0039736293,-0.0006729773,-9.799627,-0.00047160036,0.00042777264,-0.00030994497
26148000,-0.0048500104,-0.0014111975,-9.799547,-9.2108536e-08,-0.0001588537,-0.00030836998
26152000,-0.0009503311,-0.00052801915,-9.793408,0.00020137893,-0.0008816945,0.0006539709
26156000,-0.00043595186,0.0010610112,-9.7937,-0.00036151096,-0.0003967845,0.001605824
26160000,0.004860945,0.002032041,-9.794577,-0.00045533237,-0.000235177,0.00059739925
26164000,0.0063841017,0.001130545,-9.794307,7.7590565e-05,-0.0005753321,-0.00047094197
26168000,-0.004729904,-0.0021824492,-9.79965,-0.00054089207,-0.00037551354,-0.0003508584
26172000,-0.0013791155,-0.0005297009,-9.802633,-0.0014468993,-0.0001980024,4.218848e-05
26176000,0.0052988874,0.0008927745,-9.8023205,-0.00088140945,0.00032370572,-0.00039974868
26180000,0.0042337505,0.0028587668,-9.801739,8.7768916e-05,0.00042812197,-0.001828124
26184000,-9.32198e-05,0.008273966,-9.802533,5.7694004e-05,-0.00044690934,-0.00087816914
26188000,-0.0026324806,0.005252112,-9.8034725,0.0002333728,-5.3095577e-05,-0.00039330756
26192000,-0.0018523039,-0.004120772,-9.801511,0.0012843369,0.00054356206,-9.9397264e-05
26196000,-0.0025107793,-0.008699345,-9.796872,0.001232873,-0.00039699848,0.00013188798
26200000,0.0007569696,-0.0028139926,-9.800741,0.000565908,-0.0007102043,-0.0008806622
26204000,0.0025257338,-0.0018973498,-9.799266,0.00026684272,0.00021199486,-4.910991e-05
26208000,0.0032548206,-0.0011925366,-9.79503,0.000578675,-1.7674534e-05,0.0005266124
26212000,-0.00039317762,0.0045749513,-9.799687,0.00051351177,0.00021011409,0.00085010764
26216000,-0.009267392,-0.0002967702,-9.801119,-0.0004487592,0.0011921611,0.00038959974
26220000,-0.007219364,-0.005585462,-9.796097,8.493527e-05,0.0005802764,-0.0006027212
26224000,0.0034052886,-0.0026571667,-9.794465,2.7379234e-05,0.00022441117,-0.00081067625
26228000,0.00618075,0.0032104722,-9.803515,-0.00079003,0.00021892296,-0.00063525187
26232000,0.003416079,-0.002986041,-9.808403,0.00026664266,0.00072760135,0.0001497188
26236000,0.0067140646,-0.010217254,-9.803151,-0.0008667859,0.00078456,0.00031429518
26240000,0.0043283645,-0.004085178,-9.7985935,-0.0026838507,0.00020880724,-0.0007786256
26244000,0.005105645,0.003825834,-9.794341,-0.0017047522,2.508648e-05,-0.00049670704
26248000,0.011106586,0.0012430319,-9.789534,-0.0011514758,9.396089e-06,0.00045471804
26252000,0.0048547788,-0.008304065,-9.799265,-0.00029963642,-0.00017531695,-0.00017754902
26256000,-0.0034755224,-0.00900455,-9.805531,0.0005418037,-0.0009419163,-0.0004484943
26260000,-0.005509961,-0.002939337,-9.804331,0.0001908913,-0.00025549327,-0.00041049882
26264000,-0.0019739042,0.00021865405,-9.801763,-0.00019394189,-0.0001162679,-0.00028279956
26268000,0.0012321547,-0.00096761924,-9.800432,-0.0005976598,-0.000682131,0.00092849066
26272000,0.0028980107,0.0014785256,-9.800093,-0.00048368072,-5.2217325e-05,0.0006036224
26276000,0.0053796205,-0.0014366134,-9.798062,-0.00020240937,-0.00018612243,-0.00088416063
26280000,0.0031200792,-0.0052065784,-9.807013,-0.00021374635,-0.00078853004,-0.0005260752
26284000,-0.004474895,-0.001857434,-9.8076515,-6.5052904e-05,-0.00017708052,-0.00032656486
26288000,-0.005602282,0.00392066,-9.799189,0.0003094809,0.0004551574,-0.0002827006
26292000,-0.00054329017,0.00054115354,-9.797747,0.00061256054,-0.00066692784,0.00026993622
26296000,0.0032721173,-0.006705707,-9.800412,-0.0002064778,-0.0013169423,0.00044073537
26300000,0.004705133,-0.0031190705,-9.797966,-0.00045803582,-0.0007681661,-0.0001957595
26304000,-0.0032655713,-0.0066963164,-9.797589,-0.0005803992,0.0004715019,-0.00026037253
26308000,-0.0027537034,-0.005788879,-9.80079,0.00015635882,0.0004025368,0.00041734392
26312000,0.00046924996,0.0019154018,-9.803539,-0.00048144464,-6.6636065e-05,-7.644848e-06
26316000,0.0021665033,-0.0035341054,-9.805904,-0.0009381141,0.00034242455,-0.00036258015
26320000,0.009052879,-0.0072723376,-9.806587,0.00018253869,-0.0006828438,0.0003437398
26324000,0.0034342506,0.0020100418,-9.796255,-0.00016211046,-0.0011154319,0.000516364
26328000,0.00051069295,0.007232223,-9.7901745,0.00024151396,-0.00022121434,-8.231791e-05
26332000,0.0007809723,0.0071946005,-9.803529,0.00038967325,-0.00011335712,0.00019989983
26336000,0.00069575594,0.0034399538,-9.8071785,0.00034562073,-0.0006503191,0.00011737954
26340000,0.0026000235,-0.0019591227,-9.800636,-0.0002947725,-0.0009374024,-0.0006141703
26344000,0.0071407133,0.0010654462,-9.803438,-0.000720141,-0.0010267982,-0.0002392261
26348000,0.0061070602,-5.0492796e-05,-9.806345,0.00020882244,-0.000405834,-0.00011574586
26352000,6.93754e-05,-0.003854429,-9.801084,-5.527618e-05,0.00013931337,-0.00020171703
26356000,0.002005755,-5.236045e-05,-9.799664,0.0002075894,-1.6820492e-05,0.00023675944
26360000,0.0034150367,-0.0022292784,-9.79846,0.00039328125,0.0003400944,0.00034177053
26364000,0.0019322386,-0.004284334,-9.794184,0.0012506056,0.00022497434,-0.00032977108
26368000,-0.0010780827,-0.0068872627,-9.799202,0.0005750061,2.331458e-05,-0.0008757392
26372000,-0.000253333,-0.008163187,-9.801862,-0.00044644505,-0.00013929256,-0.00016851549
26376000,0.0033211887,0.0011991692,-9.799574,0.00092409074,-0.00011796093,0.0007913709
26380000,0.0066954475,0.0034703088,-9.804958,0.0005846614,-0.00014589725,0.00058582
26384000,0.0029660314,0.0049528964,-9.80575,0.0005008541,-0.00016252471,-0.0009097235
26388000,-0.00085830817,0.0060934485,-9.801575,0.0008858707,0.0004225855,-0.00071159704
26392000,-0.004524376,9.7947e-05,-9.806601,0.00044798403,0.0009838246,-5.0528895e-05
26396000,-0.009308524,-0.005858377,-9.80403,-3.5728885e-05,5.117263e-06,-0.00066147774
26400000,-0.0078088976,-0.0042583304,-9.807127,-7.980442e-05,-0.00039340556,-0.0011258377
26404000,-0.009668434,0.0016139315,-9.812335,-0.00057101686,0.0008752436,-0.00070037815
26408000,-0.008371204,-0.0003116663,-9.803528,-0.00019869742,-0.00010648288,-0.00016754438
26412000,0.0005424556,-0.0022345488,-9.794886,0.0013290301,-0.00025915174,-0.0003209367
26416000,-0.0021605093,-0.00066344824,-9.794184,0.0012648926,0.0004426574,-4.875126e-05
26420000,-0.0028811775,-0.006265506,-9.800892,0.00033200177,0.00057876995,-0.00070328027
26424000,-0.0011626391,-0.0095791705,-9.80215,-0.00030429158,0.0010025495,-0.0006975921
26428000,-0.0047893403,-0.0041159084,-9.805851,-0.0005581657,0.0006830545,0.00041456468
26432000,0.0010072555,0.0048997826,-9.805119,-0.00046641394,-0.00043114857,0.0007115592
26436000,-0.0012064788,0.004834219,-9.805501,-0.000280405,-0.0002453873,0.00033027524
26440000,-0.010958744,0.0021153628,-9.80602,-0.00040628208,0.00045265397,-0.0001984657
26444000,-0.0068230825,0.0017454398,-9.800211,-0.00062305585,8.298912e-05,-0.00068348815
26448000,-0.0027146572,0.004068899,-9.799257,-0.00017521386,-0.0001456399,-7.007272e-05
26452000,0.00091868336,0.0073072677,-9.794289,0.00041270745,-0.0006462615,9.990519e-06
26456000,0.0046068914,0.0012304124,-9.789791,0.0008770195,-7.464632e-05,-0.00068504974
26460000,-0.0009431084,-0.00042874023,-9.798578,0.0008930133,0.0008200696,-0.0009921811
26464000,0.0029177133,0.00072767923,-9.800203,0.00048802918,0.0005794868,0.00023518337
26468000,0.00034922035,-0.0025554898,-9.797398,-0.0006000252,0.00019967128,-8.488583e-05
26472000,-0.0047928244,-0.00026184268,-9.799116,-0.0008009137,-0.0005100401,-0.0007664647
26476000,0.0033763393,0.0029904987,-9.796316,7.5794596e-05,-0.00046336887,0.0008290586
26480000,0.0032464194,0.0024172657,-9.798377,0.00043197206,0.00067049405,0.00023324623
26484000,-0.0054206885,0.00089042715,-9.801064,0.0007024172,0.00031293687,-0.0006152255
26488000,-0.005952142,0.0014532108,-9.794191,0.0010423315,-0.00076661503,0.00013511511
26492000,0.00065342756,0.009765611,-9.798934,0.0012049808,-8.2114704e-05,0.00018329598
26496000,-0.0016496624,0.0063726925,-9.803559,0.00025134865,0.00057872164,-0.00080227107
26500000,-0.0053948956,-0.0050441613,-9.797162,-0.0002116717,0.001549657,-0.0003676474
26504000,0.0034860424,-0.0036148985,-9.800741,0.0006543508,0.0013755565,0.0002584394
26508000,0.0018145072,0.004546155,-9.805487,-0.00016383232,-7.238346e-05,0.00027278755
26512000,0.0013038171,0.0026453165,-9.804245,-0.0014034731,-0.0005504893,3.8262755e-05
26516000,0.0072866,0.00041706173,-9.7951565,-0.0008727162,-0.0002500507,-5.987726e-05
26520000,0.0042688577,0.002328285,-9.791899,-0.0006004809,-0.00021772816,0.00047563016
26524000,0.00303098,-0.0006426527,-9.796209,-0.00017716138,-0.0005556974,0.0005361746
26528000,0.0034752395,-0.0012129166,-9.798673,0.0010491346,-0.00022127663,-0.00024865835
26532000,0.002385757,0.0031833027,-9.796476,0.00088885357,-0.000607653,6.237405e-06
26536000,-0.00044065446,0.008213096,-9.792206,0.0006331195,-0.0006853134,-9.90444e-05
26540000,-0.0016953262,0.009125239,-9.797212,0.00034021636,-0.00050020224,-0.00023633956
26544000,-0.0014528472,-0.0015615695,-9.796826,0.00030138443,-0.0001702173,0.00024116364
26548000,-0.0037263546,-0.007993315,-9.797295,0.0006545318,-0.00012451562,0.00025250504
26552000,-0.0055329334,-0.0057446035,-9.797131,0.00041294482,-0.0008742384,0.00014078099
26556000,-0.0003424213,-0.0077950954,-9.800201,-0.0001615891,-0.00011717039,-0.00027099572
26560000,0.0046940446,-0.007808346,-9.804213,-0.0002997327,7.549281e-05,0.00011877294
26564000,-0.0019821892,-0.0019334896,-9.800033,-0.00029719796,0.00015672648,4.7135054e-05
26568000,-0.009008089,-0.003550128,-9.797903,-0.00030512045,0.00071916566,0.00030443002
26572000,-0.0051501757,-0.0020547442,-9.794942,-1.8523251e-05,-0.00029853114,-0.00013637258
26576000,0.0010622146,0.0026896717,-9.794695,-6.4216096e-05,-0.0006693781,-0.0005750504
26580000,0.008932946,-0.00060259347,-9.796286,0.0009053715,0.00050205464,9.9707926e-05
26584000,0.007841502,0.0060412125,-9.796917,0.00073744333,0.0003116867,0.00031960144
26588000,-8.506606e-05,0.007904615,-9.794341,-0.0005564877,-0.0006647554,0.0005469408
26592000,-0.00086865155,0.0041709975,-9.800876,-5.180671e-05,-0.0005182436,0.0010500435
26596000,-0.004408873,0.0010518475,-9.801363,0.0014059427,3.6147808e-06,0.0005517026
26600000,-0.007668884,0.003748882,-9.792825,0.000556663,-0.0006204945,0.0004308428
26604000,-0.0010829982,0.009736556,-9.797474,-0.0006661142,-0.001082151,0.00044734092
26608000,-0.003179303,0.008364957,-9.800899,-0.00024024947,0.00062956824,0.00011606426
26612000,-0.010967104,0.0047867154,-9.793477,-0.00032489884,0.000973214,0.0006840298
26616000,-0.01066436,-0.00017313096,-9.799341,-0.0003803445,0.0004201696,0.00019445868
26620000,-0.0077057574,-0.0012429202,-9.8040695,-0.0007242701,0.00032903493,-0.00021573399
26624000,-0.004605647,-0.0017975087,-9.79808,-0.00014772768,-0.00026474652,8.379707e-05
26628000,-0.0024476957,-0.0006514496,-9.7968235,0.00034209277,-0.00020029306,0.00085726875
26632000,0.0049237176,-0.0012677636,-9.795799,6.8998946e-07,0.0008650377,0.0012657674
26636000,0.0028688866,-0.0012356837,-9.798973,-0.0005548672,0.0006599282,0.00040795302
26640000,-0.0057781106,0.0024527975,-9.797056,4.282979e-05,-1.874311e-05,1.130225e-05
26644000,-0.005447273,0.004306832,-9.79487,0.00072485214,0.0007873045,0.00026864655
26648000,0.0005964604,0.00096315594,-9.793015,-0.0007127981,0.0010124533,3.8674007e-05
26652000,0.0029317364,-0.004749596,-9.7895565,-0.0010166009,0.0002978683,-0.00043986193
26656000,-0.0014503902,-9.238105e-05,-9.79811,-5.9283225e-06,7.427725e-05,-0.000570687
26660000,0.000553509,0.0041824,-9.799024,-0.0004891385,0.0002481435,0.000106357016
26664000,0.0005050133,0.002651001,-9.7982235,-0.0011121542,0.00013107584,-0.0006805268
26668000,-0.0035589347,0.0020212997,-9.802715,-0.00038630655,-0.00012738413,-0.00080495724
26672000,-0.003644979,-0.0007048745,-9.796639,-0.00021315565,-0.00030306898,0.00012012482
26676000,-0.0013196424,-0.0009466639,-9.796766,0.0003711223,-0.00025908562,-0.00029073458
26680000,0.0011130716,0.00078775955,-9.802286,0.0005259949,-0.00018118991,0.0002928377
26684000,-0.00014247175,-0.0013393881,-9.806121,9.018607e-05,-0.0003421507,0.0007459367
26688000,-0.0058465227,0.00398543,-9.801815,-0.00058987446,-0.00021931001,0.00017762977
26692000,-0.002598195,0.0024627543,-9.790726,-0.0012351559,-0.00034862084,-0.00015808022
26696000,0.0070429146,-0.0029241226,-9.796373,-0.00020712584,-0.0010860664,0.00019457586
26700000,0.0028143842,0.0019423937,-9.8068695,0.0010976606,-0.00072042237,-0.00021889829
26704000,-0.006320311,0.005341234,-9.803978,0.0005013481,-0.0012011575,5.182037e-05
26708000,-0.00791603,0.0007968376,-9.807539,0.00028034914,-0.00095289905,0.0009880558
26712000,-0.01330028,-0.00094494084,-9.807829,0.0004916981,0.000964969,0.0011252109
26716000,-0.008164527,0.0016694512,-9.807224,1.363377e-05,0.001535148,0.00047869456
26720000,-3.7786085e-06,-0.0005859047,-9.807328,0.00045076074,0.0012860534,-0.00042361868
26724000,-0.0033949432,0.0024760368,-9.804025,0.0011552791,0.00012600308,-0.0006411873
26728000,0.0036845943,0.00310504,-9.803663,0.0007911778,-0.00047308163,-0.00086289865
26732000,0.0035098211,-0.004322401,-9.803556,-9.884873e-05,-0.00016333252,-0.0006260179
26736000,-0.0025656603,0.00033352544,-9.800743,7.8337325e-05,-0.00040536924,-0.00021832438
26740000,-0.003278579,0.005822331,-9.795448,0.00011557146,-0.00014488414,-0.0005035331
26744000,-0.001042709,0.0023991878,-9.790997,-0.0002785058,6.0660346e-05,-0.00050373864
26748000,0.0057204408,0.00016716664,-9.794338,-0.0002912791,5.340353e-05,1.521974e-06
26752000,-0.0005290328,-0.0017565149,-9.80121,-0.0002661928,-5.4371263e-05,0.0003232725
26756000,-0.007297827,-0.0012410157,-9.804306,0.00039631964,-0.00080255873,0.00031153072
26760000,-0.006407365,-0.0003314904,-9.809274,0.00064056355,-0.0008021916,-5.7493482e-05
26764000,-0.007969113,0.002267343,-9.800127,0.00073070807,0.00021422796,-0.0009725019
26768000,-0.0006391313,0.0022575308,-9.796526,0.0011915952,-0.00020658353,-0.0009970256
26772000,0.0069033178,-0.0011434279,-9.803603,0.0009369126,0.00010823576,-0.0003188226
26776000,0.0027683447,-0.0029939935,-9.795765,0.00045429202,0.0007072855,-0.00027967113
26780000,-0.008959424,-0.0009317751,-9.796131,-8.926595e-05,-0.00069554633,9.839742e-06
26784000,-0.009767645,-0.003583367,-9.811108,0.00072491216,-0.0013189311,-0.00049863686
26788000,-0.006965908,-0.0065686908,-9.806915,0.000767418,-0.00025717038,-0.0007881245
26792000,-0.0050230627,-0.0014587156,-9.804127,-0.00074521353,0.00081787206,0.00014309774
26796000,8.4658364e-05,0.0011848581,-9.807731,-0.00047498464,0.00042561613,0.0006949077
26800000,-0.004460417,0.000280025,-9.799747,-0.00040755354,8.7685075e-05,0.00028723467
26804000,-0.0075980416,-0.004997364,-9.796894,-0.0005033522,-0.0002566022,-4.92007e-05
26808000,-0.0067937896,-0.0065806997,-9.790989,-0.00017047135,-0.00045999125,0.00017683217
26812000,-0.008997243,-0.0030204335,-9.796968,-0.0005104266,0.00022772199,-0.0005386664
26816000,-0.0066457633,-0.0004261015,-9.805876,-0.0004518893,-0.0001831368,-0.0009571701
26820000,-0.0014979669,0.0010360862,-9.798649,4.14208e-05,1.405954e-05,0.00011283619
26824000,-0.00656975,-0.00048831693,-9.797008,5.6274956e-05,6.760538e-05,0.0008639014
26828000,-0.003646123,-0.0012163878,-9.799711,-0.0004146594,-0.00040004932,0.000403261
26832000,0.0029503603,-0.00041930683,-9.799732,0.0006853218,-0.0005278157,-0.00035826862
26836000,-0.007099999,5.909976e-05,-9.801876,0.00042353157,-0.00076657586,-0.0006843069
26840000,-0.01136625,-0.0032568641,-9.800362,-0.0006591408,0.00059218775,-0.0006098497
26844000,0.00017512962,-0.002531522,-9.794805,0.00016610617,0.0007292255,-0.00073540315
26848000,0.0065446245,-0.0023898138,-9.790715,-0.00024342202,0.00039152944,0.00024229762
26852000,0.0077007115,-0.0013666109,-9.787306,-0.00043732158,0.0007878845,0.0014570924
26856000,0.0030002845,-0.003715817,-9.792427,-0.00035379364,0.00015940575,0.0007130031
26860000,-0.005419526,-0.007887836,-9.793938,-0.00024827608,9.593749e-05,0.00013363422
26864000,-0.0010593617,-0.004821044,-9.79097,0.00036524574,0.00041989825,-8.19468e-05
26868000,0.003227639,0.0028826196,-9.797281,-0.00030289334,0.0003274276,-0.0006745755
26872000,-7.7185934e-05,0.00017957418,-9.80829,-9.737058e-05,-0.0002315614,-0.0012310267
26876000,-0.0054909084,-0.0051044114,-9.804056,0.0006432292,-0.0010158339,-0.0008904784
26880000,-0.0061484054,-0.0018212837,-9.7962475,0.00058520696,0.00042940085,-0.00019660435
26884000,-0.005564793,0.009154001,-9.797347,0.00030141202,0.001061415,-0.00040985513
26888000,-0.008375176,0.010695872,-9.799976,0.00041240142,0.0005496327,0.00012900881
26892000,-0.0012197511,-0.0030620839,-9.80057,-0.00014822795,0.00033261682,0.00047186064
26896000,0.0014485,-0.0063647707,-9.79154,-0.00084465015,-0.00046894705,4.5019766e-05
26900000,-0.004311578,-0.007746082,-9.788302,0.00011939359,-0.00042289915,0.0011567626
26904000,-0.0017018209,-0.010309784,-9.793745,-0.0002427996,-0.00020848407,0.0011671224
26908000,0.00029191913,-0.009401581,-9.794668,-0.0002690309,0.0007314002,-0.00012281777
26912000,-0.005165183,-0.00058745785,-9.792349,0.00073579175,0.0011097547,-0.000121381534
26916000,-0.0038656595,-0.0014702863,-9.799644,0.00083097577,-0.0006676018,0.0004617807
26920000,0.0010052865,-0.00539508,-9.806862,0.00035002912,-0.0011512392,-7.157346e-05
26924000,0.003245921,0.0025321257,-9.80423,-0.00073107175,-0.00076008093,-0.0011347771
26928000,-0.003160059,0.007520976,-9.808002,-0.0007615424,-4.416142e-05,-0.00057759596
26932000,-0.0029057006,0.00472,-9.813303,0.00041440208,0.00042590516,-6.9147456e-05
26936000,0.0043792166,0.0035911563,-9.798842,0.00063518004,0.00073564606,-0.0002596662
26940000,-0.0021249545,0.0054908134,-9.798445,-8.421465e-06,0.0006415685,0.00023802042
26944000,0.005018344,0.0043210164,-9.802348,-0.0001092908,-5.887941e-05,0.00022986412
26948000,0.008084255,-0.0007110054,-9.79549,0.00013697939,0.0005109032,0.00020320938
26952000,-0.001470585,0.00019723653,-9.797155,0.00092365226,-0.00044005486,0.00014875295
26956000,0.0033893762,0.001254654,-9.7949505,-0.00031483735,-0.0005107068,0.00025415322
26960000,0.006133055,-0.0017607668,-9.79398,-0.0014180959,0.0009956412,0.00019526336
26964000,0.0032634502,0.0009485642,-9.797539,-0.00027771178,0.0009327455,-0.0007736967
26968000,0.0043182676,0.009505798,-9.806755,-0.0001915148,0.0010526057,-0.0010942598
26972000,0.004214233,0.0070172227,-9.801336,-0.00010484738,0.0008506984,-0.00041225814
26976000,-0.0027369258,-0.008910211,-9.797027,-0.0006284662,-0.00020447376,0.0004505325
26980000,-0.0037066205,-0.0045511634,-9.803572,-0.0011748044,-0.0004110052,5.979909e-05
26984000,0.0037582696,0.004072172,-9.799522,-0.0009279356,-0.00080781797,-0.0006256217
26988000,-0.00029118295,-0.006212697,-9.795679,-0.00041082903,-0.00020581535,-0.00021431343
26992000,-0.0005243516,-0.011478135,-9.7997875,-0.00052946975,-0.00027897538,0.0007919967
26996000,0.0007480775,-0.008812353,-9.801275,-0.0013080745,-0.0015066923,0.00071723334
27000000,0.0034768393,-0.0023853942,-9.8028965,-0.00097464625,-0.00087600923,0.00021934848
27004000,0.0031112072,0.008044251,-9.809553,-0.0005029389,-9.2081515e-05,0.00013905289
27008000,-0.0051206965,0.008359245,-9.806076,-0.00010673838,0.0001091017,0.0004075949
27012000,-0.003661974,-0.0064890543,-9.7981205,0.0003567945,-0.0005804617,0.00019725456
27016000,-0.00018398228,-0.0053562466,-9.804298,0.00029080352,-0.0014033272,-2.8444235e-06
27020000,-0.00383538,-0.0016219727,-9.808098,0.00065490504,-0.0010922109,0.00020653485
27024000,-0.0021867095,-0.0018023418,-9.801983,0.0007506442,0.000102772945,0.00011754202
27028000,0.0020626138,0.0037820644,-9.796171,5.644209e-06,6.96428e-05,0.00031792646
27032000,0.0011532126,0.0024726556,-9.798132,-0.0003750425,-0.00086219265,0.00040874662
27036000,0.0028664367,0.0025438848,-9.799036,-0.0005437296,-0.00045938083,-0.00054399844
27040000,0.003422874,-0.0016046846,-9.791739,0.00013179018,0.00033798744,-0.0016896355
27044000,0.0023752786,-0.004644897,-9.793726,0.00046470689,-0.0007721381,-0.00042159497
27048000,0.0022761535,-0.0033841007,-9.804148,0.0010929167,-0.0009867308,-1.958257e-06
27052000,-0.0034303684,0.00091914454,-9.803312,0.0013881306,0.00036030513,0.000347927
27056000,-0.00171679,0.009624647,-9.8029175,0.00024042233,0.00014818663,0.00070457585
27060000,0.002795339,0.0063762814,-9.799946,-0.0005952029,-0.00035169604,-0.0001527241
27064000,0.0065707956,-0.005507876,-9.798559,-0.0003904495,-0.0005993453,0.0004600278
27068000,0.010266093,-0.0054740338,-9.799931,0.00021943997,-0.000521728,0.000699664
27072000,0.00053686625,-0.0055928905,-9.797665,0.0003778919,-0.00090266526,0.00047414686
27076000,0.002267355,-0.006732131,-9.796837,-0.0006001638,-0.0005415319,0.0003818493
27080000,0.0066151554,-0.004260409,-9.795607,-0.0006914198,1.7153943e-05,0.00032220478
27084000,0.0063835955,-0.0033997556,-9.797089,5.145948e-05,-0.0002459031,0.00011972764
27088000,0.004353633,-0.004578184,-9.80258,0.00039173022,-0.00045982833,-6.875397e-05
27092000,0.001740133,0.0008797926,-9.80681,0.00078930275,0.00065658306,7.566079e-05
27096000,-0.0019772602,0.0023746183,-9.8007965,-0.00038767428,0.00031044398,-0.00050456455
27100000,-0.0028848946,0.00032316564,-9.799658,-4.787371e-06,-0.0011093374,-0.000110592926
27104000,0.0038812435,-0.00043264762,-9.804119,0.0011439028,-0.00016490639,-0.00065725937
27108000,0.00041085138,0.0015779984,-9.805033,-0.00036372387,0.00035875748,-0.0007330603
27112000,-0.0064304266,0.0030876007,-9.79711,-0.00075662555,0.0012057547,0.00059806084
27116000,-0.004167241,0.0008500802,-9.793492,-0.00024275469,0.0012956024,0.0007214106
27120000,-0.0022096538,0.0012829499,-9.801022,-0.00046752807,0.00023852519,0.0005033655
27124000,-0.0030724783,-0.0012414557,-9.804956,-0.000107643165,-0.0003998449,0.00050206244
27128000,-0.004539352,-0.005674072,-9.801455,9.490292e-05,-0.0003660679,0.00090482034
27132000,-0.0071447743,-0.008131544,-9.805819,0.00079901295,-0.00025429277,0.00012600143
27136000,-0.01123053,-0.0053588697,-9.811976,0.0015648694,-0.00055691594,-0.00015550443
27140000,-0.005091805,0.0055410946,-9.810035,0.00061801105,-0.0012161307,0.00049575185
27144000,0.006283351,0.0022061772,-9.798331,0.00016811804,-0.0020377163,0.000421215
27148000,0.006981852,-0.0052350475,-9.790921,-0.0006235153,-0.0008051053,-0.00035150093
27152000,0.004295565,-0.0031922797,-9.793121,-0.0007600526,0.00095755,-0.00013661936
27156000,-0.0011598599,-0.0054636775,-9.796649,-0.00027390337,0.0013640281,-0.00021096949
27160000,-0.0032487065,-0.0065888823,-9.802751,-0.0004994337,0.0008616479,-0.00045028867
27164000,0.0008270609,-0.002513229,-9.804167,0.00016110702,0.0006348507,2.7298822e-05
27168000,0.0022525804,0.0019120623,-9.8029175,-0.00026446965,0.0012686623,0.00016643108
27172000,0.0011172269,0.0020327107,-9.799486,-0.00024847608,0.00068049907,0.00089670805
27176000,-0.007240655,0.005786385,-9.79851,0.0002946874,-0.00034196753,0.0011637211
27180000,-0.011211706,0.0045510107,-9.802324,0.00027837872,-0.00011599593,0.0004727589
27184000,-0.007673195,0.003907984,-9.800302,0.0010228762,0.0006505978,0.0009243708
27188000,-0.009807898,0.0024780293,-9.796527,-5.8564478e-05,0.00042176558,0.001137967
27192000,-0.0016686264,-0.0047622947,-9.793525,-0.00039086308,-0.00071614067,0.0002776013
27196000,0.0031671803,-0.0060828477,-9.793333,0.00076535426,-2.6266605e-05,-0.00051931577
27200000,-0.0023376737,-0.00032839968,-9.797292,0.0007572906,0.0003544314,0.00018124352
27204000,-0.0011683069,0.00085759,-9.798819,0.0005432512,-0.0004353665,0.00095331407
27208000,0.00069696456,-0.0033839357,-9.796689,9.616284e-05,-9.4992916e-05,0.000121480225
27212000,0.0019512393,-0.00070408586,-9.796669,0.00012399098,0.00069990865,-5.346172e-05
27216000,0.0006276326,-0.0011420156,-9.803593,0.0001886701,0.0009926079,0.00059027015
27220000,-0.0073159365,-0.008111953,-9.799874,-0.00020200758,0.0007977797,1.0010569e-05
27224000,-0.007058854,-0.008081302,-9.800444,-0.00028288257,0.00040656226,-0.0002791062
27228000,-0.0043975306,-0.0036003524,-9.806876,0.00025775144,0.0006722204,0.0007151278
27232000,-0.003944782,-0.0038598154,-9.802919,0.0007761488,-7.304697e-05,0.000231366
27236000,0.0071509103,-0.0059688836,-9.796545,0.00086293486,-0.0010070325,-0.0004149625
27240000,0.0033569639,-0.007520715,-9.799708,0.0006183387,0.00027029132,0.00055124226
27244000,-0.0053293705,-0.0018061158,-9.800615,0.00027710298,0.00033649392,0.00055114244
27248000,0.002973251,0.0060254857,-9.791662,8.229635e-05,-0.00036921346,-0.00030964453
27252000,0.005554974,-0.0014411091,-9.793032,-0.00043538076,0.0001367219,-0.000119745164
27256000,-0.00353857,-0.013780154,-9.799475,0.0002662955,-0.00039725297,-0.00059089647
27260000,-0.010796314,-0.008241322,-9.799093,0.0010859704,-0.0005772714,-0.0006601642
27264000,-0.0070461524,-5.8584847e-05,-9.795483,0.0011132576,0.0003942572,0.000100896774
27268000,-0.0035013598,0.0013850878,-9.802847,0.00033447947,0.00081785524,0.0004953742
27272000,-0.0009523735,0.003765366,-9.799473,-0.0013849277,0.0012444704,0.00053335004
27276000,0.00016193374,-0.0025985423,-9.7960415,-0.00087287626,0.00014356071,-0.00044177426
27280000,-0.0048700334,-0.003586073,-9.802589,-0.00093273615,-0.00020939151,-0.0006632814
27284000,-0.0055750483,0.0074711796,-9.797956,-0.0010989353,0.00077505625,0.0007973592
27288000,0.00086366315,0.006720411,-9.796656,-0.00017164096,0.0005517249,0.0009125022
27292000,-0.0027069722,0.004130609,-9.801811,-3.9968898e-05,-1.3832918e-05,-0.00034735643
27296000,-0.006562965,0.004970446,-9.801018,0.0005123943,-0.0010609681,-0.0005871559
27300000,-0.0035769804,0.002832652,-9.796101,0.00032498734,-0.0009240805,0.000461829
27304000,-0.0028581717,0.000612301,-9.797836,-0.00024131942,0.00047706044,0.00017179541
27308000,0.005030737,-0.00034846895,-9.805695,-0.00044990357,0.001042903,-0.0005470363
27312000,0.0045506014,0.0019180941,-9.800932,-0.00023889706,0.00079650804,0.00022342056
27316000,-0.0027202948,-0.0026492889,-9.791301,0.00034291972,0.00084819156,0.00043824807
27320000,-0.004817741,-0.0023099147,-9.799435,-0.0001225342,0.0011412858,0.00043390252
27324000,-0.0056861704,0.0005373642,-9.802658,-0.00075439975,0.0009702005,0.00037485518
27328000,-0.0055981,0.006311096,-9.801506,-0.0006157661,0.0006164761,0.00054472644
27332000,-0.0047397865,0.0066673174,-9.805239,0.00015964753,0.0005763721,0.0010960483
27336000,-0.006417579,0.00070984033,-9.802221,-0.00037965213,0.00039039305,7.631925e-05
27340000,-0.0038732642,0.00035841428,-9.7966175,-0.00095866347,-0.00011278469,-0.0017139507
27344000,0.0054119746,-0.0011399004,-9.797126,0.00018070846,-9.4452225e-05,-0.0010219057
27348000,0.0030140404,-0.00097036274,-9.797707,0.00027033355,0.0005699854,-3.983799e-05
27352000,-0.0070715602,-0.00071211415,-9.800148,0.00032572594,0.001208146,-9.3184455e-05
27356000,-0.0043109474,-0.0035744759,-9.80007,0.0012427563,0.0005302905,-0.0009612257
27360000,-0.001544688,-0.0016573713,-9.79904,0.0007917529,0.00022583311,-0.0013522544
27364000,-0.0043789647,0.00096514326,-9.798674,0.00034161677,0.00028545308,-0.00053651124
27368000,0.007303023,0.0010750975,-9.797327,-0.00033478168,-0.00015609295,2.4922015e-06
27372000,0.008617551,0.000287677,-9.798618,-0.00034755978,-7.015885e-05,2.386893e-05
27376000,-0.004244544,-0.0017096102,-9.800362,-0.00020669345,-0.0003235667,0.00029623552
27380000,-0.0057677,0.0022120022,-9.802435,-0.00021000263,0.00018264963,0.001258115
27384000,-0.003044245,0.003032943,-9.795073,0.0005360751,0.00037751382,0.00031083167
27388000,-8.369216e-06,-0.0015940208,-9.795954,0.0012486926,0.00018194487,-0.00040497945
27392000,0.0008204591,-0.005304291,-9.799976,0.0010335648,0.00036228725,0.00014702101
27396000,8.018434e-05,-0.0016347911,-9.800255,0.00048254617,0.0004954368,0.00050230435
27400000,-0.0032682896,-0.00049754087,-9.800029,0.00072710676,0.0006193065,0.0009385017
27404000,-0.00616625,-0.0030020804,-9.797207,0.0003331294,0.0001863654,0.0008139133
27408000,-0.0037439128,-0.00057701644,-9.797052,0.00083653955,0.00030676485,0.0005854708
27412000,-0.0052167126,0.0023426434,-9.795274,0.0009015122,-0.0003542095,0.00054913305
27416000,-0.0079098875,0.004349823,-9.799068,0.0007506099,-0.0005271357,-0.00049069436
27420000,-0.0071793385,-0.0011011545,-9.792912,0.00030795616,-9.541849e-05,-0.0008193156
27424000,-0.0032705786,-0.004856163,-9.794811,-0.00094638974,-0.00048323648,4.2503398e-05
27428000,0.0074727996,-0.0035362113,-9.808317,-0.000592027,-0.00039862547,0.0005951511
27432000,0.0105338115,0.00090277195,-9.800398,0.00020550516,2.2910212e-05,0.00020117202
27436000,0.00043246854,0.0012988357,-9.790703,0.0008272927,2.311021e-05,-0.0008569382
27440000,-0.0020245933,0.0012213439,-9.792962,0.0004516883,0.0001727881,-0.00037345165
27444000,0.0008879298,0.0007594623,-9.799544,0.0001236546,-4.6511646e-05,7.478119e-05
27448000,0.003875968,-0.0016876333,-9.800999,0.00024028916,-0.00026775178,4.1647978e-05
27452000,0.006453165,-0.0014823999,-9.79978,-0.0005015964,-0.0008364386,-1.662048e-05
27456000,0.005347575,-0.003111267,-9.801083,-0.00078167295,-0.00064354914,-0.00019768171
27460000,0.005817783,0.00025746095,-9.795946,-0.000709349,0.00071285764,0.00071094674
27464000,0.0071090157,0.0005198002,-9.7974615,-0.0008333058,0.00047997065,0.00088736886
27468000,-0.0011805254,-0.0054455525,-9.807611,1.8738207e-05,0.00012062736,-0.00052726164
27472000,-0.007840044,-0.0076228688,-9.809429,0.00108724,-4.7786678e-05,-0.0006845671
27476000,-0.0037838817,0.0024219668,-9.80073,0.0010036937,-0.00048186336,-0.00015392556
27480000,-0.004744641,0.006887323,-9.796619,0.0012277939,-0.0007440565,-0.00042486665
27484000,-0.00029466976,-0.0019064535,-9.801556,0.001014878,-0.0012036291,-0.00019100074
27488000,0.0022369302,-0.00029596617,-9.805727,0.0007718833,-0.00032676183,0.0003288583
27492000,0.0053002513,0.0061716367,-9.806891,0.00031983686,0.00072874717,0.0012109288
27496000,0.007219468,0.0029571156,-9.803158,-0.00058805844,-1.533167e-05,-6.7611454e-06
27500000,0.00021414924,-0.0015368366,-9.806808,-0.00088775717,-5.269728e-05,-0.0006107694
27504000,-0.004093392,-0.00038517834,-9.799222,-0.000612312,0.0005905075,0.000579514
27508000,-0.0024404277,-0.00101118,-9.796679,0.0006130651,0.00016786373,0.00055942714
27512000,0.0008398283,-0.004150161,-9.807686,0.0013434829,1.20251225e-05,0.00047257126
27516000,-0.0057966765,0.004271841,-9.805468,0.0015486187,0.00048042744,0.00013481265
27520000,-0.0032505041,0.007199484,-9.809091,0.00085283024,-4.206471e-05,-0.00023621386
27524000,-0.0004859206,0.0068741287,-9.804394,-0.0001344516,9.542195e-05,-0.0011413237
27528000,-0.0007890307,0.0111937085,-9.796089,-0.00034931078,-0.00015341552,-0.0012449173
27532000,0.004839059,0.006694098,-9.79742,-0.00031155348,-0.00012287314,5.8139736e-05
27536000,-0.005429739,-0.003218493,-9.802474,4.4878114e-05,0.00088220823,0.0002467017
27540000,-0.004028121,-0.0016216725,-9.802531,-0.00021683244,0.0009955621,-0.00014357486
27544000,0.0022406627,-0.0029427223,-9.798395,8.294455e-05,0.0007859337,-2.2512591e-05
27548000,-0.0032049834,-0.008196334,-9.802704,0.00020504204,-0.00068380695,0.0003955812
27552000,-0.0028485917,0.004050803,-9.800512,-0.0002650025,-0.00087064656,0.00057195453
27556000,-0.0048661386,-0.00072615914,-9.799448,0.00013629445,0.0009019815,-0.0004830893
27560000,-0.0026406976,-0.006350268,-9.802773,0.0010499214,0.000694021,-0.00041441736
27564000,-0.0005555508,-0.00886012,-9.796677,0.0015127654,-0.00082788774,-0.0002689834
27568000,0.00074641046,-0.011868386,-9.792498,0.0011601446,-0.0009118545,-0.0005425658
27572000,-0.00092930114,-0.006477897,-9.796017,0.00058428786,-0.00023107584,9.532047e-05
27576000,0.001170092,-0.003065457,-9.793392,9.954173e-05,0.00021778035,-1.09816165e-05
27580000,-0.002884025,0.0019686366,-9.791047,-0.0003972796,-4.8991486e-05,0.0002518476
27584000,-0.0007977644,-0.0009660209,-9.790089,-7.738897e-05,-0.00070929696,0.0006440181
27588000,0.00030396366,0.0028976395,-9.795681,0.0010430771,-0.0005780735,0.0007211222
27592000,-0.0059003974,0.004335818,-9.803772,0.00041919624,-0.0006968602,-0.00017654829
27596000,0.000928907,-0.0055482555,-9.805662,-9.5398864e-05,-0.00054117193,-0.00045715497
27600000,-0.0013008531,-0.009698902,-9.806165,0.00020017487,0.0002536499,3.9728835e-05
27604000,-0.009288811,-0.008842203,-9.804815,0.00086970127,0.00011480246,-3.4564226e-05
27608000,-0.011966912,-0.002657807,-9.803325,0.0007075401,-0.0005768769,0.0008686568
27612000,-0.004185807,0.009563471,-9.803999,0.0005408991,0.0011743568,0.00042259923
27616000,0.0022725835,0.0057920264,-9.802394,0.00054233725,0.0018266079,0.00023176745
27620000,0.0027913558,-0.00044551046,-9.797377,-0.0003500988,-0.0004861786,0.0017338182
27624000,-0.0022117929,0.007768116,-9.801317,-0.0007189007,-0.00083755126,0.0012020823
27628000,0.0041833194,0.004198176,-9.797661,-0.00037249184,-0.00049101486,-0.00078058016
27632000,0.008670099,-0.0037139107,-9.79697,-0.00017912273,-0.0005738935,-0.00057095924
27636000,0.0004081271,-0.0015980926,-9.80246,-0.00018788148,-0.00058591063,0.0014328198
27640000,0.0043131104,-0.00046099114,-9.794806,0.0004984292,-0.00039619676,0.001103378
27644000,0.010456738,0.0012174153,-9.802931,-9.28513e-05,-5.037174e-05,-0.0005069289
27648000,0.0096698385,0.003500362,-9.806382,-0.00090979284,0.0006411449,-0.00087157806
27652000,0.004864251,-0.0026487424,-9.798577,0.00010281242,0.0015168994,-0.0004122979
27656000,-0.0003993914,-0.00042341862,-9.794069,0.0010157794,0.00086724426,0.00045469805
27660000,0.0044544847,0.009069647,-9.790281,0.00018614036,0.0002344916,0.0008735078
27664000,0.0064168926,0.0064164037,-9.793407,0.0011833354,-4.3487722e-05,0.0005300816
27668000,2.5752553e-05,0.0031521982,-9.793089,0.0013685772,0.000108295724,-0.00027467945
27672000,-0.00047877297,0.00025052563,-9.79648,-0.00042053653,0.0009918093,-0.00037172996
27676000,0.0017640165,-0.0014392459,-9.801527,-0.00045020127,0.0010032776,-0.00051397004
27680000,0.0018495346,-0.0024269144,-9.808209,-0.00082558993,0.00029367986,0.0007308225
27684000,0.0048337914,-0.00828242,-9.80641,-0.00020097317,-0.0003155426,0.0018696545
27688000,0.004648766,-0.0061640604,-9.796587,0.001281023,-0.00020921031,0.0010372569
27692000,0.00013123493,-0.0062853144,-9.794975,0.00049074524,0.0003746479,0.00069125084
27696000,0.00094973727,-0.004991142,-9.798021,-0.00038877,0.0003973569,-0.0003474998
27700000,0.0035239684,0.0020241744,-9.801222,-0.00059865444,0.0005783758,-0.0005247344
27704000,-0.00016026059,-0.0015319452,-9.794838,-0.00092011713,0.00075442,-9.7467724e-05
27708000,-0.0067169145,-0.0035367154,-9.795612,-0.0002907232,0.0003538174,-0.00015965008
27712000,0.00025043683,0.0018766278,-9.810156,0.0002155092,0.0004522193,0.00019064551
27716000,0.0049800966,0.0020705943,-9.807646,-0.00026817192,0.00015788132,-0.0001437962
27720000,-0.00022585448,-0.0002784573,-9.800049,-0.0006515988,-0.0006582422,-0.0004314178
27724000,0.00033055065,0.0017620139,-9.806578,-0.00021930369,-0.00044668082,-7.125718e-05
27728000,-0.0014345433,0.008534637,-9.807926,0.00016745398,0.0006154871,-0.000107092725
27732000,-0.0012713353,0.01097645,-9.799143,0.00017737415,0.00054781896,-0.00029410678
27736000,0.0013747393,0.0048051616,-9.804973,3.7964353e-05,-0.0005404597,2.3884117e-05
27740000,-0.0022869657,-0.0034704953,-9.807823,0.00026958794,-0.0005818166,-0.0001765464
27744000,0.0024052274,-0.009564669,-9.80221,0.00054085196,-0.00019514734,-0.00040241855
27748000,0.008119063,-0.007940953,-9.802996,5.0159302e-05,0.00026541165,1.8182618e-05
27752000,0.0041487105,-0.0035537018,-9.804178,-0.00071039615,0.00031827565,0.0003170001
27756000,-0.002676494,-0.0005763035,-9.80203,-0.0012984814,0.0009928424,0.00036559752
27760000,-0.003480692,0.0019905227,-9.801779,-0.0008527362,0.0016860398,-0.00016517528
27764000,-0.0005524249,0.0006381643,-9.801863,-0.00035150786,0.00069125823,-0.00042247295
27768000,-0.0058941813,-0.0040069963,-9.802856,-0.000295261,0.0005450436,7.2578405e-05
27772000,-0.0030164907,-0.0036075553,-9.804148,0.00026376304,0.0006060468,0.00024023512
27776000,0.0005470421,-0.005183421,-9.801441,0.0003885693,-0.0004993352,-0.00096192706
27780000,0.0033213717,-0.0035158636,-9.802653,-5.573404e-05,-0.00089613354,-0.0013462717
27784000,0.012445446,0.0020040576,-9.806467,-0.00036199816,-0.00024598496,-0.00055196177
27788000,0.006045964,-0.0042302487,-9.801714,-0.0009383589,-7.706223e-06,-0.0003772421
27792000,-0.00039775748,-0.0025806194,-9.799145,-0.00070516946,-4.4417364e-05,-0.00026282924
27796000,-0.0056450223,0.002656787,-9.799971,0.00068288046,-0.00084986596,0.0002661361
27800000,-0.00878612,0.002243924,-9.799907,0.00047080932,-0.0010279763,-1.2655338e-05
27804000,-0.0022067386,0.0055695362,-9.800892,-0.0005176826,-0.00046788066,-0.00022319636
27808000,-0.00078052003,0.0027638164,-9.800923,-0.00044548762,-0.00018388055,0.00030460328
27812000,0.0009930314,-0.0010194517,-9.801533,-0.00093426235,-0.00046829216,-0.00063006056
27816000,0.0060135988,-0.0061584855,-9.79572,-0.0006593087,0.00027890608,-0.0011628935
27820000,0.002751058,-0.0009946964,-9.794336,0.00033550872,0.0011995585,-0.0007351159
27824000,-0.002650253,0.0054680174,-9.797606,2.6700782e-05,0.00032834863,-0.00065520854
27828000,0.0018327025,0.004858321,-9.799055,0.00049460545,3.4167086e-05,-0.0009319689
27832000,-0.0025731404,0.0019933153,-9.798446,0.0008052017,0.00031949903,-0.00082079874
27836000,-0.004950776,-0.0019225952,-9.803493,0.0005132295,0.00020726344,0.00010063607
27840000,-0.0037376406,-0.0032608414,-9.805658,0.00020413086,-0.0008888167,0.0004869276
27844000,-0.004888993,-0.0028157558,-9.80538,-0.00012490361,-0.00030931662,0.000660047
27848000,-0.0011518314,0.0009064898,-9.800524,0.0006179332,0.00032616395,0.0009003242
27852000,-0.005427715,-0.0051747654,-9.7892,0.0006407864,0.00045685758,0.00036604737
27856000,-0.0026342645,0.0039779013,-9.790308,-6.0571558e-05,0.00080818636,-0.00042487992
27860000,-0.00026903884,0.0035089513,-9.800489,-0.00048739667,0.00023181079,-0.00036377384
27864000,-0.004504686,-0.006170095,-9.8006,-0.00083297334,0.00056231715,-0.00016513669
27868000,-0.004148202,-0.0027054367,-9.800414,-0.0010976355,-0.00038279843,-0.000868844
27872000,-0.0022940442,-0.0022431186,-9.803833,-0.0009837311,-0.0009255099,-0.0007282271
27876000,-0.00024572568,0.0031384542,-9.803508,-0.001008612,0.0007154154,-0.00020857583
27880000,-0.0014045618,0.0005359611,-9.79634,-0.0013518397,0.0014596414,-0.001038709
27884000,-0.0029018167,-0.0039686076,-9.798088,-0.0018010978,0.0003473128,-0.0011702249
27888000,0.0052168276,-0.0032181805,-9.804707,-0.00087794964,-0.000809821,-8.299029e-05
27892000,0.005942678,-0.005461305,-9.802794,7.205854e-05,0.00017981365,0.00039380734
27896000,-0.0017375886,0.0012329494,-9.799722,-0.0004357007,0.0015115477,-0.00039110542
27900000,-0.0015991223,0.006080667,-9.798536,-0.00038912205,0.00057746115,-0.00058380567
27904000,-0.0012862335,-0.00029186034,-9.797073,0.0003537753,0.00014727552,6.2578474e-05
27908000,0.0005245744,-0.0059310105,-9.798782,-0.00059422385,0.00045274536,0.00065140874
27912000,0.0044041947,-0.00021231988,-9.806537,-0.0010407893,0.0005098863,0.0006472732
27916000,0.006395928,0.003655085,-9.80863,-0.0002700584,-0.00022997452,0.00045111295
27920000,0.005921604,-0.0016175652,-9.808116,-0.0010328392,-0.0012968493,-2.9489298e-05
27924000,0.0020063755,0.00058197294,-9.803915,-0.0014789458,-0.0017111537,-0.00058850093
27928000,-0.0032564388,0.0044345334,-9.801432,-0.000571128,-0.0006010623,-0.0007716201
27932000,-0.0027033396,-0.00078286574,-9.79685,-0.00017674387,0.0006967392,-0.0009491467
27936000,0.002570629,-0.0071412753,-9.7963295,-0.0010606162,0.0006602403,5.745491e-05
27940000,0.00058343203,-0.0048354776,-9.79822,-0.0007577073,0.00073363766,0.0009028639
27944000,4.3139335e-05,0.0029620493,-9.794464,0.00069866003,0.00063413306,0.00044152385
27948000,0.00046891376,0.0019803948,-9.799491,0.0008292843,0.0007520858,-0.00037785084
27952000,3.4754514e-05,-0.00387099,-9.802648,0.0001998328,0.00045795535,-0.00068517035
27956000,0.0009676289,-0.0008076449,-9.799246,2.0056666e-06,0.00018274412,-0.00019297817
27960000,-0.00010951048,0.0011072025,-9.798604,-0.00036074207,0.0005161497,9.2806884e-05
27964000,-0.0045256494,0.004822786,-9.799801,9.464952e-05,0.0008607926,-6.428641e-05
27968000,-0.0069160704,0.0036810117,-9.802507,0.0007195509,0.0013398041,0.00041050912
27972000,-0.0015129339,0.00049267214,-9.794334,-5.3095395e-05,0.0006278356,0.0007326374
27976000,0.00025989936,0.0022224295,-9.792467,-0.00086969876,-0.0009855098,0.00062216475
27980000,-0.0015009863,0.0012226421,-9.797451,0.0001380693,-0.0009420572,3.499565e-05
27984000,-0.003962576,0.0045107706,-9.799004,0.00092898,-0.00015998517,0.0001407154
27988000,-0.0041984874,0.0034017186,-9.803677,0.00062281213,0.0004295419,0.000104341285
27992000,-0.00038518704,-0.00076163205,-9.806982,0.0001302886,0.00028842664,-0.00018297893
27996000,-0.001930573,0.005290061,-9.810419,-0.0008270205,-0.00060019124,-0.00029575528
28000000,-0.008379693,0.0033278824,-9.803985,-0.00062875554,-6.6603585e-05,-0.00038161888
28004000,-0.00044465624,-0.0021840583,-9.797547,-0.00054546143,0.00050537335,5.4544525e-05
28008000,0.008085406,-0.0035184799,-9.795989,-0.0006291872,-4.064719e-05,0.00036221746
28012000,0.0056278775,-0.0022630289,-9.789314,0.00019357083,0.00019848619,7.535785e-05
28016000,0.0009873061,0.00097409426,-9.7944145,0.0005736159,0.00030579205,-1.950834e-05
28020000,-0.0016432373,0.004439229,-9.805252,0.00039178095,-0.0005882845,0.00045507334
28024000,0.0028291687,0.006368257,-9.802948,-0.00027656858,-0.00063239346,-7.075819e-05
28028000,0.0077604344,0.0039529298,-9.798315,-0.0011744336,0.00010525085,0.0001337743
28032000,0.00043217657,0.0045419144,-9.797049,-0.00074083597,-7.649775e-05,0.00095338636
28036000,-0.0068092514,0.003344825,-9.794153,5.2234933e-05,-0.00010535315,0.0015584428
28040000,-0.0032495833,-0.0039858283,-9.7948885,0.00026697724,0.0001956038,0.0009525178
28044000,0.0045276354,-0.00975584,-9.799495,0.0006107675,-0.0008271282,0.0008846296
28048000,0.0031211157,-0.011058636,-9.798814,0.00016579824,-0.0010719687,0.00071959855
28052000,0.0021665501,-0.009473922,-9.800814,6.6326036e-05,-0.00037215493,-0.00097339123
28056000,0.0040564565,-0.0070143305,-9.800127,-0.00032566497,-0.0006525968,-0.00062890194
28060000,0.002529524,-0.006395858,-9.796329,6.020845e-05,5.2200583e-05,0.00084568065
28064000,0.0038077862,-0.003568665,-9.806023,0.0004704741,0.0008434593,0.0011735768
28068000,0.0068996004,0.0008782412,-9.812079,5.1827385e-05,0.00091857056,0.0002098709
28072000,0.00018393437,-0.00077679043,-9.800295,-3.2364204e-07,0.0003505106,-0.0007045093
28076000,-0.0051268293,-0.00509846,-9.800877,-0.00031844116,-0.00049694476,-0.00012054578
28080000,-0.004186016,-0.005330257,-9.805397,-0.0013046985,0.0002744124,0.00095206674
28084000,0.0017647536,0.00041360693,-9.804682,-0.0014859833,0.00040594142,0.00060534076
28088000,0.008437414,0.00088543864,-9.802389,-4.0788163e-05,-0.00060885283,-0.0005619895
28092000,0.0007979383,-0.0074848575,-9.796963,7.426855e-05,-0.0014028326,-0.0013099153
28096000,-0.002260618,-0.0055399425,-9.80042,-0.0006652042,-0.0008656959,-0.00039048336
28100000,-0.005575185,0.00037051528,-9.7987,-0.0003619475,-0.00033733572,0.00015659539
28104000,-0.0049384567,0.0022113235,-9.796127,-0.0009092626,-0.0006016288,-0.0007113913
28108000,-0.003737295,-0.0014334045,-9.798163,-0.00066569063,6.822011e-05,-0.00038959557
28112000,-0.009498393,-0.0002539995,-9.798483,0.00012306892,0.0002323961,0.0005166176
28116000,-0.008769923,-0.001395035,-9.795851,-7.761227e-05,-0.0008536921,0.0003251072
28120000,-0.0042366106,-0.0049962527,-9.796288,0.00035002074,-0.000563898,7.165969e-05
28124000,-0.0029710163,-0.0030446083,-9.796964,0.00081959297,-0.0003122057,-0.0006882767
28128000,0.00034341327,-0.006693448,-9.795126,7.672678e-05,-0.0009182072,-0.0008497642
28132000,0.0023466237,-0.007595958,-9.795259,-0.000105212275,-1.4874147e-05,0.00053413794
28136000,0.006864345,-0.002172802,-9.799743,0.00017504761,0.0009805046,0.00014845723
28140000,0.0030233604,0.00066748436,-9.803573,0.00014698984,0.0006288582,-0.00036987368
28144000,-0.005956853,0.00061636034,-9.80192,-6.6072455e-05,0.00068381755,0.0005683847
28148000,-0.0014004653,0.0023332008,-9.797412,7.290396e-05,-8.840153e-05,0.0010199097
28152000,-0.0026996722,0.0063899164,-9.803341,0.0005088714,-0.0011143233,-8.30545e-06
28156000,-0.0033204802,0.0038626285,-9.806532,0.0005857932,-0.00024955414,-0.00065582944
28160000,0.0058320616,-0.0019763866,-9.805096,0.0011689004,-0.00018673117,0.00016594304
28164000,0.005740336,-0.00688003,-9.809704,7.098393e-05,0.00060586183,0.00078147324
28168000,0.0071528493,-0.0051379963,-9.801704,-0.00063716195,0.00047713023,0.00091992924
28172000,0.0076187192,0.002037078,-9.798784,-0.00021263315,-0.00041747975,0.0011909305
28176000,0.003073282,-0.0013409992,-9.803152,0.0003764607,0.00041552135,0.001094631
28180000,0.002040782,-0.007059624,-9.797073,0.00036881078,-0.00035654148,0.00059431413
28184000,0.0016431105,-0.0020360313,-9.794136,0.0001809563,-0.0011019502,0.0010677469
28188000,-0.006404968,-0.0020424323,-9.79741,0.00074492587,0.00012488036,0.0008100944
28192000,-0.0020921677,-0.0014272841,-9.804068,0.0005855301,0.00067878014,-0.0004950473
28196000,0.006465351,0.008604459,-9.802353,7.583307e-05,0.0008400856,-0.00084849296
28200000,-0.0037204735,0.004922473,-9.799664,0.0010712731,0.00055081566,1.0014585e-05
28204000,-0.0020115313,0.0019383254,-9.792484,0.00096817646,-0.00013362875,0.00077116117
28208000,0.0027530137,0.000966282,-9.787598,-0.00028187048,-9.134562e-05,0.00021601365
28212000,0.0016634124,0.0034117557,-9.801895,0.00022992636,0.0001847088,-0.00016614578
28216000,-0.0012592069,0.0072209714,-9.805134,0.00042492652,-0.00041558882,-8.890907e-05
28220000,0.00013122126,0.005758725,-9.800511,0.0003052637,-0.0005642587,-0.00041360297
28224000,0.0037936892,-0.0002620708,-9.801298,0.00046852703,0.00018530252,-0.0005386406
28228000,-0.0009414903,-0.00090911647,-9.801396,-6.6959554e-05,0.00017369974,0.00033249133
28232000,-0.0032461686,0.0019834158,-9.798721,-0.0005833847,0.000104997765,0.00027600955
28236000,-0.0021901773,-0.0020569158,-9.803703,-5.9983307e-05,-0.00019039349,-0.0003097784
28240000,0.0017738809,-0.0035970162,-9.811171,0.0001211953,-0.00060745154,9.226918e-05
28244000,-0.0036896656,-0.0045715636,-9.809896,0.0003148172,-0.00060387165,-0.0002981781
28248000,-0.009611824,-0.0075255376,-9.803978,0.00079407427,-0.00037856912,-0.0002661497
28252000,-0.0033339192,-0.009670212,-9.809412,0.00028306313,0.00015276743,-3.7690712e-05
28256000,-0.004132773,-0.0013168282,-9.805859,3.2874086e-05,0.0006161851,0.00026126136
28260000,-0.0026247888,0.002432951,-9.797041,0.0002900433,-0.00019639719,0.00066529424
28264000,0.0024965024,0.00021344282,-9.799496,-0.0006974183,0.00015212488,-7.3231175e-05
28268000,-0.0018707481,-0.0009378552,-9.8027115,-0.00072045013,0.0004384595,-0.00095137657
28272000,-0.0034733661,-0.001753281,-9.805359,0.00029282668,-0.0004172063,-0.0010867985
28276000,-0.002138758,-0.0042114854,-9.8059435,-4.321427e-05,-0.00018326758,0.00014515292
28280000,-0.0031856052,-0.0031097566,-9.80335,-0.0001557781,-0.00010316835,-4.4017048e-05
28284000,-0.0002966057,0.01039094,-9.79404,0.00013095069,9.427241e-05,-0.000252643
28288000,-0.003803756,0.007226559,-9.797045,0.00014866228,0.0004689027,0.0012306239
28292000,-0.00095928885,-0.004879524,-9.798273,0.00042347712,0.0004305916,0.0006349231
28296000,3.392808e-05,-0.002894382,-9.793982,0.00029558447,0.0005013186,-0.0004272236
28300000,-0.0044598402,-0.0013857624,-9.797701,-0.0006054819,-0.00043416998,-0.001346502
28304000,0.001954603,-0.0003299762,-9.797763,-0.0008318118,-0.0010526428,-0.0010112034
28308000,-0.00095804693,-0.001146031,-9.794777,0.00021551605,-0.0012656098,0.00036763767
28312000,-0.0056390455,0.008437224,-9.801039,0.0011595365,-0.00058587635,-2.1902191e-05
28316000,0.0006468772,0.0071722176,-9.80438,0.0012064035,0.0012610919,0.00044416456
28320000,0.002206912,-0.0075579616,-9.79219,0.0012528251,-0.00025976132,0.00025953763
28324000,-0.0058092703,0.0017250611,-9.796553,0.0009215946,-0.0011525336,-0.0006237306
28328000,-0.004171127,0.007474558,-9.804443,0.0009591621,-0.0002948177,-0.00052041415
28332000,0.0030731075,-0.004366547,-9.797855,0.0011230197,8.1482074e-05,-0.00033300172
28336000,0.004857691,-0.0061267638,-9.796845,0.0008379777,0.000856517,-0.00020355405
28340000,0.0015140354,0.002800402,-9.795816,0.00094352046,-0.00053802726,-0.0008813557
28344000,0.00045559608,0.0024100034,-9.79608,-0.00030681322,-0.0011374734,-0.0005880262
28348000,0.0030780162,0.00039823639,-9.794235,-0.0013084646,-0.00039494722,0.0009517454
28352000,0.00659634,0.00076091767,-9.792257,0.00052799296,0.00014005149,0.0013751374
28356000,0.004077005,-0.000116315154,-9.798096,0.0007627853,0.0006077595,0.0006174553
28360000,0.00023041529,0.0021836995,-9.801685,-0.00034176017,-0.0001473127,7.306483e-05
28364000,-0.0019402353,0.0021739705,-9.808544,-0.0007014898,-0.00014750166,1.721941e-05
28368000,-0.0035532406,0.0013465835,-9.808447,0.00042580644,-0.00021331536,-0.00015256164
28372000,-0.00024640848,0.0013682859,-9.80583,0.0009373009,-0.00060197624,0.0007678376
28376000,-0.0013251761,-0.0007245481,-9.811343,-0.00034200092,-0.0008056523,0.00034368478
28380000,0.00074737496,0.0009940474,-9.809883,-0.0006094603,-0.00015085236,-0.00031957706
28384000,-0.0007600713,0.0025614453,-9.806822,-0.00029210089,0.0007037658,0.0013075412
28388000,0.0016818668,-0.00477414,-9.808453,-7.731809e-05,-0.00019103133,0.00062879437
28392000,0.0022960005,-0.0016371884,-9.8007965,-0.00042144107,-0.00049575604,0.0008243184
28396000,-0.00013112277,-0.0003650426,-9.794244,-0.00064636936,4.5218425e-05,0.0014887422
28400000,0.0049607735,-0.00093570864,-9.799915,-6.725135e-05,-0.00018533622,0.0004780767
28404000,0.0037515773,0.007234305,-9.796481,0.0002573573,0.0005741587,0.00020214632
28408000,0.0016461018,0.0052355,-9.793661,0.00077655446,0.0004982987,0.00021679746
28412000,-0.005747361,-0.002472496,-9.800665,0.0007570427,-0.0007518021,0.0003332612
28416000,-0.0025091027,-0.0050823274,-9.801403,0.00013544435,-0.0006035805,-0.00042075198
28420000,0.002126439,0.0026303953,-9.796261,0.00050369394,-9.250033e-05,-0.00058442756
28424000,0.0007448236,-0.0033093533,-9.802592,-0.00047991125,0.0006765682,-0.0003675826
28428000,-0.0014534721,-0.00094118936,-9.806158,-0.0015061083,0.0013465728,0.00049186253
28432000,-0.0073895855,0.009693047,-9.79438,-0.001018851,0.0010126535,0.0005767898
28436000,-0.00042801193,-0.0024208324,-9.79053,-0.00025236077,0.00029795448,-0.0006213903
28440000,0.0073535168,-0.0018162794,-9.795009,0.00040605877,0.0002732651,-0.00068707723
28444000,0.00633162,0.007938516,-9.797663,0.0003880133,0.0002554057,-0.00024613828
28448000,0.0057829693,-0.0007959729,-9.801398,-0.00061027036,0.00022869238,-0.000991268
28452000,0.001296137,-0.00738963,-9.799225,-0.001256911,0.0013353849,-0.0008090853
28456000,0.0013954435,-0.002460238,-9.803242,-0.00017476804,0.001514215,4.084431e-05
28460000,0.0046511125,-0.0017911036,-9.802097,0.00015149624,0.0005875882,0.00069824175
28464000,-0.0008033923,-0.002331238,-9.7918215,-0.00034592857,-3.6193025e-05,3.683324e-05
28468000,-0.0026490758,-0.0029194977,-9.794139,-0.00034968628,0.000108291795,9.954952e-05
28472000,-0.0011449077,-0.0005217905,-9.79505,-0.000258671,0.00013135378,0.0015646818
28476000,-0.0011195007,0.003965318,-9.795154,0.00024569378,6.410805e-05,0.00033852787
28480000,0.0032492045,0.003637626,-9.796291,0.00074495166,-0.00017257527,-3.9213024e-05
28484000,0.0009048518,0.0027918885,-9.797445,0.0012239636,0.00033767932,0.0004869947
28488000,0.0055524632,-0.0032255584,-9.797205,-0.00020500552,0.0012576886,0.00043268973
28492000,0.0044759847,-0.0053151795,-9.802774,-0.0012858736,0.00075253664,-0.00028002172
28496000,-0.007689692,0.0036199025,-9.80315,0.0005359615,0.00048836455,-0.0009393439
28500000,-0.003213176,0.004763301,-9.801302,0.0012459791,-0.00034989495,-0.00025933917
28504000,0.00023316802,-0.0028378959,-9.804148,-8.353578e-05,-0.00033851602,0.00012895015
28508000,-0.0024025808,-0.00023945006,-9.803192,-0.00044564946,-0.00013430243,-0.00074751565
28512000,-0.0005514339,-6.29175e-05,-9.797274,-0.00034096398,-6.1430066e-05,-0.0007538477
28516000,-0.0016688504,-0.0005257571,-9.798747,-0.0009624607,0.00029092745,0.0005273679
28520000,-0.0044649565,0.006650465,-9.802404,-0.0009074786,0.0004161462,0.0006993999
28524000,-0.0062166387,0.008350481,-9.79954,-0.0003983562,0.00020802356,0.00038354372
28528000,-0.0059890295,0.011713778,-9.80307,0.00014808119,-0.0002466638,0.0002735221
28532000,0.0003367922,0.00931427,-9.804266,-6.142018e-05,-0.00068226474,0.0001898941
28536000,0.006867951,0.0007965667,-9.804428,0.00016694392,-0.0008282715,6.238821e-05
28540000,0.006602944,-0.00816661,-9.7955265,0.00050555926,-0.0009606755,-0.0004340533
28544000,0.0021765954,-0.0030365053,-9.797594,0.001096355,-0.0009078475,0.00054422574
28548000,0.0010025913,0.00586189,-9.802053,0.001413526,0.0006140408,0.00088006025
28552000,0.0014030901,-0.0024342586,-9.796583,0.0004167789,0.00093297823,-0.0003341527
28556000,-0.003939483,-0.0054247673,-9.798693,-0.00022507206,0.00016722303,-0.000604543
28560000,-0.0020757804,-0.0022250155,-9.795927,0.00030634028,-0.00026057987,-0.0003949542
28564000,-0.00042714115,-0.00936861,-9.790682,0.00060418935,-0.00041295827,0.0002440882
28568000,-0.0095150415,-0.016359372,-9.791748,-0.00033238844,-0.0016345701,0.00017729182
28572000,-0.010285225,-0.009276484,-9.793899,-0.0005165365,-0.0016218678,-0.00010197059
28576000,-0.0050251563,-0.003186325,-9.803684,-0.00061395386,0.00067261036,-0.00051185704
28580000,-0.0020637105,-0.004417027,-9.807119,0.00018694517,0.00053163734,-0.00039462178
28584000,0.0069558728,-0.003951577,-9.798698,0.0008958502,-0.00042226183,0.00019966331
28588000,0.009737773,-0.0013454458,-9.797029,0.00032969692,0.00041104958,-0.0004042633
28592000,0.0031473036,-0.003819985,-9.801769,1.8071478e-05,0.00091791345,0.00039920118
28596000,0.0031163758,-0.010884107,-9.801097,0.00025464455,0.0010955201,0.00051617203
28600000,0.0022131242,-0.0027106775,-9.79435,-0.00025808674,0.00068450184,-0.0003659191
28604000,0.0032733642,0.004515559,-9.801293,-0.0003718355,-0.00062666583,9.3207884e-05
28608000,0.0005252082,0.0012289546,-9.806335,0.00068899186,-0.0009392639,0.0004114613
28612000,1.7659742e-05,0.001100599,-9.803692,0.00057628856,-0.0003594265,0.00060560054
28616000,0.0045598974,-0.003945725,-9.7962475,9.604517e-05,0.0001430241,-0.0005168437
28620000,0.001286817,-0.0040405807,-9.795545,-0.00056688255,0.0008070933,-0.0008640304
28624000,-0.0059501184,0.002787303,-9.801609,-0.0011304556,0.0010656423,-0.00087074173
28628000,-0.010178879,0.0016977382,-9.797076,-0.00070891524,6.383267e-05,-0.0011923985
28632000,-0.0085965535,-0.0034621467,-9.795849,-0.00040938077,-0.00032162934,-0.0006023208
28636000,-0.00169638,-0.0038341468,-9.797508,5.6440134e-05,-0.0001044874,-0.00067278027
28640000,0.0018843625,-0.00088910275,-9.7941885,0.0012838641,-0.0003574015,-8.840673e-05
28644000,0.003543323,0.0014838967,-9.794432,0.0004111572,-0.001120436,0.00071730814
28648000,0.00380762,4.417031e-05,-9.798589,-0.0006353989,-0.00032775765,0.00047803143
28652000,-0.00012534414,0.0013105066,-9.797104,0.0001494859,0.00053931214,-0.0008689242
28656000,0.0012034166,0.0050873016,-9.792339,-0.0001715144,0.0006373488,-0.0010419702
28660000,0.003020322,0.004836157,-9.79485,0.0003644195,0.0008659857,-5.3077583e-05
28664000,0.005477742,0.0009200807,-9.799711,0.0014413907,-0.00034576622,4.196583e-05
28668000,0.005895977,-0.0033345087,-9.799491,0.0014260351,-0.0004058902,0.0005071187
28672000,0.0048169326,-0.005570537,-9.796061,0.0011162148,0.0006270309,0.0013316514
28676000,0.00610865,0.0013534346,-9.79501,0.000542812,0.00083398225,0.0011961261
28680000,0.0039492957,0.00058835803,-9.793545,0.0012167129,1.7185893e-06,-8.8738896e-05
28684000,0.0056700082,0.0030971111,-9.795537,0.00082261895,-0.00046274406,-0.0008982573
28688000,0.007510556,0.0064602573,-9.802406,-0.00077287713,0.00032268403,-0.0007312719
28692000,0.0074370895,-0.0028806378,-9.801544,-0.00026892364,0.0005087036,-9.4008e-05
28696000,0.009127836,-0.0049660103,-9.800111,-0.0004146558,0.0002969583,0.0006482753
28700000,0.010629443,-0.006809906,-9.800791,-0.0012100941,0.00047250735,0.0004308016
28704000,0.0029160073,-0.00094367476,-9.803955,-0.00029930475,0.00035471033,0.0009333153
28708000,-0.0007540734,0.008937646,-9.805952,0.00011728247,0.00029049985,0.0011009792
28712000,-0.0038563497,0.0049704807,-9.802019,-0.00028686793,0.000415135,0.0010493133
28716000,-0.008960992,-0.0008993982,-9.80324,2.5879153e-05,0.00029000017,0.0008532336
28720000,-0.0041169096,0.005081626,-9.80816,0.00030886615,-0.0004461043,0.00051916845
28724000,-0.0024833747,0.0021645399,-9.802698,9.8503806e-05,-0.00034167265,0.0008803629
28728000,-0.0016505627,-0.0056596957,-9.797224,-6.473524e-05,0.00062690786,0.0004599189
28732000,-0.0020490189,-0.0022974713,-9.800606,-0.00017762533,0.0008449014,7.516193e-05
28736000,0.004471544,-4.720452e-05,-9.8035555,-0.0001482673,0.00040158,0.0010753728
28740000,0.0073891445,-0.0025246143,-9.803958,-0.00052582007,0.00043795627,0.0006867671
28744000,0.00012832554,-0.00034378233,-9.806267,-5.0442897e-05,0.000658684,-0.00025147063
28748000,-0.0011630555,0.0014990744,-9.802835,0.0012721115,0.0001114606,-0.00058640854
28752000,-0.005674708,-0.0050953925,-9.800101,0.0005454223,-0.00018597585,-0.0012493465
28756000,-0.0071197385,-0.00344303,-9.799873,4.161197e-05,-0.00013145429,-0.00068929634
28760000,-0.0004441464,0.000943111,-9.795497,-0.00045583828,-0.0005870271,8.6104745e-05
28764000,0.005271335,-0.005913025,-9.799677,-0.00097627536,-0.00042477387,0.00030343584
28768000,0.006363124,-0.007813504,-9.7997,-0.00036624022,-0.00022978621,0.00037380305
28772000,0.0017439123,-0.0031841632,-9.79479,-0.00013203651,0.00025153125,0.00024054298
28776000,-0.0078150965,-0.0038992653,-9.799955,-0.0003075302,0.00017437473,-0.00041775688
28780000,-0.011633893,-0.006325974,-9.807949,8.767726e-05,-0.00074809714,7.847746e-05
28784000,-0.0012569462,0.0010152236,-9.804307,-8.9238965e-05,-0.00019080883,0.0003124444
28788000,0.00357925,0.0025421462,-9.799384,-0.0016528863,-0.0001344231,0.0008051485
28792000,0.0019624524,-0.0023037225,-9.799471,-0.0013557621,8.320793e-05,0.0013917444
28796000,0.001746007,0.0057361773,-9.803062,-0.00049013156,0.00034979056,0.0007384446
28800000,-0.0010292974,0.009305491,-9.802498,-0.0013202283,0.00019273617,0.0003460233
28804000,-0.0014616975,0.0018039257,-9.795017,-0.0009212905,0.000537358,-5.0099778e-05
28808000,0.0018510248,0.0061031994,-9.795408,0.00057523337,0.00033556033,5.1209478e-05
28812000,0.0045816055,0.006612533,-9.8011265,-0.00032388137,-0.0006406369,0.0005567829
28816000,-0.00032027857,0.0028463395,-9.797743,-0.0014057592,-0.00065176724,-5.8471123e-05
28820000,-0.0046830038,0.007714523,-9.790188,-0.00083724863,-0.00019694892,-0.00012074834
28824000,-0.002340977,0.009521582,-9.795486,-0.0006439126,-2.685037e-05,-0.0002255674
28828000,-0.0029495668,0.00067552243,-9.797573,-5.375124e-05,0.00056848745,-0.0004998137
28832000,-0.0027462554,-0.0039237766,-9.800693,0.00078693504,0.0002725451,0.00020940811
28836000,0.0028344092,-0.004432253,-9.797522,0.0010228218,0.0003741268,0.0011031921
28840000,0.00044057058,-0.0045175855,-9.793942,0.0011877252,0.00014685083,0.0010065975
28844000,-0.0037876624,0.009794112,-9.802795,0.0009037261,-0.0016653099,2.3245826e-05
28848000,-0.00012188757,0.0063710175,-9.804974,0.0006219939,-0.0015531173,0.0003137477
28852000,0.0076657636,0.0009367883,-9.801816,-0.00013996115,0.000447091,-0.00038902892
28856000,1.7376617e-05,-0.0013269078,-9.798431,-0.0005932637,0.0009578838,-0.0013687257
28860000,-0.0022638878,-0.005606098,-9.793917,-0.0003221742,0.00025886323,-0.0011215647
28864000,-0.0016121727,2.647532e-05,-9.793262,7.836428e-05,0.0007153803,-0.00033363147
28868000,-0.0036556935,0.0042015803,-9.798784,0.00086848164,0.0011979889,-0.00033323278
28872000,0.0070974426,0.0058512003,-9.803107,0.00028878826,0.0007787631,-0.0009926953
28876000,0.008809216,0.007310697,-9.80606,-0.0006017766,-0.00022034917,8.040573e-05
28880000,0.0072286157,-0.0022413987,-9.800565,-0.0006522264,-0.0002564739,1.0490067e-05
28884000,0.008052273,-0.006168597,-9.799211,-0.00013090354,-0.00015704328,-0.00056612835
28888000,0.0003571434,0.0041489773,-9.797695,0.00018738756,-0.00010922975,5.7575962e-05
28892000,-0.00081615953,0.00473078,-9.790081,-0.00038323537,-0.00037503688,0.00032862325
28896000,0.003414674,-0.0008570136,-9.796709,0.0007002271,-0.00045842474,0.00072684925
28900000,-0.003686782,-0.0016886633,-9.802992,0.0005055716,-4.8416867e-05,-8.057073e-05
28904000,-0.007488118,-0.00021470281,-9.804884,-0.00088019855,-0.0008344721,-0.0009380008
28908000,-0.0031712058,-0.011147319,-9.801603,-0.00032721012,-0.00058961817,-0.0008156745
28912000,0.0037845692,-0.0103207305,-9.790678,0.000274335,0.00059028977,-0.0005464262
28916000,0.0029128743,0.005330408,-9.790045,0.0008813887,0.0010643386,-0.0005546031
28920000,0.0033806348,0.0028043257,-9.7966385,0.0010965075,0.0007274232,-0.000691216
28924000,0.0019687314,-0.0064979857,-9.796242,0.00043608723,0.00067174895,-0.0010175798
28928000,-0.0060703456,-0.001135664,-9.798479,8.7887354e-05,0.00053223735,-0.0012069985
28932000,-0.00034859037,0.006833007,-9.807108,3.9417908e-05,-0.00046347856,-0.0005954013
28936000,0.0023529879,0.0038130204,-9.802427,0.0004895013,-0.0012170299,-1.6359196e-05
28940000,-0.001904577,0.0026436374,-9.799274,0.0010895929,-0.0010222897,0.0006275139
28944000,0.00034250965,0.008966845,-9.808833,0.00033144795,-0.0003282859,0.00046620163
28948000,0.004507519,0.006878287,-9.805416,2.241355e-05,-0.0002741004,-0.00031097795
28952000,0.0018755115,-0.00032266858,-9.79479,0.00022160294,-0.0005584589,-0.0004610642
28956000,0.0037612254,0.00033814032,-9.799456,0.00033820607,-0.00041640957,0.00017124623
28960000,0.0047119055,-0.0018356631,-9.805012,0.0003504257,-0.00084419,0.00035792144
28964000,-0.00378225,0.004517945,-9.806181,-0.00022028427,-0.0008555961,0.00049410935
28968000,-0.002119938,0.005142854,-9.804548,-0.00024788908,-0.00078677735,0.00020039352
28972000,-0.0045760865,0.003669201,-9.795378,0.0004699581,-0.00091181986,0.00029916575
28976000,-0.0025289452,0.007743575,-9.7986355,0.00062181416,0.00026912132,-5.6953817e-05
28980000,0.0049489206,-0.006192603,-9.805092,0.00097022485,0.00094767375,-0.0013103596
28984000,0.0014159142,-0.00550059,-9.799505,0.00046994787,-0.0005763707,-0.0007158987
28988000,-0.003447036,-0.0013094277,-9.792891,-0.00019822831,-0.0010165144,0.0006368852
28992000,-0.0009397444,-0.002291183,-9.792503,-0.0004094834,0.0001415859,-4.3248794e-05
28996000,-0.0024544431,0.0020219383,-9.798342,0.0001921336,0.00055067847,-0.001447631
29000000,-0.0022060939,-1.2533956e-06,-9.794483,0.00091016735,0.0009696949,-0.0012068317
29004000,0.0010137714,-0.0034962592,-9.794177,0.0007655738,0.00069930166,0.00015049546
29008000,0.00095928204,0.0015569822,-9.802031,0.00042487914,-0.00036023904,0.0004583369
29012000,0.002058882,0.007334981,-9.806335,-0.0005437483,-0.0011356468,2.2129903e-05
29016000,-0.0012662056,0.0028278364,-9.800264,-0.00018091305,-0.0007811805,0.0010992638
29020000,-0.0063712895,3.3512457e-05,-9.793671,2.4928266e-05,-0.00010128701,0.00080259755
29024000,-0.012300776,-0.00088545657,-9.801872,0.0004136391,-7.575315e-05,-0.00027567573
29028000,-0.009659482,-0.0011553495,-9.808043,0.00068349537,0.0002719854,-4.9801652e-05
29032000,-0.0030452025,-0.00034451994,-9.804919,9.838837e-05,0.00022675336,0.00016577887
29036000,0.00058408134,-0.0025458783,-9.799066,0.00038856087,0.00032017133,-0.0006023425
29040000,0.0023864938,-0.003214919,-9.798441,0.00038415386,0.00020642568,-0.00021333683
29044000,0.0007898362,0.0016779753,-9.798889,-0.0007059579,4.0224957e-05,-0.00012820019
29048000,-0.00062960596,0.0043343063,-9.7991085,-0.00053831225,0.00048516056,-0.0008296905
29052000,0.0034992297,-0.0017052462,-9.798538,0.0002808515,-0.0011090378,-0.0007854235
29056000,0.0038720155,0.0069398824,-9.796312,0.00048812752,-0.0013335225,-0.0011400497
29060000,-0.0009027947,0.010043514,-9.79999,0.0003132346,0.0003250041,-0.0018266977
29064000,0.002001359,-0.0036218886,-9.801788,4.429703e-05,0.0007150419,-0.0010918166
29068000,0.0033032596,-0.003145956,-9.804489,-0.00018444417,0.00039682613,-0.00014766112
29072000,0.0017810895,-0.0024737332,-9.801805,-0.001054997,-1.8161403e-05,-0.0005949817
29076000,0.0009968814,-0.0035438,-9.792297,-0.00051474915,0.00013418558,-0.00046320763
29080000,0.003001383,0.0018779666,-9.799042,-3.943343e-05,-0.00032086408,-0.0003198957
29084000,0.0027373123,0.00073271326,-9.804271,-0.00024826665,0.00040206345,-0.00034272004
29088000,0.003310931,-0.0056188833,-9.801895,0.00016976804,0.0011507687,-0.000708158
29092000,0.007960917,-0.006567458,-9.801602,-0.0005180187,0.0004104857,-0.000595645
29096000,0.0044469265,-0.0067444765,-9.810865,-0.0005945488,5.4707576e-05,0.0007106835
29100000,-0.003247479,-0.0025117658,-9.810577,-0.00021850738,0.00021774283,-0.00060398673
29104000,-0.00885267,0.00097053865,-9.796826,9.7958764e-05,0.00022291348,-0.001016452
29108000,0.00012850997,-0.00033863948,-9.79673,0.00044149673,-0.0005885873,0.0003390241
29112000,0.0064938725,0.002809511,-9.794605,-0.000106054205,-0.00032933516,-0.0005605939
29116000,0.008257954,-2.7887223e-05,-9.795658,0.00010546826,0.00027285083,-0.0007358334
29120000,0.0050120605,-0.00010865476,-9.79637,-0.000731047,-0.00031413432,0.0005678732
29124000,-0.0010893093,-0.0060780537,-9.793495,-0.00050891575,-0.00077920535,0.00021460203
29128000,0.0039323075,-0.013108345,-9.793117,0.0012386617,-0.0005824168,-0.00090319425
29132000,0.00014584768,-0.0033332102,-9.792222,0.00025893224,-0.0005956192,-0.0009888794
29136000,-0.007167499,-0.00021606994,-9.795539,-3.845548e-05,-0.00012136374,-0.0010415848
29140000,0.0010000683,0.002759115,-9.795056,0.00011104841,-4.4189866e-05,-0.0001299934
29144000,0.005482332,0.0067741373,-9.798828,0.0006203911,-0.0005779819,6.976634e-05
29148000,0.0017819749,0.005160068,-9.798875,0.0007310668,1.3583594e-05,-0.0011215365
29152000,0.0018034478,0.009178692,-9.796207,-5.8980895e-05,0.0005283327,-0.0011829176
29156000,-0.0022336182,0.010129046,-9.8020735,-4.5928646e-05,0.00041137938,-0.00032811542
29160000,-0.00017594805,0.007102266,-9.805471,-0.00024430995,0.0004808805,0.0003919873
29164000,-0.0022670752,0.0035705054,-9.802147,0.00030662472,0.0004319414,-0.00041372984
29168000,-0.011197122,0.00043828733,-9.800294,0.00024866842,-0.00027193964,-0.0013694878
29172000,-0.0022864658,0.00037182367,-9.802213,0.00038102074,-0.00038655737,-0.0010551342
29176000,0.0070437216,0.0036950742,-9.801765,3.332094e-05,-0.00037225377,-0.0007328807
29180000,0.0001580203,0.0066703963,-9.795321,-0.0008841689,-0.0007575812,-0.00056153064
29184000,-0.0030252014,0.0035079105,-9.792203,-0.0005862898,-0.00041021136,-0.0007832958
29188000,-0.0008566242,0.006685821,-9.792966,0.0006382281,0.00051294506,-0.00045449936
29192000,0.0028997061,0.0053728176,-9.796696,0.0001897285,0.00040940728,0.0008144606
29196000,-0.0009048393,0.00047365046,-9.795519,-0.00013039424,-0.0008157439,0.0001947019
29200000,-0.00756568,-0.00028719637,-9.792502,0.0006386055,-0.00089354,-0.000319123
29204000,-0.0024441176,0.002169212,-9.800181,0.00019019384,8.379237e-05,0.0006068463
29208000,0.008355043,0.0043456894,-9.8006,0.0006402159,-0.0003148391,-0.00071086135
29212000,0.012003656,0.0006851298,-9.794244,0.0007216304,0.00026660864,-0.00086123694
29216000,0.0018674401,-0.0052944394,-9.795759,-0.00092041655,0.0012067759,-0.0001041426
29220000,-0.0014370753,-0.005007145,-9.795361,-0.00054346165,0.0007154412,-0.0004110479
29224000,-0.0017831245,0.00010117575,-9.793346,0.00090523175,0.0002888435,-2.987021e-05
29228000,-0.002160037,-0.0016553643,-9.795672,0.00057474937,0.0002888537,-0.00020049539
29232000,0.0009092739,-0.0033382745,-9.804061,0.0001634662,0.00068553037,-0.000795442
29236000,0.0027576992,-0.0051496164,-9.809001,0.000363473,-1.2591121e-05,0.00010926796
29240000,0.0043853307,-0.0031747671,-9.801966,0.00055969297,0.0006226564,0.0007136171
29244000,0.004347721,-0.0002485605,-9.79945,0.00017689627,0.0006957938,0.0007020568
29248000,0.0037790998,-0.0019666217,-9.802292,-0.0011260202,-7.0360955e-05,0.00020641874
29252000,0.001070533,-0.0031388544,-9.799475,-0.0014987048,0.0005234152,-0.0009905555
29256000,-0.002745457,-0.0022726771,-9.799135,-0.0002985103,0.00013747062,-0.00031093747
29260000,-0.002871596,-0.0023928534,-9.802456,0.00025334503,0.00020558169,0.00083702424
29264000,0.004153164,-0.0024882334,-9.796319,-0.00035191348,-0.00039548767,0.00043145573
29268000,0.0010535927,-0.0030590224,-9.796558,-0.00017692435,-0.0009988911,0.00074628316
29272000,-0.0068269093,-0.0033664666,-9.801886,0.0009359256,-3.158438e-05,0.0012138193
29276000,-0.0020688567,-0.0042690057,-9.805058,0.00011041636,-0.00037466187,0.00071229564
29280000,-0.0026442208,-0.009167299,-9.802679,-0.0010478486,-0.0010295169,-0.00034684397
29284000,-0.0030273595,-0.013026905,-9.795845,-0.00086137163,-0.00014718244,-0.00036602453
29288000,0.0014306109,-0.0076698433,-9.793896,0.00072140264,-0.00016384212,0.0006897307
29292000,0.0045873867,-0.0041177142,-9.7961235,0.0018176222,0.00015874601,-0.0003916927
29296000,0.003266364,-0.0022847813,-9.799326,0.001039072,0.00056231883,-0.0010363511
29300000,-0.001749089,0.0040260204,-9.798337,0.0004636693,-0.00018478603,-0.0006332517
29304000,0.0018750834,0.0012523271,-9.80487,0.0004966108,-0.0007082593,-0.00052255794
29308000,0.007418884,0.00062570866,-9.805134,-0.00047064843,-0.0011781246,-0.0002041117
29312000,0.0065480773,0.00071978825,-9.800521,-0.0017620999,-0.0003605376,-0.0005020763
29316000,0.002544762,-0.0013353968,-9.802671,-0.0016331087,0.00029793364,-0.00040104406
29320000,-0.003302531,0.0023429645,-9.795292,-0.0007599766,0.00071905385,0.0006212244
29324000,-0.0012607581,0.0013916132,-9.792393,-1.2095016e-05,0.0002695381,0.00046656362
29328000,0.005530855,-0.00064546854,-9.802324,0.0006979865,-0.00046672454,-8.123979e-05
29332000,-0.0010392456,-0.0036558546,-9.810325,0.00048658944,2.569251e-05,-0.00036392594
29336000,-0.0018653306,-0.003648581,-9.812027,-0.000217399,-3.4361674e-05,5.593224e-05
29340000,0.0029271804,-0.00058611546,-9.804438,-2.5935493e-05,0.00024877334,0.00052783894
29344000,0.0027404353,6.9926704e-05,-9.803579,0.00012372815,0.0010988105,5.059681e-05
29348000,-0.00064933347,0.005751579,-9.805704,0.00032311407,0.00075730437,6.9676094e-06
29352000,-0.0031491518,0.0004263275,-9.797047,6.42461e-05,-0.00022597193,-0.00015728704
29356000,0.0027089969,-0.0044087814,-9.799632,-0.0006620374,-0.00061692204,-0.0006665435
29360000,0.0033977684,0.0006910277,-9.805681,-0.0006004973,-0.00020998513,-0.0008192253
29364000,-0.0015461021,0.0027843388,-9.799133,-0.0003058029,0.00024910807,0.00013332754
29368000,-0.0047897156,0.0010874243,-9.798662,0.00021299669,-0.0002428873,0.00011803108
29372000,-0.0016791268,-0.006428378,-9.802231,0.0004640237,-7.505097e-06,-0.00072757027
29376000,-0.0025860723,-0.0014815023,-9.806613,0.00056456856,-0.00014645129,-0.0011842467
29380000,-0.004710478,0.004189675,-9.8028145,-0.00019913168,8.8906934e-05,-0.0011796977
29384000,-0.012699731,0.0010991305,-9.79949,-0.0005990769,0.00046283242,-0.00038854667
29388000,-0.011193243,0.0038202233,-9.804269,-0.00038267788,-0.0010475739,0.00010469937
29392000,0.0029732771,0.003649847,-9.798228,-0.0006935123,-0.001541865,-0.00011590144
29396000,-0.0026687959,0.004807507,-9.7930975,-0.00027557174,-0.00075466046,0.0005665868
29400000,-0.0030311383,0.004364227,-9.796099,0.0004617723,0.00036168966,0.0011124853
29404000,0.0031258175,0.0035893726,-9.799222,0.0003727536,0.0005630909,-0.00015460278
29408000,0.0053455755,0.0022215678,-9.79727,0.00012463126,0.0007660289,-0.00063214597
29412000,0.0041335747,-0.003548127,-9.795165,-5.6033045e-05,0.0011515169,-0.00072366337
29416000,-0.0011249899,-0.0017348782,-9.796806,-0.0003551498,0.0010985557,3.7267073e-05
29420000,-0.0047103306,-0.0060948837,-9.800187,-0.00032445867,0.00042098708,-4.4543805e-05
29424000,-0.009890118,-0.0046466966,-9.797434,-0.00014336176,-0.00040941025,-0.001083871
29428000,-0.010436809,0.00060117606,-9.796902,0.00052395003,0.00039116325,-8.389995e-05
29432000,-0.003229592,0.0018627039,-9.801642,4.860726e-05,0.0013785469,-0.00016884107
29436000,0.0014568171,0.0028045191,-9.798579,0.00031700908,0.0002887223,-0.0009600186
29440000,0.002938152,-0.005864438,-9.797874,0.00020060461,-0.0006819769,-0.00052077
29444000,0.00088737684,-0.009944553,-9.810715,-0.0009521837,-0.0007216834,0.00022227589
29448000,-0.0046078144,-0.003296488,-9.811501,-0.0004000533,-0.0007332775,0.0004901372
29452000,-0.007825516,0.004660344,-9.803548,-8.2820574e-05,-0.00035121135,0.00046334587
29456000,-0.0006677705,0.001144696,-9.799916,-0.00050680054,3.9667284e-05,0.0004204376
29460000,0.0076088053,-0.0038027596,-9.797761,0.00039011904,-0.0003206641,0.00049559824
29464000,0.0063128956,-0.0031187586,-9.799711,0.0017439487,-0.00052416686,0.00019328504
29468000,0.005136731,-0.0012418149,-9.80024,0.0008725607,4.7420795e-05,-0.00037094875
29472000,0.0042756977,0.0008011863,-9.802585,-0.00037292507,-0.00011811591,0.0002558657
29476000,0.0022922517,-7.431068e-05,-9.801441,-0.0007059222,0.00028866707,3.8934813e-05
29480000,0.008776369,-0.0012149763,-9.799213,0.0003474343,3.5996334e-05,-8.7131455e-05
29484000,0.010486359,-0.0038267581,-9.801552,0.001026473,-0.0011163838,-0.0007110621
29488000,0.0060146465,-0.0066045555,-9.798414,4.392265e-05,-0.0010150557,-0.0012088768
29492000,0.0051847883,-0.009019584,-9.797861,-0.00034065737,-0.00047574443,-0.00093280914
29496000,-0.00034999294,0.00010360357,-9.789909,-4.3796244e-05,0.0008075488,-0.0008055726
29500000,-0.0021802683,0.0068890234,-9.78718,0.00059600227,0.0014771228,3.6987808e-06
29504000,0.005690041,-0.0045408634,-9.802961,0.00023341842,1.3734045e-05,-0.00015105325
29508000,0.0031427348,-0.008047598,-9.807959,-0.0005778558,-5.7707297e-05,-0.00047399683
29512000,-0.002952705,-0.00082707143,-9.805166,-0.0007271368,0.00045796097,-0.00046263833
29516000,-0.0031625507,-0.0007692682,-9.80492,-0.0002720389,-7.508445e-05,0.00059347163
29520000,-0.0023748032,-0.0026940578,-9.806324,0.0005835317,-0.00032119578,0.00020721735
29524000,0.0011018768,-0.0010933129,-9.805891,0.0004295503,-0.00049156847,-0.00026602557
29528000,0.003807324,-0.0014572189,-9.799763,0.00067979674,-0.0006796243,-0.00043811035
29532000,0.0065752733,0.00057352555,-9.796013,0.00095381925,-0.00062921824,-0.0008361772
29536000,0.0014446843,0.0018175509,-9.799974,9.15221e-05,-0.00056817586,-0.00043747362
29540000,0.0012225069,-0.0041370154,-9.798386,0.00036953142,4.9949933e-05,-0.00014382704
29544000,0.0014795759,-0.0048850058,-9.79582,-9.5890726e-05,5.8258625e-05,6.119481e-05
29548000,-0.007608537,-0.002295105,-9.795805,-0.0003350078,1.05738745e-05,-0.00051816955
29552000,-0.003178702,-0.0047479155,-9.795851,0.00023175329,0.00020468642,-0.00021777036
29556000,-0.001407438,0.0022031849,-9.799127,-3.351622e-05,-0.0003362931,0.00051058666
29560000,-0.0060082525,0.0056703216,-9.804129,-6.222495e-05,0.00019106588,0.00028632776
29564000,-0.0020663498,0.0013803074,-9.804954,-7.763315e-05,0.00054777233,0.0004865965
29568000,-0.002590323,-1.5559972e-05,-9.800974,0.0002319064,-8.476651e-05,0.00046075994
29572000,-0.006461119,-0.0074410974,-9.801271,9.283483e-05,-0.0007537605,0.00028325873
29576000,0.0013648607,-0.0065544196,-9.808282,-0.00025442627,-0.0013240915,0.00083327806
29580000,0.0063956087,0.0019096601,-9.811474,0.00066771114,-0.0008359496,0.0002867619
29584000,-0.003791131,0.0021282607,-9.804695,0.0004999737,-0.00035128838,-0.0008242557
29588000,-0.007354116,0.002223657,-9.803511,-0.00068561535,-0.0005547844,-0.0012033735
29592000,-0.0006361797,0.0045248643,-9.800707,-0.0007943107,-7.124455e-05,0.00033226676
29596000,0.0031824494,0.004634136,-9.794853,-9.527636e-05,0.00030939953,0.00018676615
29600000,-0.0033163498,-0.001184273,-9.795198,3.9158316e-05,-6.414967e-05,-0.0010852123
29604000,-0.0076234844,-0.002544006,-9.79896,-0.00011172406,-0.0003513583,-0.0005096273
29608000,-0.006326738,0.0027694257,-9.795249,5.3539887e-05,0.00020700095,-0.00018964827
29612000,-0.00088911003,-0.0034898191,-9.789015,-1.00299685e-05,0.00068328396,0.0005923448
29616000,0.0016320198,-0.012506244,-9.793682,0.00021041237,0.00075551606,0.000502329
29620000,0.0030155368,-0.0056136716,-9.804865,-0.00017637305,0.00025438148,0.00060956966
29624000,0.0017402578,0.004448264,-9.812257,0.00055730407,-0.00018088003,0.0012808419
29628000,0.00068263395,-0.002447227,-9.808363,0.0008526451,-0.00020685706,0.00076222094
29632000,0.001537988,-0.007259504,-9.806284,0.0008522265,-2.584189e-05,-0.00019233004
29636000,0.0005666587,-0.0010953482,-9.806511,0.0012541485,0.00083619566,-0.00014739728
29640000,-0.0007420742,0.005766118,-9.80658,0.0007494809,0.0009252699,-3.266761e-05
29644000,-0.0031604744,0.0152989505,-9.801807,0.00076313404,-0.00043630583,-0.00012030071
29648000,0.0061266413,0.013860751,-9.799483,0.00038812743,0.00013202075,-0.00036002157
29652000,0.012061913,0.0027791283,-9.805365,-0.00011862638,0.0012752038,-0.0013351112
29656000,0.0052162283,-0.001971502,-9.8039,-0.0007867848,-0.0002976059,-0.0010566213
29660000,-0.0009148576,0.0030237718,-9.800781,-0.0005358546,-0.00065976643,1.235419e-05
29664000,0.00023461078,0.010933591,-9.804068,0.0003967876,0.00046528174,0.00094448775
29668000,0.00131168,0.0045049554,-9.80435,4.3402568e-05,0.0010278666,0.00019497263
29672000,-0.0035432966,0.00084435515,-9.793533,-0.0011270443,0.00089703646,-0.0007210668
29676000,0.00043015904,0.00083080644,-9.792645,-0.0009313668,0.00026085004,0.00038019847
29680000,0.004358104,-0.0058365357,-9.802314,0.0006869851,0.0004635917,0.0008527702
29684000,0.004243071,-0.004538723,-9.799702,0.0005140088,0.0010837176,-3.0389703e-05
29688000,0.0006364089,0.0014013258,-9.798815,9.367464e-05,0.00054939167,-0.00052117324
29692000,-0.0020203853,-0.004062594,-9.803698,0.00019578724,0.00063498784,-6.5343964e-05
29696000,0.0013841266,-0.0015087416,-9.800922,0.00031918508,0.00076595985,-0.00047861505
29700000,-0.0009408768,0.0063001635,-9.794304,-7.913773e-05,0.0006499823,-0.00059470406
29704000,-0.003009639,0.0071922685,-9.789728,-0.0006222656,0.00084109453,-0.00064947683
29708000,-0.00173623,0.009175362,-9.797253,-0.00018932595,0.00051434856,-0.00049760373
29712000,-0.0046520685,0.0035015529,-9.802801,-5.5595418e-05,0.00036252328,0.000684603
29716000,-0.0035738973,-0.001077839,-9.7990885,-0.0007146674,-0.00053812657,0.00028248518
29720000,0.0065104803,-0.004697469,-9.797716,-0.0012013563,-9.160834e-06,-0.00052419945
29724000,0.0065324176,-0.004150825,-9.796586,0.00031149792,0.00078070804,-0.0012682205
29728000,0.0066253156,-0.0045542843,-9.803551,0.00025443968,0.0006977574,-0.000753884
29732000,0.0057637757,-0.0047476706,-9.802172,-0.0004195699,0.00025327556,0.0010071117
29736000,0.0029424375,-0.0006583436,-9.79937,-0.0004647994,0.0001615567,8.3260966e-05
29740000,-0.0021514343,0.0033320112,-9.803632,-0.0014690139,0.0007343339,-0.0011205424
29744000,-0.011591442,0.0024503893,-9.796539,-0.00047951733,-0.00018953193,-0.0011100448
29748000,-0.003395982,0.0004338731,-9.795208,0.0011463942,-0.00052095274,-0.00083702494
29752000,0.007026962,0.0025638547,-9.797665,0.001116046,-0.0008879445,0.00010131552
29756000,0.006584487,-0.0036370414,-9.802441,0.00023921354,-0.0011355608,0.00087976636
29760000,0.0020850538,-0.004173195,-9.80485,0.00014222493,-0.00051179936,0.00013855897
29764000,-0.00068864634,0.0021538693,-9.801477,0.00045201622,0.00012685667,-0.0007025795
29768000,0.0033400883,-0.00041383982,-9.801926,-9.992288e-05,0.00063453167,-8.1298684e-05
29772000,-0.003602948,0.004237405,-9.800944,-0.0006095092,-7.0656e-05,4.6867666e-05
29776000,-0.0051175086,0.011501422,-9.794653,0.00043737757,0.0001631013,-0.0003245918
29780000,-0.0014495138,0.002597221,-9.786547,0.0005634559,0.00025534353,-0.00016529099
29784000,-0.0034751976,-0.004012262,-9.795805,-0.0005738394,-0.0005443523,0.00041061427
29788000,-0.007525432,0.00084829563,-9.805276,-0.00077935075,-0.0006304002,0.00043114452
29792000,-0.008945485,-0.002180453,-9.799341,-0.0008225386,-0.0004579106,0.0004217151
29796000,-0.0015666713,-0.007891518,-9.788527,0.00053278886,-0.0004453243,-0.00012948035
29800000,-0.0032732561,-0.0044165864,-9.78545,0.0017048419,-0.000358732,-0.0011238459
29804000,0.0015487077,-0.00309404,-9.791281,0.00081832334,-0.00012179112,-0.0003812853
29808000,0.0034924895,0.0025388647,-9.797682,-0.00048126344,-0.00073818874,1.1327764e-05
29812000,0.0003931137,0.005229192,-9.800861,-0.00059832184,-4.4056178e-05,-0.00054215034
29816000,-0.00027375133,0.0017827881,-9.799055,0.00032630455,0.000882865,-8.0246915e-05
29820000,-0.0018269757,-0.0054710167,-9.796976,-9.097782e-05,0.001140881,0.0009215764
29824000,0.003484206,-0.0067745415,-9.797255,-0.0004215167,0.0006149274,0.00063183246
29828000,0.00010796335,-0.0015931361,-9.797648,0.0008503798,-0.0004983724,-0.0007125913
29832000,-0.0035193288,0.0025890549,-9.795405,0.0015475416,0.0004119685,0.0001058239
29836000,-0.005090774,0.008207199,-9.795993,0.0008305586,0.0002892748,0.0005647756
29840000,-0.00609303,0.008978997,-9.802548,0.00064947235,0.00013116875,2.8467362e-05
29844000,0.00046754017,0.0070591588,-9.806168,0.00051170436,0.0009903281,3.7893944e-05
29848000,0.0045109745,0.006497764,-9.798308,-0.00031428065,0.00046202334,0.00010386518
29852000,0.0084373085,0.003038917,-9.798882,-0.00064499665,-0.0005053521,0.0010636175
29856000,0.0092213685,-0.0033254763,-9.806975,-0.000199737,-0.0003402417,0.0005511826
29860000,-0.00081146683,0.00012104961,-9.806496,-0.0002515727,0.00080879027,-0.0002948527
29864000,-0.0012931533,0.0014090772,-9.800686,-0.00094129523,7.5405274e-05,0.00012400455
29868000,0.0022349646,-0.0016258004,-9.796984,8.100233e-05,-0.00033374553,5.7213194e-05
29872000,-0.0007767922,-0.00039139146,-9.791391,0.00078187324,-7.454821e-05,-0.00033032193
29876000,-0.0036985488,-0.00036576178,-9.789711,0.00043353922,-0.00073774334,-8.252959e-05
29880000,-0.005230048,0.0036145798,-9.79973,-0.0002933053,0.00061214867,0.00017941382
29884000,-0.0063169682,0.008216833,-9.807371,5.4080414e-05,0.00080439175,-0.00024994402
29888000,-0.008909559,-0.00030869665,-9.804928,0.0009561709,0.00017333783,0.0002036044
29892000,-0.005892774,-0.0037618014,-9.800323,0.000106022206,-0.0001370523,0.00018838378
29896000,-0.001507543,5.2436822e-05,-9.798748,0.00014044026,-0.00046694817,-0.00016868375
29900000,-0.0017763332,-0.005957274,-9.795643,0.00081283506,-0.00047938369,0.0003966386
29904000,-0.0021933084,-0.009921476,-9.801104,0.0003618028,-0.0011483358,0.0005281608
29908000,-0.00013763312,-0.004579165,-9.80319,-0.00068845204,-0.0007395914,0.00031787468
29912000,0.0076952837,-0.002053526,-9.801537,-0.0006044784,0.00042833824,2.595371e-06
29916000,0.0102528855,0.003699346,-9.807457,-0.00078921195,-0.00020719528,-0.0004192527
29920000,0.0047349045,0.0043447562,-9.800547,-0.0011033589,-0.001316087,-0.0008504132
29924000,0.004376511,0.0013146691,-9.798547,0.0003258769,-0.0004559858,-0.0011919175
29928000,0.0036940924,0.0022298193,-9.8029175,-7.9018224e-05,0.0005535782,-0.00028394733
29932000,-0.0006741017,-0.0056714234,-9.80233,-0.0011407186,-0.00014395193,0.0010527512
29936000,-0.002836743,-0.0116957985,-9.807917,-0.00030566362,-0.00050538924,0.001171044
29940000,-0.0037743952,-0.0017566844,-9.810549,2.6760432e-05,3.948315e-05,0.0004597278
29944000,-0.0014978275,0.00802311,-9.805779,-0.00048299154,-0.00016726702,0.0005119835
29948000,-0.001254299,0.0024086798,-9.798222,-0.00019685534,-0.00039399118,0.0005922848
29952000,-0.00961352,-0.0025748266,-9.802852,-0.00035271735,-0.00041209796,-0.00045550583
29956000,-0.0050496263,-0.0003985246,-9.801586,-0.0011984769,-0.00097109616,-0.00070956076
29960000,-0.00072293484,-0.001142145,-9.792362,-0.0010696036,-0.0014349816,-0.00020920383
29964000,0.004109135,-0.002531154,-9.798384,2.848798e-05,-0.0006811475,0.00060651917
29968000,0.0070578693,-0.0025927005,-9.802252,9.608484e-05,-8.014231e-05,-0.00038315644
29972000,-0.00051858457,-0.0048608626,-9.801276,-7.179518e-05,-4.5676403e-05,-0.0012155294
29976000,-0.0026700904,-0.007144891,-9.8011265,-0.00026437076,0.00033089743,-0.00062991004
29980000,0.0018228625,-0.0022284284,-9.790537,-0.00107834,0.00042785617,-0.0005483571
29984000,0.004324783,-0.0038644525,-9.782717,-0.00032758072,-0.000102753955,0.00081367785
29988000,0.00060828094,-0.0019699568,-9.7955265,0.00042903327,-0.00025977453,0.0012112007
29992000,-0.0013303489,-0.00043879365,-9.802931,1.2296673e-05,-4.2361844e-05,-0.00010791941
29996000,-0.0038862494,-0.0016837107,-9.797518,-0.0005020057,-0.0006642386,-0.00056532846
30000000,0.0024026998,-0.0019607523,-9.795604,-0.0009713871,-0.0013674899,-0.00033495924
30004000,0.003854922,-0.008634292,-9.790018,-0.0007873172,-0.0003693265,0.00045350395
30008000,-0.004129588,-0.00852991,-9.792015,0.0005381951,0.00018509162,0.00053009996
30012000,-0.0071214847,-0.004667899,-9.798126,0.0009188999,-0.0005959276,0.00041486934
30016000,-0.0052722692,0.0045574056,-9.794388,0.0007004104,-0.00034176416,0.00025340822
30020000,-0.0028120761,0.0056663384,-9.789503,0.0009160846,-0.00039666516,0.00039887908
30024000,0.0039841486,0.008764936,-9.791676,-6.0605194e-05,-0.00017962423,0.00051021605
30028000,0.007061044,0.008765065,-9.799368,-0.00012539774,8.19802e-05,-0.00037305927
30032000,-0.0019403126,0.0008698964,-9.802103,0.0010788214,-0.00023057048,0.00057717337
30036000,-0.005361142,-0.0014799428,-9.798519,0.00049733015,-0.00043481062,0.00012638351
30040000,-0.0005592436,-0.0039584283,-9.7944765,-0.0003556374,0.00013348136,-0.00037108932
30044000,-0.0023399908,-0.0029581462,-9.79828,-0.00045462797,0.00078656594,0.00021473545
30048000,-0.007604258,-0.0034880254,-9.795223,-0.00050746487,0.00076621934,-0.0006460328
30052000,-0.0016024623,-0.0003522232,-9.793343,-0.0002622625,0.0006058562,-0.001143871
30056000,0.0037333565,3.4660414e-05,-9.795973,-0.00019236236,0.00024646797,-0.0005661525
30060000,0.006448008,0.0008014567,-9.792929,0.00010423562,-0.00065868226,0.00020421411
30064000,0.0056269537,0.008111497,-9.79616,0.0006799986,-0.0011635638,0.00021227422
30068000,0.0018404226,0.003474656,-9.795215,0.0005356506,-0.00012749783,0.00034130894
30072000,0.0037092487,-0.0011674613,-9.797159,0.0006836098,0.00056917995,-4.348234e-06
30076000,0.005180452,0.002495087,-9.803942,0.00081964163,-0.00093018374,-0.00026553063
30080000,0.004334663,0.004156207,-9.800659,0.00079581345,-0.001907913,0.00090584665
30084000,0.0011852932,0.004539809,-9.804442,0.0012010757,-3.08852e-05,0.0010099632
30088000,0.0033046163,0.004203255,-9.808395,0.0011835382,0.0011107445,4.476227e-05
30092000,0.0027055917,0.0016097042,-9.804094,0.0007851263,0.00054007245,0.0001515431
30096000,-0.0016883399,-0.004016817,-9.801924,-0.00014571968,9.734453e-05,0.00050352176
30100000,0.0012312512,-0.003138012,-9.800262,-0.0005038011,0.0005553938,0.00059741637
30104000,0.006500818,0.00021349674,-9.800146,0.00084680086,-2.0893187e-05,-4.2008367e-05
30108000,0.010748321,-0.003922356,-9.804738,0.00091534335,-0.00021404756,-0.0004882948
30112000,0.004200963,-0.0059245415,-9.811962,-0.00056318176,0.00023420692,-0.00046875176
30116000,-0.0048850607,-0.0043371683,-9.8044,-0.000890463,0.00017611429,-0.0012561141
30120000,-0.006726845,-0.0034016385,-9.792894,0.00019490522,0.0005419636,-0.0007798334
30124000,-0.0031268245,-0.005010951,-9.793592,0.0015996135,0.00067422586,-0.00050426525
30128000,0.0021688533,0.001339099,-9.804686,0.0004397645,0.00020339749,-0.0008143971
30132000,0.0043732,0.00644347,-9.810168,-0.0016527615,0.00019270359,0.00019107564
30136000,6.501912e-05,0.0018932751,-9.806732,-0.0007628843,-0.00010544972,-0.00016073143
30140000,-0.0017881063,0.0050876443,-9.808548,0.00015865768,1.2700268e-06,-0.0007274818
30144000,-0.002555752,0.0058442303,-9.803072,0.00025440563,-0.00010830065,-0.00023979529
30148000,-0.007130615,0.0005036128,-9.798472,0.000118379074,0.0009502728,-0.0008537611
30152000,-0.0015083835,-0.0011211914,-9.807761,-0.0003203974,0.0019790444,-0.0010003261
30156000,-0.0019373415,0.00054075505,-9.809938,-0.00020177619,-0.00012671483,0.0004723594
30160000,-0.003665225,-0.003390266,-9.806368,0.00025114295,-0.0017566652,0.0008596171
30164000,0.0008138163,0.0040441686,-9.805037,0.00045770046,-0.0010122235,0.00060837314
30168000,-0.0013645709,0.009882414,-9.803289,-0.00055762747,-6.592981e-05,0.00038203906
30172000,0.0010529214,-0.00010142417,-9.805596,-0.000118935604,-0.00044849736,-0.00039475263
30176000,-0.0015250146,-0.0052871467,-9.801583,0.00071136525,-0.00063612603,0.00025542415
30180000,-0.0042201444,-0.0051419814,-9.792575,-0.00039250407,0.00033081506,0.00026449154
30184000,0.0017268092,-0.0076977047,-9.790371,-0.001333638,0.00038404207,-0.00062259525
30188000,0.0025229962,-0.0050690398,-9.792756,-0.0011419859,0.00017571714,-0.00034616108
30192000,-0.0025310689,0.004715832,-9.797335,-0.0003963579,0.0003211241,0.00040624815
30196000,-0.0039108833,0.004021922,-9.797705,-0.00041549152,-0.00050872,-5.4189226e-05
30200000,0.00148146,0.0018722651,-9.798239,-0.0002024408,-0.000394383,-0.0017195707
30204000,-0.0008049335,0.0045062723,-9.798507,0.00029723236,-0.000263481,-0.0011236044
30208000,-0.0013034664,0.0043275803,-9.799162,-0.00035594264,-0.0003309762,0.0004754331
30212000,0.0036605773,-0.00077191636,-9.799564,-0.00042869482,0.00016488321,0.0005785417
30216000,-0.0005507037,-0.004428417,-9.793483,-0.00011063434,0.00067538535,0.00064941624
30220000,-0.005098028,-0.0036176054,-9.797514,-0.00015932799,0.0015326105,0.0005262293
30224000,-0.0023742209,0.0013794245,-9.799104,0.00024123861,0.0006926263,0.00027996665
30228000,0.002548688,0.003130846,-9.796652,0.00043992454,-0.00019874814,0.00022884907
30232000,-0.0041130376,-0.00029860093,-9.804758,0.0010804996,9.0413785e-05,-0.00027497203
30236000,-0.0046216473,-0.00017487096,-9.799227,0.0012813382,-0.0004536408,-0.0009021541
30240000,0.0004015896,0.0016611004,-9.787622,0.0005764532,0.00057491154,-0.00022196752
30244000,-0.0009480408,-0.00065122586,-9.794602,-4.1520674e-05,6.8727255e-05,0.0002932441
30248000,-0.0016970194,0.00032043154,-9.798121,-0.00037933356,-0.0003719482,-0.00038623303
30252000,-0.0006514535,-0.00084185484,-9.792546,-0.00015491243,0.00053896947,-1.2632161e-05
30256000,-0.00083364744,-0.00092007057,-9.795831,0.00048391355,0.00043768287,0.00039546535
30260000,-0.0084575955,0.00068929704,-9.7997875,0.00088886364,0.0006531929,-0.00036715876
30264000,-0.0033435544,-0.004441392,-9.797548,-0.00016006653,0.0004708066,-0.0004777047
30268000,0.010866769,-0.0032767542,-9.793234,-0.00031238358,0.0006633501,0.00082809303
30272000,0.004621815,0.001839506,-9.791047,0.0007293671,0.0012266114,0.00057376846
30276000,0.00030940777,0.0038681987,-9.797249,-4.592878e-05,0.00019200155,-0.0001024414
30280000,0.0062135886,7.667781e-06,-9.803269,-0.0006182611,-0.00023180436,4.2394604e-05
30284000,0.0047365045,-0.006371489,-9.800109,0.00010249631,0.0003468405,6.356918e-06
30288000,0.0030657132,-0.003991326,-9.797042,-0.00026744284,-8.965196e-05,2.032679e-05
30292000,-0.00055031,-0.0018946786,-9.801514,-0.0012586078,-4.360266e-05,-0.00049563206
30296000,-0.00708283,0.000990616,-9.79656,-0.0014313967,0.00080805615,-0.00051764434
30300000,-0.0036656267,0.0035042579,-9.797062,-0.0007101351,0.00038200032,0.00047560222
30304000,0.002853158,-0.002344675,-9.799921,-0.0005444272,0.00019209117,0.0010907641
30308000,0.006635602,-0.0049478505,-9.790594,-0.0009487817,0.00038259188,0.0005324892
30312000,0.0032545666,-0.0027280273,-9.789812,-0.00090234313,0.0005509651,-0.00061491365
30316000,-0.0043240427,0.0038976932,-9.796095,-0.00011583843,0.00068060035,-0.0007183076
30320000,-0.007106468,0.00557989,-9.803366,0.0004804943,0.0005486448,-0.00012240681
30324000,-0.009452388,0.0034100174,-9.799339,-0.00014577387,0.0003547441,-0.0005140553
30328000,-0.0076202014,-0.0017909562,-9.793174,-0.00038502246,1.3221836e-05,-0.00048222177
30332000,-0.0057612006,-0.004824473,-9.804066,-0.00036168846,0.0007165375,-0.00050952495
30336000,-9.593835e-05,0.0026420988,-9.810853,-0.00029272778,-7.7921155e-05,-0.0003645311
30340000,-0.0005585854,0.00943038,-9.807102,-0.00013978824,-0.00052615564,0.0006820349
30344000,-0.0046547847,0.009405347,-9.799622,-0.0002447167,-0.0007660183,6.79891e-05
30348000,-0.00028303196,0.0018671241,-9.796669,-0.00030095928,-0.00037209105,-0.0007344121
30352000,0.00045716815,-0.0020197162,-9.798026,0.0001777397,-0.00041297023,-0.00066132995
30356000,-0.0021418168,0.0010495698,-9.796658,9.428292e-05,-0.00078138814,-0.0008606588
30360000,-0.00095523614,0.001817894,-9.797529,0.00018824742,-3.320096e-05,8.308995e-05
30364000,0.00061220897,0.00036971012,-9.803282,0.0006159101,-0.0009655834,-9.255223e-05
30368000,0.0014599995,0.0056783943,-9.801997,-0.0006504668,-0.000575426,-0.00018518291
30372000,0.004912043,0.0056815026,-9.789942,-0.0009262029,0.000470103,0.00073617016
30376000,0.00067037146,0.0014454969,-9.791113,9.30321e-05,-0.00067946763,0.00062901987
30380000,-0.008900116,5.964804e-05,-9.796098,0.0009130451,-0.0011022226,-0.00042893554
30384000,-0.010524092,0.0041817958,-9.799222,0.0009381766,-0.0007803022,-0.00077883364
30388000,-0.0042971997,0.0018530029,-9.803377,0.00020461698,5.783021e-05,-0.00040050683
30392000,0.0033770893,-0.0055404822,-9.798759,0.00052906066,0.0006769085,0.000441079
30396000,0.00060017535,-0.004193323,-9.796567,0.00074022065,0.00062317273,0.00051352795
30400000,-0.002946319,-0.006223401,-9.803755,-7.727831e-05,0.0012448994,-0.00022936704
30404000,-0.0065648137,-0.006490801,-9.802925,0.00014707053,0.00030621942,0.00037290124
30408000,-0.0055316067,-0.004250641,-9.7985325,0.0002032998,-0.0007234855,0.00039372483
30412000,-0.0005996149,-0.0058442163,-9.8023615,0.000339997,-0.00017223143,0.000107136155
30416000,-0.0019424772,-0.0038026338,-9.800663,0.00079676707,-0.00065076794,0.0003709069
30420000,-0.0040403586,-0.0031994844,-9.79865,0.0019810824,-0.0016932393,0.0012081035
30424000,-0.0023380453,-0.012501973,-9.802668,0.0015476132,-0.001356812,6.0941984e-05
30428000,-0.0011690487,-0.010320714,-9.803344,0.0003375464,-0.001066776,-0.0005561198
30432000,-0.002377585,-0.004989443,-9.801308,3.0585776e-05,-0.0007312358,0.00082596246
30436000,-0.0068721133,-0.007478278,-9.79688,-0.00050168985,-0.00025342227,-0.00056152936
30440000,-0.0073647955,-0.0072982325,-9.798629,-0.00010877726,-0.0002542151,-0.000993693
30444000,-0.0046525053,-0.0065168054,-9.799793,-0.0005545301,0.00025372324,0.00014111638
30448000,-0.0068085035,-0.0018585552,-9.798769,-0.000434464,2.7561076e-05,-0.00016515558
30452000,-0.0019578924,-0.0006166646,-9.796961,0.00060415856,-0.0006668879,-4.3142358e-05
30456000,-0.00010467776,-0.0024832918,-9.788811,0.00059713644,-0.00054475485,0.00017620945
30460000,0.0013403946,-0.004889054,-9.793747,-0.000614687,-0.00036780647,-0.00042861156
30464000,0.00021492853,-0.0022370645,-9.805183,-0.0011208525,0.00051703816,0.00021516348
30468000,-0.002232723,0.004466652,-9.801849,-0.00031447102,0.00018731969,0.0003845947
30472000,-0.0020416935,0.005200189,-9.802009,-0.00013769457,-0.0004449921,-0.00060750206
30476000,-0.0040347604,0.0067408183,-9.79793,-1.33893145e-05,-0.00034961905,-0.00051923207
30480000,-0.0015467497,0.004658985,-9.790297,-0.00021838522,-0.00026324778,-0.00037278672
30484000,0.001852762,0.0064932723,-9.795273,-0.00015510748,0.0005049016,-0.00010110115
30488000,0.004148597,0.010629741,-9.796988,0.0010482679,0.00083842565,0.00012167038
30492000,-0.0024975748,0.0039861305,-9.797981,0.0004303135,0.0008383473,-0.00044542333
30496000,-0.008787682,-0.0063863485,-9.794599,-0.0016024897,-0.00016621576,-0.0012359954
30500000,-0.007271215,-0.008304023,-9.794466,-0.0014952,-0.0005051103,-0.0012132863
30504000,-0.006696432,-0.004225093,-9.799905,-0.001082468,-0.00013442125,-0.0006329865
30508000,-0.0005286101,0.0017200296,-9.800032,-0.001493029,0.00038023168,-0.00033070086
30512000,-0.00037695334,0.0021838378,-9.802769,-0.00050594535,0.00016515213,-0.00011221763
30516000,-0.0071323193,1.1288955e-05,-9.800838,0.00051693025,0.00031446613,0.0010631576
30520000,-0.0015071263,0.0016842986,-9.798372,0.000542728,7.684638e-05,0.0011286611
30524000,-0.0051766746,-0.004218998,-9.803026,0.00062395324,-0.00053680845,1.8998277e-05
30528000,-0.013792933,-0.0032272215,-9.802231,7.1528964e-05,0.0004255954,-0.0001086597
30532000,-0.003948709,0.0012402185,-9.805155,-0.00059279375,0.0014186797,0.00022424743
30536000,0.0059743,-0.004312658,-9.809222,-0.00025510348,0.0016232454,0.0014610284
30540000,0.003507547,-0.0019569222,-9.804274,5.2266547e-05,0.0008863101,0.001494689
30544000,-0.0045036613,0.005039875,-9.802929,-0.0001854244,0.00056156697,0.0004937551
30548000,-0.0029679406,0.0031186964,-9.802761,-0.0007534535,0.0005971503,0.0005277507
30552000,0.0031868063,-0.0069954074,-9.798785,-0.00025039283,0.0002832504,-0.00080502074
30556000,-0.005262439,-0.007950915,-9.800029,0.0007392338,-0.00039615948,-0.0012553904
30560000,-0.009055547,0.003910108,-9.803736,0.00060015003,-0.0010010338,-0.0003491032
30564000,-0.0052914154,0.0059001837,-9.799505,0.00022923652,-0.0002697481,0.0002321191
30568000,-0.00088090834,-0.0013101205,-9.796453,-0.00039675026,0.00034384392,-0.00020783862
30572000,0.005273377,0.0077439635,-9.800676,-0.0003028177,-0.0005260597,-0.00073271955
30576000,0.0011346121,0.010234542,-9.805941,0.00081042625,-0.00047595374,-0.00041388112
30580000,-0.0014221468,-0.0034699708,-9.802759,0.00037479572,0.00055476703,-2.1413332e-05
30584000,0.001959776,0.000430324,-9.79797,0.00014230591,0.0009821951,0.00077652186
30588000,0.0054960353,0.008339187,-9.802044,0.00075860467,6.741428e-05,0.0009189945
30592000,0.0051972214,0.0041781114,-9.80162,3.925188e-05,0.00019661147,0.00023906685
30596000,0.0008153479,0.00027280708,-9.791391,-0.00019909591,0.00030828314,-0.00024243587
30600000,-0.00332621,0.008239437,-9.789652,-5.9927417e-05,-9.290194e-05,-0.00018971045
30604000,-0.0034544184,0.005671231,-9.796366,-0.00020500079,-0.00022131794,5.908693e-05
30608000,-0.00015044355,-0.0042496673,-9.798998,-0.0003582973,-0.0012480258,0.000168268
30612000,-0.0014857091,-0.003978295,-9.798962,0.00017305723,-0.0008653383,-0.00035431204
30616000,-0.00022202858,-0.0043581976,-9.800785,0.0008669114,-4.809716e-06,-8.8330926e-05
30620000,0.0040339464,-0.0009637557,-9.801077,-7.574864e-05,-0.000497723,-2.6443835e-05
30624000,0.001202798,-0.002412663,-9.801386,-0.00023038074,-0.0006057293,-0.0002234833
30628000,-0.0050153695,-0.007139917,-9.795995,1.5960354e-06,-0.00073815114,-0.00014328265
30632000,-0.0012004287,-0.0069978456,-9.793538,0.00014014587,-0.00050521817,0.00013260603
30636000,0.004496294,-0.002978432,-9.795689,-0.00022750492,0.00035189633,0.00032551153
30640000,-0.001623289,0.0006218223,-9.793817,8.749194e-06,-7.5616117e-06,0.0004858396
30644000,-0.002731458,-0.0024883214,-9.79513,0.0010188316,-0.0006638057,0.00010766639
30648000,0.0016285558,0.0011913745,-9.795725,0.00043992576,-0.0008452554,-0.00016207312
30652000,-0.004351532,0.0025027038,-9.801104,-0.0005179208,-2.380588e-05,-0.00041269665
30656000,-0.0013712666,0.0041547595,-9.801266,-0.00057850673,0.00042308774,-0.00041533637
30660000,0.0019002873,0.0068699555,-9.798983,3.830332e-05,-8.193107e-05,-1.4644764e-05
30664000,-0.001045834,5.183971e-06,-9.804841,-4.4378983e-05,-0.00047976876,-3.1140793e-05
30668000,-0.0019820377,-0.005431945,-9.804879,0.00022188244,0.00015074911,0.0001759888
30672000,-0.003281423,-0.0041135033,-9.805492,0.00023415884,0.0011759402,-0.0013465473
30676000,0.0019699193,-0.0072197625,-9.803226,-0.0008682587,0.0007260277,-0.0020107967
30680000,0.007358097,-0.00977997,-9.799619,-0.0013351819,0.00039476948,-0.00039862434
30684000,0.011243159,-0.00064500736,-9.800178,-0.000975358,-0.00038923125,-0.00015750145
30688000,0.008020008,-0.0012498926,-9.800224,0.0005346748,-0.0007582741,-0.0008522658
30692000,-0.0063224467,-0.0047765654,-9.799549,0.00077358395,1.165648e-05,-0.00034693256
30696000,-0.0104475655,-0.0065563503,-9.802481,0.00035080162,3.4584516e-06,0.0012559646
30700000,-0.0034685708,-0.00781265,-9.796833,0.00076170044,-0.00075900566,0.00025161923
30704000,-0.002117665,-0.0034078774,-9.786163,0.00020776445,-0.0012158388,-0.0008957792
30708000,0.0013757059,-0.001325285,-9.794986,-0.00080481113,-0.00020048815,-0.00047492795
30712000,0.0038061845,-0.0018281128,-9.799097,-0.00074011757,-0.00018155573,-0.0006034493
30716000,0.0012389454,-4.043199e-05,-9.797276,-0.00024291611,-0.00047590994,-0.0006138998
30720000,0.0010811259,0.0019393908,-9.798997,-0.00022930685,-0.00013669035,-0.0009364167
30724000,0.00077817845,0.0019744942,-9.806953,2.3203142e-05,0.00020588905,-0.0005491964
30728000,-0.00083811284,0.0018606829,-9.8077,0.00044539553,0.0004178722,-6.1777304e-05
30732000,-0.008656206,0.0007381858,-9.7945385,0.000794059,0.00071749464,-6.46885e-05
30736000,-0.008895974,0.00501361,-9.7933445,0.0003035657,0.00039303888,0.000563145
30740000,-0.0041848295,0.0049027493,-9.795702,-9.910404e-05,-0.00015261334,0.00100399
30744000,-0.0004654185,0.0035685885,-9.791019,0.00070683897,-0.00029743568,-0.0001346158
30748000,0.0026004647,0.0017962682,-9.796804,0.0005908902,-0.00032051033,-0.0007340212
30752000,0.0020461832,0.005089141,-9.803612,9.2383074e-05,0.00026929672,-0.0006603166
30756000,0.005739877,0.004329528,-9.8006115,-0.00029485297,0.00046311293,-6.674369e-05
30760000,-0.0019596328,-0.007047977,-9.8008375,-0.0006615332,0.00054385123,0.0007048054
30764000,-0.0073546683,-0.006176687,-9.802764,-0.0006422438,0.00010831607,-0.0003413421
30768000,-0.00014363498,-0.003824865,-9.801838,-0.0005391865,-0.0012809444,1.5788866e-05
30772000,0.0009938446,-0.00014742743,-9.793282,7.954562e-05,-0.0012494284,0.00057480525
30776000,-0.004355599,0.0010306615,-9.791624,-2.0755864e-05,5.518075e-05,0.00078230666
30780000,-0.0018051122,-0.0011597922,-9.802911,-0.00038234316,-0.00014079071,0.0013240855
30784000,0.0025596353,0.0017928715,-9.803928,0.0003095699,0.00040553242,0.0005172033
30788000,-0.0009829389,0.00011087089,-9.802195,0.00038182107,0.00028474617,0.0004590339
30792000,-0.0071086297,-0.0029870973,-9.805843,-0.00097431254,-0.00071060006,-7.3126546e-05
30796000,-0.008588813,0.003453925,-9.798422,-0.00035542596,-0.0013340163,-0.0009358451
30800000,-0.0066736853,0.0065901806,-9.789354,-0.0001399808,-0.0013174203,-0.00043165672
30804000,-0.0042355726,0.0013682087,-9.7989855,-0.00018755034,-0.0015072224,-7.6087104e-05
30808000,-0.0060051777,0.0008515007,-9.807087,0.0009330082,-0.0014360347,-0.0010838691
30812000,-0.006233643,0.007958729,-9.802834,2.109524e-05,-0.00025879993,-0.0014075564
30816000,-0.005323086,0.009290819,-9.801281,-0.0002194137,-0.0007377326,-0.00035702818
30820000,-0.00144162,0.0064143077,-9.799416,0.0006570701,-0.0005597132,0.00063864567
30824000,-0.0040049274,0.0016932198,-9.802013,0.00075810123,-0.0007707565,1.2766791e-05
30828000,-0.004858637,-0.0046757897,-9.805173,0.00034665508,-0.00037401717,-0.00021643308
30832000,0.0010547105,0.0016572168,-9.8056555,-0.0007252727,0.00017163026,0.00025296237
30836000,0.0009482168,0.007289265,-9.804307,-0.00040358622,-0.00027943248,0.000690066
30840000,-0.0019071433,0.004542486,-9.800122,0.000913375,-7.563045e-06,0.00050168147
30844000,-0.008197214,0.0012323865,-9.801676,0.0011165193,0.00021188252,0.00014402176
30848000,-0.0050293156,0.0038894678,-9.799739,-0.00019514938,0.0009736597,0.0008467333
30852000,0.0006516062,-0.0017201666,-9.795506,-0.00052789063,0.00095150934,0.00026186678
30856000,0.0025726743,-0.008787821,-9.798662,2.39038e-05,-0.00019014397,-0.00017236093
30860000,0.011774706,-0.0004013587,-9.801685,0.00084359536,-0.00037342944,-0.00039454602
30864000,0.010766304,-0.002017732,-9.800461,0.0015936448,-0.00019252779,-0.0010936765
30868000,0.0012965056,-0.006452392,-9.80187,0.0005325722,-0.0002929503,-0.00062295946
30872000,0.00089939684,-0.004773808,-9.800653,0.00032088335,-0.00050302205,0.00064196455
30876000,-0.0055947755,-0.0047991597,-9.804026,0.00071897724,-7.868516e-05,-0.00031744316
30880000,-0.009141504,0.00016805944,-9.801955,0.00053900114,0.0010286287,-0.0006867418
30884000,-0.0010724075,0.0013148541,-9.794828,0.00025325373,6.817473e-05,0.0002921659
30888000,0.0025059031,-0.002838731,-9.796917,-0.00021140525,0.00015259089,0.000885346
30892000,-0.0039853374,-0.0047253007,-9.795052,-0.00046345175,0.0010844605,0.00075428345
30896000,-0.0039883205,-0.005049322,-9.798639,0.0002793513,4.9500002e-05,-0.0005560663
30900000,-0.0018624584,-0.0019179551,-9.802883,6.141618e-05,-0.00032733564,-0.0004975838
30904000,-0.00091834343,0.0006421066,-9.798107,-5.945404e-05,0.00050902815,0.00021777545
30908000,0.002596087,-0.0017722659,-9.800891,-0.00028210238,0.00115548,0.0008005861
30912000,0.0020891828,-0.005628444,-9.804981,-0.00113399,0.00084660907,0.00024211792
30916000,-0.0053420975,-0.004861456,-9.803712,0.00029897335,0.00020106098,-0.00031989257
30920000,-0.0063131778,-0.0025574057,-9.801725,0.0010668661,-0.00024128616,0.00061857665
30924000,0.0018761166,0.0028553843,-9.798402,-0.0004523797,-4.5699544e-05,0.0010919865
30928000,0.0036688568,0.0019622147,-9.798434,-0.00090094586,0.00046050467,0.0001514418
30932000,0.002339149,3.3947126e-05,-9.802393,0.0002715428,-0.00030639934,-0.00047789616
30936000,0.0063871974,0.005497858,-9.8053465,-3.3242046e-05,-0.00024448146,-0.0010069857
30940000,0.004972289,0.000586917,-9.806465,-0.000607787,0.00081543,-0.0005960166
30944000,-1.0390359e-06,0.005649795,-9.801133,0.00023076043,0.000842564,0.0004064799
30948000,0.0046622665,0.004451864,-9.795909,0.0009768201,0.00066770526,-0.0004974314
30952000,0.0053584566,-0.0017554802,-9.800203,0.0011189894,0.0005078382,-0.00040049048
30956000,0.00010531316,0.00040038818,-9.799891,0.0005879647,7.9170335e-05,0.0011172745
30960000,-0.0059357253,-0.0025307203,-9.8036785,0.00023642855,-0.00051240093,0.0008017754
30964000,-0.00077879906,-0.0062825563,-9.802046,-0.00010378183,-0.000250354,0.00045632134
30968000,0.0039861226,-0.0028900837,-9.795354,-0.00028850755,0.00022205702,8.902293e-07
30972000,-0.00083817204,2.2872437e-05,-9.796455,0.00032778282,-0.00029799744,-0.0005391544
30976000,0.0048504723,0.0020279533,-9.797411,0.00036929006,-0.0006941082,-0.0012028596
30980000,0.008394576,0.005646843,-9.7992735,-0.00025809975,-0.00037151537,-0.0012962588
30984000,0.0052434066,0.001975327,-9.797976,-0.00012073347,0.0010706485,0.00038958868
30988000,0.0067190183,0.0050899484,-9.801102,0.00051252614,0.0019905004,0.001355133
30992000,-0.0011212323,0.004426482,-9.801726,0.00044434474,0.00085591624,0.0002397955
30996000,-0.007309169,0.002335425,-9.80062,-5.1449833e-06,-0.00031881774,-0.00053929276
31000000,-0.0015169645,0.005148792,-9.800945,0.0010234081,-0.0010956391,-0.0003826398
31004000,-0.0011092157,0.006660081,-9.796488,0.0016413765,-0.00048085654,-0.00041751447
31008000,-0.00029018632,0.0039760694,-9.799133,0.0008106693,-0.00045307569,0.0004432966
31012000,-6.845943e-05,0.0012407546,-9.802751,-6.258905e-05,-0.0015079685,0.0003258154
31016000,-0.002221398,-7.390026e-05,-9.802764,-0.0008299309,-0.00010117182,0.0006903223
31020000,-0.0026043972,0.003942785,-9.800688,-0.00052568153,-0.00022964913,0.0009815411
31024000,-0.0029643439,0.00702167,-9.799988,-2.8637063e-05,-0.0009726316,-6.349202e-05
31028000,-0.0021465768,8.01373e-05,-9.806034,0.00023922419,-0.00063196715,-0.00015539721
31032000,-0.0049091154,-9.9147415e-05,-9.806845,0.00024308414,-0.0002808636,6.681058e-05
31036000,-0.0025536914,-0.005419014,-9.80526,-0.0014589132,0.0007107807,-0.00017101818
31040000,7.470639e-05,-0.0069473335,-9.8019905,-0.0006857484,0.00011720524,-0.0012945544
31044000,-0.002051062,0.0003239045,-9.80525,0.00061475,-0.00032060334,-0.0013052238
31048000,0.004092066,-0.0010922112,-9.80332,0.00016808545,-0.00030880215,-0.0004163637
31052000,0.0020536175,-0.0055872616,-9.797655,-0.00033035217,-0.00014241548,-0.0006616598
31056000,-0.0030612585,-0.00059072155,-9.799158,-0.00087917125,0.00072064664,-0.0004267292
31060000,-0.0032154776,0.0093518095,-9.798775,-0.00093384786,0.0015608785,-0.00036310861
31064000,5.709753e-05,0.010236769,-9.804815,-0.0007005001,0.0018285525,-0.0010404416
31068000,0.0020969864,0.005405572,-9.809168,6.8993327e-06,-5.1885945e-05,-0.0006950726
31072000,0.0038222875,-0.0008809708,-9.808521,0.00024958837,-0.0011968813,-0.00058817863
31076000,0.003468001,-0.004877726,-9.802639,0.0013503125,-0.0002653906,0.0002056872
31080000,0.00088743,0.0036408093,-9.797482,0.0007696329,-0.00020932406,3.1187526e-05
31084000,-0.0049366793,0.010884612,-9.798516,-0.0004618212,0.00020943592,4.683508e-05
31088000,-0.0067785187,0.0026870267,-9.797758,6.608929e-05,-2.3292609e-05,0.0017445228
31092000,-0.0005113839,-0.0022692557,-9.800035,8.7152446e-05,-0.0003329515,0.0010890552
31096000,-0.003701845,-0.00011256053,-9.8053875,-0.00028509522,2.7652724e-05,0.00042112477
31100000,-0.004536644,-0.0021714424,-9.800974,-0.0002529016,0.00024300121,0.0009373104
31104000,-0.006682576,-0.00010923707,-9.797084,0.0001513988,0.0006649097,0.0007999903
31108000,-0.007321506,0.0016595421,-9.798521,-0.00010192094,0.000453238,5.3391635e-05
31112000,0.0021948304,0.0017672345,-9.795347,-0.00021457198,0.00023782197,-0.0003471876
31116000,0.0056908773,0.006729258,-9.795784,-4.651705e-05,0.00065339095,-9.9479716e-05
31120000,0.0018320871,0.0052056354,-9.797591,-0.0006879885,0.001625948,0.00082006736
31124000,-0.0006417472,0.0046681785,-9.796831,-0.0005202463,0.0005035342,0.0009769651
31128000,-0.0032789223,-0.0015433677,-9.795656,0.0003963279,-0.0014796363,-0.0001131996
31132000,-0.0008266058,-0.006048098,-9.794167,0.0004552062,-0.0013209473,-0.0005853526
31136000,-0.002309979,0.0015154077,-9.798101,0.00030906696,-0.00023051958,-0.0005876965
31140000,-0.0037980317,0.0030091486,-9.800339,0.00019982425,0.00046662512,-0.00014154792
31144000,0.00021716532,-0.00016349813,-9.801729,-0.00038329256,3.5447607e-05,0.0007858823
31148000,-0.00072520203,0.003759,-9.798043,-0.0009563638,-0.0009116592,0.00038102068
31152000,-0.0035570567,0.006953772,-9.792517,-0.0013145478,-0.0006695937,0.0002686489
31156000,-0.0021656037,0.00029075085,-9.796784,-0.00011311148,-0.0006814014,-0.00045514485
31160000,0.0019446104,-0.0039723357,-9.80005,0.00076030527,-0.0005934991,-0.00096501684
31164000,0.0018447199,-0.001982803,-9.805414,0.00080888823,0.0006038644,7.825153e-05
31168000,0.0023424625,0.0007950683,-9.801344,2.4399193e-05,-4.43957e-05,0.00024840378
31172000,0.0014807666,0.00035707382,-9.796162,-0.0007708092,-0.0017583712,-6.179428e-05
31176000,0.00032301433,0.0021554963,-9.796125,-2.187193e-05,-0.0020711792,0.0006820421
31180000,-0.0005211306,0.0033493848,-9.795358,7.182214e-05,-0.0010170293,0.00084778125
31184000,-0.0056372145,0.006734644,-9.803103,-8.407414e-05,0.00050709094,0.0002622128
31188000,-0.007832043,0.00021810654,-9.795967,0.0003425304,8.0851285e-05,-0.00016128416
31192000,-0.004937337,-0.006504262,-9.793761,0.0008720628,-0.0001848962,-0.00020556801
31196000,-0.0018690885,-4.8217604e-05,-9.792584,0.00036707186,0.0006114363,4.545846e-05
31200000,-0.0009380856,0.0040016808,-9.788048,0.0001484613,0.00013267013,-0.00083190954
31204000,-0.0013191063,0.0015549517,-9.797691,0.0006274114,-0.00025434387,-0.00054772274
31208000,-0.0030128865,-0.002049568,-9.807629,0.00044495828,0.00083591614,8.051651e-05
31212000,-0.000119499404,0.0011669189,-9.807511,0.00033920634,0.0010264143,-0.00030677917
31216000,0.003080933,-0.004804385,-9.805369,-0.00030335475,0.0002602218,-0.00011819084
31220000,0.0024192107,-0.0062729903,-9.802498,-0.00074595195,2.0906207e-05,0.0004244685
31224000,0.003845058,-0.004440022,-9.793737,-0.00065764267,-0.00011665072,-0.00014227186
31228000,0.0036482671,-0.0051340978,-9.792088,0.00035369748,6.638391e-05,-0.00044782605
31232000,0.003475191,6.0147344e-05,-9.79607,0.00082131993,-0.00020801516,-0.00020918112
31236000,0.003351703,0.00071267475,-9.800016,0.0001680089,-0.0004969854,-0.00018614535
31240000,-0.008933051,0.0006221844,-9.804467,0.0006260312,-0.00075702206,-0.0004905154
31244000,-0.010687128,-0.003130543,-9.807724,0.00095585687,8.182073e-06,-0.0011852409
31248000,0.0022040883,-0.0020846124,-9.805052,-8.654444e-06,0.00063922897,-0.0009655308
31252000,0.0043389415,0.006361894,-9.8025875,-0.0006395963,0.00020264828,-0.00014569523
31256000,-0.00282641,0.0057177744,-9.801712,-0.00031907487,0.00010735997,-0.0005821347
31260000,-0.003328422,0.0030003707,-9.806048,-8.000506e-05,2.9314853e-05,-0.00095858425
31264000,0.004514518,-0.0025836078,-9.80336,-0.00027240973,0.00014755389,1.1550527e-05
31268000,0.0020528943,-0.0041512027,-9.797592,0.00069451286,3.170482e-06,-6.8872745e-05
31272000,0.0035484019,0.005074452,-9.799149,0.00085346017,-0.00061783736,-0.00069989613
31276000,0.0057884706,0.0067300326,-9.798738,-0.00062410935,-0.0006182823,-0.00019002345
31280000,-0.0072248788,-0.0013344155,-9.796194,-3.5688872e-06,0.00023484185,0.00049767044
31284000,-0.005594439,0.00021707489,-9.798475,0.00048388966,0.00017738943,0.00033620285
31288000,0.0010573366,0.004673826,-9.800835,-0.00049030146,-0.00045787843,-0.00048009626
31292000,0.0007302845,0.0020318956,-9.7941,-0.00048432304,-0.0011859938,-0.00024114447
31296000,0.000105631654,-0.0011407526,-9.796576,0.0006846934,-0.0010913934,0.00010861186
31300000,-0.0029080792,-0.0059497636,-9.80094,0.0008585155,-0.0005069474,-0.00046721532
31304000,-0.00091872166,-0.009245438,-9.794744,0.0004834482,0.00041933128,-5.5910903e-05
31308000,0.00013212589,-0.0031620401,-9.795832,0.000833228,-0.00011732274,-0.00037275435
31312000,0.0006430523,0.0017056644,-9.800268,0.0012429785,-0.0017260714,-0.0014146933
31316000,0.003335082,-0.003775997,-9.795383,0.0012364526,-0.0010299355,-0.0006069902
31320000,0.0003851627,-0.0054391725,-9.79751,0.0013794721,5.0168666e-05,0.00019588054
31324000,-0.0033980305,-0.0062220027,-9.8013315,-5.322061e-05,0.0001885552,0.00083365984
31328000,-0.002107592,-0.0035750826,-9.791546,-0.00035263784,0.00030718633,0.0014461769
31332000,0.0024966476,0.0055163736,-9.792546,0.0005860008,0.00049786415,0.0008198684
31336000,0.0008486371,0.009319368,-9.799988,0.00084712886,0.0008296442,-3.2481996e-05
31340000,-0.00885273,0.0026571234,-9.807816,0.001071164,0.00050687237,0.00027847727
31344000,-0.0026253331,-0.002006727,-9.815582,0.00021477949,-0.000947528,0.00054697355
31348000,0.003294063,-0.0003444383,-9.803903,0.00029769217,-0.0006036511,0.0008516001
31352000,-0.0032582253,-0.0011644565,-9.803835,0.0008218593,0.00013404098,0.00170847
31356000,-0.006321083,0.0018074829,-9.807547,0.0006751119,-0.00020359816,0.0010017048
31360000,-0.0014650195,0.0011393182,-9.801097,2.8746743e-05,-9.2271526e-05,1.5147927e-05
31364000,0.0017962749,-0.0024843984,-9.806074,-0.00080860226,-5.518918e-05,-0.00050092046
31368000,0.00089895277,0.0018290419,-9.80422,-0.00013733422,0.00014195811,-0.0006394812
31372000,0.005080671,0.0038917023,-9.800851,0.0006566394,0.0005801311,-3.7684895e-05
31376000,0.003396629,-0.0060757445,-9.804182,0.00047753524,-8.7596956e-05,-0.000324959
31380000,0.0013087551,-0.011704421,-9.803082,5.278866e-05,-0.00056008383,-0.0013238505
31384000,0.0065038656,-0.007429339,-9.802166,-1.7218646e-05,-8.103778e-06,-0.0008633385
31388000,0.0019406975,-0.004428297,-9.8022175,0.0003860144,9.353981e-05,0.00044589033
31392000,-2.3887496e-05,-0.003454599,-9.794467,-0.00029580246,-0.00047175022,0.00013247343
31396000,0.003931726,-0.0044728,-9.793285,-0.0008075896,5.4772627e-05,5.231148e-05
31400000,-0.0017124958,-0.0046845214,-9.795141,-0.0006465615,0.00056439417,-0.000498174
31404000,-0.0018671119,-0.0021304488,-9.80118,-0.0005390223,0.00039668762,-0.0006197379
31408000,0.0026853872,-0.001089771,-9.808069,-0.0004478865,-4.3505963e-05,0.00078686577
31412000,0.006346423,-0.0045572487,-9.8059635,-0.0003273384,-0.00055357884,0.0009913121
31416000,0.0015673302,-0.001855677,-9.803935,-0.0002106248,-1.5676501e-06,0.0013795522
31420000,-0.007780679,-0.0027017968,-9.797428,0.0003471085,-8.895982e-05,0.0011901127
31424000,0.00069729844,-0.006855757,-9.796765,0.0009296466,-0.0002643551,0.00088780024
31428000,0.008184496,-0.00407731,-9.800712,0.0010478814,0.00029356946,0.0002781849
31432000,-0.0022481773,-0.0050809393,-9.795605,-0.00048714547,0.0006035733,0.0004360619
31436000,-0.010358142,-0.00054561027,-9.79114,-0.0010466337,0.0003682735,0.00092188944
31440000,-0.011132246,0.003981653,-9.800448,-0.00045271998,9.831182e-05,-0.00039570787
31444000,-0.009679947,0.004295236,-9.804321,-0.00036672442,0.00067950273,-0.00045197667
31448000,-0.0023266328,0.004012398,-9.797027,-0.00028287288,0.0006631112,-5.0432747e-05
31452000,0.005098335,-0.0019953765,-9.799199,-4.5254455e-05,0.00023844921,-0.0003001869
31456000,0.004841066,0.004029219,-9.802801,-2.5574896e-05,0.00033352163,0.0004070397
31460000,0.0064602634,0.008778459,-9.799355,-0.000786723,-0.00052935386,0.0004276978
31464000,0.0036527673,0.0026254237,-9.800137,-0.00053228444,-0.0012674965,0.0003660317
31468000,-0.002976507,0.0031265935,-9.79899,0.00018562237,-0.0015270466,0.0010742429
31472000,-0.0019050048,0.0050261957,-9.802874,0.00037334076,-0.0008935233,0.00085126853
31476000,0.00093158917,0.0020736891,-9.80792,-0.0004994502,0.00017116842,0.00053188193
31480000,-0.00526332,0.0021369748,-9.799744,-0.0014264199,-7.252738e-05,-0.00016784745
31484000,-0.007669844,0.0019243457,-9.792624,-0.0014822789,-0.00028541335,-0.00027225312
31488000,-0.0014561,-0.00014799934,-9.79615,-0.0011197561,-0.0004180366,-0.00066349714
31492000,-0.0011399204,0.0014915203,-9.80015,-0.0004419313,-0.0008611847,-0.0013354814
31496000,0.003370165,0.0015854251,-9.795209,-0.00010222031,-0.0006751346,-0.0005105083
31500000,0.0020030288,0.0016584594,-9.797052,-0.00013410843,0.00026863784,-0.00055594894
31504000,0.002080074,-0.0010280281,-9.806034,-0.0001492894,0.00032661186,-0.00073815393
31508000,0.0031252978,-0.0027062544,-9.807028,-8.1211256e-05,0.00043480698,-0.00060447276
31512000,-0.0064697345,0.0011051922,-9.802284,0.00045255516,0.000667339,0.00040864886
31516000,-0.0027398749,0.0031089997,-9.798813,0.00024090246,-0.0006132134,0.0008680161
31520000,0.0009742641,0.0033767319,-9.797049,0.00014099397,-0.0015185396,0.00041866314
31524000,-0.0033467263,-0.002500853,-9.793438,-0.0006361394,-0.0007226771,0.00036867667
31528000,-0.000567492,-0.0032711292,-9.791338,-0.000448276,-6.384546e-05,-7.136247e-06
31532000,0.0022019017,0.00092637097,-9.7928505,1.0527874e-05,0.00018983621,0.00011261572
31536000,0.0021738154,-0.0055612703,-9.795112,-0.00040715095,0.00018415567,9.974805e-05
31540000,0.0010846265,-0.007468547,-9.7963295,0.00093354954,-0.00048589634,0.0002426477
31544000,-0.0007111428,-0.0011576348,-9.803268,0.000843192,-0.0010057768,-0.0005159446
31548000,-0.0011961152,-0.0013822183,-9.806654,-0.00012697997,-0.0002674413,-0.0007259322
31552000,0.0020227148,-0.0011442982,-9.8022995,0.0004883322,0.00017018641,0.00038867458
31556000,0.0015846645,-0.0016877494,-9.808638,0.0009368575,-0.0005675547,0.00019254572
31560000,0.0010878881,0.0005771022,-9.800056,-0.00040682516,-0.0004854935,-0.00033487385
31564000,0.002200508,0.003127816,-9.788551,-0.00039130676,-0.0008881349,-0.00121707
31568000,0.0010704002,-0.0008956197,-9.796097,2.0747275e-05,-0.00064677297,-0.00057618355
31572000,0.004573022,0.007373195,-9.798504,-0.00014950291,0.0005728713,0.00033580465
31576000,2.818229e-05,0.0064472104,-9.794115,-0.00014805251,0.0009061673,-0.0004242042
31580000,-0.0062486385,0.003279402,-9.802656,-0.00031431686,0.0008096177,-0.00049206824
31584000,-0.003986358,0.004409676,-9.805515,-0.00048264183,-0.000121055746,-0.00081391167
31588000,0.0032737637,-0.003416735,-9.797314,5.785295e-05,-0.00010377969,-0.0006644869
31592000,0.0053831367,0.0049365503,-9.802848,0.00036263757,7.9413534e-05,0.0002856006
31596000,7.462734e-05,0.007994829,-9.801233,-0.0009686936,-5.218098e-05,0.000521387
31600000,0.0057299808,-0.0059225904,-9.791711,-0.0006573987,4.1191317e-05,-7.360931e-05
31604000,0.006278461,-0.01187606,-9.798824,0.00090874033,-0.00050957897,-0.00034679708
31608000,0.0024041098,-0.014410513,-9.802729,0.0005484144,0.00026140452,0.000807293
31612000,-0.0017265133,-0.011081201,-9.797683,0.00012283173,0.0010071485,0.0005051465
31616000,-0.008260836,0.00010009095,-9.795896,0.0004788156,0.00045475317,-0.0007136443
31620000,-0.006817867,0.0059619863,-9.797958,0.00055159477,0.00019904113,-0.0002365704
31624000,-0.007558128,0.0071166498,-9.802242,0.0006412302,-9.136639e-05,0.00024146897
31628000,-0.00026236527,0.0008225008,-9.7979355,0.0006128789,0.00074459513,-0.0006532144
31632000,0.008490257,-0.0059833797,-9.795605,0.00029559585,0.0012872982,-0.0008232724
31636000,0.0035403152,-0.0022190157,-9.798992,-0.0003275524,-7.633353e-05,0.00051955483
31640000,-0.0036712708,0.00251048,-9.803608,-0.00019372713,-0.0009533131,0.00035407854
31644000,-0.0023023682,0.0016137687,-9.80615,0.0005320644,-0.00071196165,-0.00037475803
31648000,0.0007097941,0.0008876223,-9.799073,0.00046722987,-0.00013559067,0.00012390966
31652000,0.0053835553,0.005600575,-9.795286,0.00047803708,-0.00041344267,0.0003701095
31656000,0.005940313,0.0019325218,-9.802679,0.00069533975,0.0007919578,0.00031314074
31660000,-0.0009991757,0.00040161167,-9.803907,3.1104155e-05,0.0017554115,-0.00024507163
31664000,-0.0023553292,-0.0006721942,-9.798872,0.0005153549,0.0007547419,-0.00037266003
31668000,0.0017063321,-0.001543652,-9.800725,0.000535235,9.831973e-06,-0.0008101331
31672000,0.004928789,0.0023711165,-9.804974,-9.246168e-05,-0.0008449832,-0.00092786807
31676000,0.003596928,0.0013097428,-9.805268,-0.00024787855,-0.00088980666,-0.00037086845
31680000,-0.0003167598,-0.00091657526,-9.801894,-0.00036552295,-0.0006090369,-8.0417245e-05
31684000,0.0010897459,0.0012131911,-9.796599,-0.0005207443,-0.000938748,-0.00029660494
31688000,0.0039381594,0.0037043632,-9.796003,-0.00086397515,-0.00068413257,-0.00029016042
31692000,-0.002796642,-0.0008761052,-9.799725,-0.0005312652,-0.00012070301,0.00073278265
31696000,0.0035333803,-0.0032316814,-9.800192,-0.00030249474,-1.018865e-05,0.00062776636
31700000,0.0077265324,-0.005241905,-9.796805,0.00038917444,0.00023841619,0.00021746689
31704000,0.0007421102,-0.0073375525,-9.8014345,0.00018422249,1.8225888e-05,-0.0004604608
31708000,-0.0046781464,0.0035689601,-9.807602,0.00021157393,-0.0001957272,-0.00050509843
31712000,0.00261623,0.0027155797,-9.800875,-0.0002650986,-0.000102555125,-0.0007823529
31716000,0.0065802014,-0.0038104192,-9.8021,-0.001261302,-0.00011646498,-0.0011301097
31720000,0.0034432304,0.004669543,-9.803281,5.016464e-05,7.80536e-05,-0.0006490941
31724000,0.0013681222,0.006347156,-9.795263,0.00030912063,-0.00038667972,-0.00018022709
31728000,0.00023038383,0.0006872626,-9.798071,-6.46044e-05,-7.212702e-05,0.0001533599
31732000,0.005366004,-0.006422529,-9.803507,-0.0001957982,0.0006838099,-0.00019041437
31736000,0.0008534064,-0.010474209,-9.806565,-0.00014512212,0.0012038902,0.00038609494
31740000,0.0021362128,-0.00051818247,-9.810717,0.00042690706,0.0008608642,0.00024691733
31744000,0.0035955976,0.0066854176,-9.813223,0.00041527665,-0.00014509761,-0.00051968463
31748000,-0.007705766,-0.002579403,-9.80699,0.0010984003,0.00038561237,-0.00062080997
31752000,-0.01202829,-0.0033196514,-9.804199,0.00084671174,5.4980388e-05,-0.0008792898
31756000,-0.0010959965,0.0055195186,-9.806026,-0.00048536685,-0.00047226367,-2.8804807e-05
31760000,0.011238722,0.002306105,-9.806503,-0.0006513114,-0.0005364028,7.325413e-05
31764000,0.010120017,-0.0018090544,-9.7976265,0.00023049158,-0.00061097066,-0.00046154787
31768000,-0.0027620061,-0.0039049555,-9.790005,0.00034770527,3.5904154e-06,0.0002117251
31772000,-0.0102838855,-0.006267887,-9.8008795,0.00042260214,0.0008236206,0.0005915069
31776000,-0.0026179526,-0.0009928709,-9.805337,0.00026426828,0.00042997047,-0.0002813643
31780000,0.0063142767,-0.0037411654,-9.799157,0.00070997234,-3.991073e-05,-0.0008614819
31784000,0.0023044068,-0.0014751588,-9.79723,0.0008766995,0.00049157155,-0.0005880279
31788000,-0.007107449,0.003954166,-9.804045,-0.0001482112,0.0010458952,0.0004211958
31792000,-0.009818328,0.0011946759,-9.805506,0.00011588227,0.0010831337,0.00073347276
31796000,-0.0062726354,0.00052597193,-9.796692,-0.0004730515,0.0004058367,0.0005146951
31800000,0.0020648795,-0.0006516623,-9.804358,-0.000779603,3.0561045e-05,-2.7543621e-05
31804000,0.005941203,-0.0020137534,-9.808807,-0.00016701511,-0.0005612213,-0.00051980425
31808000,-0.0009918957,-0.0019952147,-9.799334,-0.00071629457,-0.00089871575,0.0009425122
31812000,-0.00086916983,-0.00052622467,-9.797069,-0.00066352444,-0.0001222808,0.0012650763
31816000,-0.0018832051,0.001548012,-9.792486,0.0004929043,-0.0007745444,-4.74453e-05
31820000,-0.009557807,0.0015277355,-9.795502,0.0009843168,-0.0010382236,3.561705e-05
31824000,-0.008264881,-0.0018257675,-9.806875,1.1618549e-05,0.00049492315,-0.00021134026
31828000,0.00020144554,-0.0008650006,-9.808449,-0.001478996,0.00017196375,0.00010475582
31832000,0.00013532749,0.0005622954,-9.798214,-0.0003584186,0.0005648755,0.0008800521
31836000,-0.0032773078,0.003971991,-9.800215,0.0009279099,0.0018226035,0.00037441685
31840000,-0.0025541876,0.0038599952,-9.809322,-0.00019175868,0.0012004622,1.673229e-05
31844000,-0.0054836622,-0.0029260216,-9.805484,-0.0005875517,-2.5334806e-05,-0.00039155938
31848000,-0.004762905,-0.00411557,-9.798527,0.00018339622,-0.00066159497,-0.00033064972
31852000,-0.00036860193,-0.0024195556,-9.80023,-0.00024219292,-5.8112128e-05,7.633584e-05
31856000,-0.002312772,-0.00077635696,-9.800043,-0.00040566444,0.00036680166,0.0006776498
31860000,-0.0024858722,0.0039735013,-9.795311,-0.0004244741,-0.00026410574,0.0011722698
31864000,0.003984848,-0.0021695795,-9.796539,-0.0005320744,-0.000319697,0.0012595346
31868000,-0.002930012,-0.006323607,-9.803593,-8.334757e-06,0.00026725032,0.00074003305
31872000,-0.007664755,0.002555144,-9.808708,-0.00073611137,0.00020812555,-0.00070773973
31876000,0.00081425963,0.001992175,-9.803205,-0.0010887634,5.8260834e-05,-0.00058060244
31880000,0.00723747,0.0021454887,-9.804737,-0.0008647468,0.0005467676,-0.00029449214
31884000,0.0026599253,0.0018745115,-9.80307,-0.0016384004,-5.544917e-07,-0.00018396083
31888000,0.0038298126,-0.003426401,-9.800678,-0.00075041974,-0.0008438335,0.00050864444
31892000,0.0014683094,0.0009620846,-9.797214,-6.239915e-05,-0.0003630915,0.00081275834
31896000,-0.0056956895,0.0058133435,-9.795006,-0.00063418475,0.0008933899,-2.6704767e-05
31900000,-0.00043290196,0.002986346,-9.80596,-0.00100279,0.00096265477,-0.0003892858
31904000,0.0007615567,0.0020933752,-9.807407,-0.00025044824,-8.7011085e-06,-0.00058605976
31908000,-0.0012346823,0.0030435605,-9.805262,0.00028377416,-4.503536e-05,-0.0008767468
31912000,-0.0015207907,0.0032640486,-9.801569,-3.7957925e-05,0.00050473784,-0.00058904465
31916000,0.0022176951,0.001314645,-9.79649,-0.00041096378,0.00035390587,-0.00039527734
31920000,0.0015407619,-0.0011622267,-9.797394,-0.00086109276,-0.00015262554,0.0008034484
31924000,-0.0010733596,-0.0014506438,-9.801033,-0.0012262283,-0.00029112262,0.0009275032
31928000,0.00038184045,0.0075347424,-9.805816,-0.0012658804,-0.00026535458,0.000646495
31932000,0.00080288376,0.009391338,-9.802882,-0.00089369144,0.00044410914,0.0004986565
31936000,0.0036900274,-0.0013100604,-9.80076,-0.00042659105,0.0013287526,0.00012683823
31940000,0.003978009,-0.003268352,-9.798843,-0.00039290098,0.0007682343,-0.00015099841
31944000,0.00044282313,0.000760105,-9.7958145,-0.00028183323,0.0007443679,0.00010428761
31948000,-0.0019167021,-0.003664702,-9.797068,0.00070783653,0.00019394372,0.00064289104
31952000,0.0016911491,-0.005865352,-9.797716,0.001000337,-0.00025506158,0.00031337747
31956000,0.004763453,-0.0023509061,-9.803621,3.165847e-06,0.00059579266,7.075693e-05
31960000,0.0014985552,-0.0035207039,-9.802834,0.0006014262,4.3666234e-05,0.00069505326
31964000,0.00086585985,0.0021096168,-9.799639,0.0007711089,6.9711896e-05,0.0010526571
31968000,0.00013444183,0.004960365,-9.8012085,-0.00029322607,0.0010348121,0.00053558144
31972000,0.0014612813,0.0042360937,-9.805254,0.00062014756,2.9419673e-05,-0.0006088848
31976000,0.006908184,0.0051591876,-9.8110485,0.0005608598,-0.00019994957,-0.000404864
31980000,0.010121081,0.0030268407,-9.810064,4.2794854e-06,0.000608212,0.00026582507
31984000,0.011942776,-0.0046097417,-9.804342,0.0003166895,0.00023584807,-0.00039870216
31988000,0.006664667,-0.005864698,-9.804102,0.00046478325,0.00018662978,-0.00039151925
31992000,0.0005721413,-0.0011084258,-9.802321,0.00032212466,0.00011158468,0.00069854443
31996000,-0.0027172342,0.007000765,-9.8058815,-0.00029118202,-0.0004644415,0.00040783576
32000000,-0.005451345,0.00871781,-9.807404,0.00031192374,-0.00074574596,-0.00035708465
32004000,0.0006710448,-0.0071196225,-9.8052845,0.00058651617,-0.000882319,-4.8178557e-05
32008000,-0.00065729616,-0.005814491,-9.7981415,4.0086492e-05,-0.0013460945,-0.00068226765
32012000,-0.008207447,0.004927747,-9.78689,0.00074094976,-0.00106752,-0.00046530674
32016000,-0.0053529944,0.0036471204,-9.795166,0.00032533798,-0.0006447049,-0.00074766524
32020000,0.0053202165,-0.0023794256,-9.804636,-0.00022627835,1.7392029e-05,-0.001303398
32024000,0.0041651106,-0.0026768865,-9.804348,-0.00016362699,-0.00027502657,0.0006223397
32028000,0.0003013058,-0.0009776711,-9.79932,0.0005757749,-0.0007545514,0.00051586935
32032000,0.0019362461,-0.0006447221,-9.799269,0.00015230643,-0.00041541713,-0.0004244584
32036000,0.0003455408,0.0035203432,-9.7987995,-0.0003948897,-0.00018800724,1.3202813e-05
32040000,0.0010258527,0.003591279,-9.799716,0.0004519839,0.00052653556,0.000156189
32044000,0.0014069187,0.0050128573,-9.801427,0.00045931817,0.00029404982,-0.0002701276
32048000,-0.0038503553,0.0053044497,-9.801941,0.0004929927,0.00029081575,-0.0007517241
32052000,-0.0025670386,0.0033943169,-9.801363,0.00018540505,0.00073854765,-0.00066820637
32056000,0.00027448905,0.008046192,-9.802239,-0.000104406194,-0.0007259329,6.611499e-05
32060000,0.0026658047,0.0070099197,-9.808511,0.00034555764,-0.0012772204,0.0006042933
32064000,0.0031360795,0.0011970422,-9.799011,0.00048631147,-0.0004793578,0.00033216135
32068000,-0.0040154713,-0.0066685993,-9.790386,4.8326045e-05,-0.00012738779,0.00040535667
32072000,-0.005720257,-0.0050179977,-9.79045,-0.00017277553,-0.0003296508,-0.00041228058
32076000,-0.0040030153,0.0018936277,-9.7914095,-0.00033427097,-0.0005705491,-0.0016160654
32080000,-0.0006672244,0.0040891273,-9.796295,-0.00011672592,0.000231021,-0.00025633458
32084000,0.00663058,0.0041751307,-9.794489,0.00018789519,0.0006306305,0.0008341199
32088000,0.0105910525,0.0055002742,-9.801455,0.00010141014,0.0007208003,0.0009433405
32092000,0.005235592,0.007041259,-9.811075,-0.00015491893,0.0002535051,0.000812088
32096000,0.0014590747,0.0028587598,-9.806971,0.00043620312,0.00089472573,-0.00025224453
32100000,-0.0031993974,0.0021560346,-9.796928,0.00038877025,0.001007068,-0.000741833
32104000,0.00056331797,0.004096985,-9.7942295,-2.4158297e-05,-0.0005727458,-0.0005026386
32108000,0.00051668193,-0.0010552993,-9.799379,5.9245016e-05,-4.23534e-05,0.00031536084
32112000,-0.0044687884,-0.0040931143,-9.803649,0.00046289578,0.00034407843,0.00052059104
32116000,-0.0046520215,-0.0011204659,-9.800489,0.0013464589,-0.00037219227,-0.00045718174
32120000,-4.0383085e-05,-0.0029993532,-9.799498,0.0010139571,-0.0009735488,-0.00082348695
32124000,0.008682936,-0.00965321,-9.804007,0.0006686646,-0.0014428403,-0.0006101069
32128000,0.0013110114,-0.006833998,-9.802467,0.0004385282,-0.00063972553,2.212779e-05
32132000,-0.00084951054,-0.0011140376,-9.804638,0.0009946228,0.00028001738,0.00037167757
32136000,0.0012621963,-0.0010230981,-9.804935,-8.607394e-05,-0.00013142316,-0.00017289603
32140000,0.00012990876,0.0013471472,-9.803545,-0.0010837702,0.00027866996,-0.00028787393
32144000,0.0019424151,-0.00020580215,-9.80258,-0.0002398201,-2.7998663e-05,-0.00028998996
32148000,0.0038254461,-0.007829765,-9.802965,-0.00025442778,-0.00031420335,-0.0004323053
32152000,-0.001422879,-0.0058151633,-9.801734,-0.00028309505,0.00041915066,-0.00026522527
32156000,0.00017483582,-2.6429041e-05,-9.800325,-0.00053029537,0.00094118057,-4.6420704e-05
32160000,0.0007464088,0.00020344184,-9.794281,-0.0007099276,0.0011964173,-0.00021263177
32164000,-0.003619564,-0.003608153,-9.793041,-0.0006200159,0.000861016,-0.0005964918
32168000,0.0012025237,-0.0058815316,-9.799098,0.00030721998,0.0005534972,-0.0006614694
32172000,-0.0026307944,0.0010590105,-9.795531,0.0004340204,0.00059789914,-0.00021977523
32176000,-0.0046462086,0.004538554,-9.791636,-0.00025132968,0.00081246655,0.0005913633
32180000,-0.0022334154,-0.0047021545,-9.790881,-8.358636e-05,0.00088112237,0.00074694405
32184000,-0.0050879917,-0.0073490995,-9.790865,0.00048117238,0.00025154866,-0.00023221862
32188000,-0.005925392,0.00020350648,-9.795967,0.00032851976,-0.0006774521,-8.365498e-05
32192000,0.002829111,0.0040519387,-9.800179,-0.00031091677,-0.0006228935,5.1776555e-05
32196000,0.005027798,0.0053640567,-9.799733,-3.2409178e-05,-0.00019357768,-0.00035701002
32200000,-0.0012074395,0.0012716536,-9.80406,-0.00019005126,-0.00016390067,-0.0007500513
32204000,-0.0026569434,-0.0034373489,-9.805075,-8.100395e-05,9.8402445e-05,-0.0011684762
32208000,0.0023279013,-0.0025561866,-9.800844,-0.00055652985,0.00066042534,-0.00019691094
32212000,0.0009456889,-0.0025586945,-9.799453,-0.0004435268,0.0007784589,0.00018475496
32216000,-0.003228579,-0.0059590046,-9.796459,0.0002503419,0.0015925608,0.00012913177
32220000,0.00057010306,-0.0016908592,-9.791189,3.8990114e-05,0.00039381368,-0.0001683094
32224000,0.001735707,0.0007162194,-9.789957,-0.0006617697,-0.0010490206,-0.00054873497
32228000,-0.00061875005,-0.00011880042,-9.790498,-0.0008751564,0.0001407088,0.00021717926
32232000,-0.00040969608,0.00050983444,-9.794794,0.0002851689,9.320032e-05,7.980096e-05
32236000,-0.0050237374,0.0009271413,-9.801886,0.00063624623,-0.00022766489,-0.0005052146
32240000,-0.00738052,0.00033280256,-9.8036995,-0.0002705406,1.3386171e-05,-0.0002839998
32244000,-0.0033030724,0.00306983,-9.803305,-0.0005113512,0.00022587478,0.0002819372
32248000,-0.0012008888,0.007911657,-9.803768,0.00034464168,0.0003180874,0.00014264016
32252000,0.004522472,0.008158594,-9.794817,0.00042031377,-0.00028267055,-0.00033421683
32256000,0.007837934,0.00851705,-9.794785,-0.0003721709,0.00026412058,0.0010685949
32260000,0.0014785172,0.0045079663,-9.80436,-0.001466753,0.00018193458,0.000918895
32264000,-0.0019077873,0.002699332,-9.805878,-0.00144836,0.00053109403,-0.00061161857
32268000,0.0072502233,0.005312242,-9.795297,-0.00023049604,0.0014818101,-0.001025277
32272000,0.00690293,0.00043453497,-9.794432,0.0006164955,0.0007349596,-0.0009473163
32276000,-0.0017156656,-0.0049249283,-9.803991,0.000377253,0.0004161888,4.9316383e-05
32280000,-0.0020553074,-0.000839838,-9.803333,2.0671518e-05,0.00066013157,6.438328e-05
32284000,-0.0049483683,0.002719108,-9.805182,2.2201037e-05,0.0005564787,-0.00031978212
32288000,-0.004991364,0.0049945675,-9.807517,-0.00047322095,0.00013359296,-0.00043612006
32292000,0.00060653395,0.005279988,-9.810144,-0.00037665069,-0.0006324253,0.0003724429
32296000,-0.0016213409,0.00014771502,-9.80356,9.825091e-05,-0.00048777764,0.0006955852
32300000,-0.003255479,-0.0021899627,-9.799856,-0.0004394903,0.00088326656,-0.00041388423
32304000,-0.007933879,-0.0017350786,-9.799902,-0.00043902802,0.00031597915,-0.0013142141
32308000,-0.005865647,-0.0018251231,-9.793669,3.2868247e-05,-0.00048792321,-0.0017547669
32312000,0.006089322,0.0040038335,-9.793465,0.00058168394,0.0002505285,-0.0002331304
32316000,0.006500956,0.008976434,-9.797274,0.0015576821,0.00039277578,0.0015898718
32320000,0.0065846858,0.0037421572,-9.801113,0.0009285797,-0.00041693242,0.0011612907
32324000,0.009509103,0.00063895545,-9.804213,-0.00076694746,-0.00054088153,0.0002512928
32328000,0.00049313356,0.00019189744,-9.799854,-0.0011096653,0.0001323809,0.0005283656
32332000,-0.0067193704,0.002441635,-9.793377,-0.0002006903,7.753215e-05,-0.0002614073
32336000,-0.0058692554,0.005312043,-9.7939625,0.00053155323,0.00055188476,-0.00011520442
32340000,-0.0068043685,0.0030402187,-9.802087,-0.0005858263,0.00044738065,0.0012310448
32344000,-0.0036573508,-0.0048076296,-9.804316,-0.00022844307,0.0003627408,-0.0004984343
32348000,-0.0033446406,-0.0053803152,-9.797155,0.0013699569,0.0003340738,-0.0018710928
32352000,-0.004736786,0.0017037204,-9.79937,0.0005066,-0.00021867026,-0.00028298955
32356000,-0.0018509657,0.0038414523,-9.798225,0.0006535748,-0.000232213,0.00039347232
32360000,-0.0032874558,0.0014630302,-9.796165,0.0010441835,1.0242406e-05,0.00035655737
32364000,-0.002143237,-0.0005681653,-9.800939,-0.00018418572,0.0010597352,-4.1558895e-05
32368000,0.0019429108,0.0013193259,-9.806961,-0.00039994033,0.001708647,-0.0006745668
32372000,-0.002190412,0.00014743688,-9.805586,0.000847754,0.0010467824,-0.00023643748
32376000,-0.0064491704,-0.00092133426,-9.796503,0.00060375285,-0.00022772781,-0.00025463366
32380000,0.00010047085,-0.0033688596,-9.799801,-0.00032893155,0.00025209188,-0.00061010337
32384000,0.005259724,-0.0005281281,-9.808004,-0.0002988083,0.0013474722,-0.000550096
32388000,0.0059848083,0.0038736106,-9.801325,-0.00049965136,0.00053010095,-0.0012889263
32392000,0.004161999,0.0032929387,-9.802123,-0.0006489819,-3.5897792e-05,-0.0012448457
32396000,0.00027453972,0.0019406932,-9.808367,-0.0007027682,-0.00023413224,-2.6281203e-05
32400000,0.0019021649,-0.0012872344,-9.798605,0.0002746013,-0.00040263135,0.00084540056
32404000,-0.0012509741,0.00524652,-9.796385,0.0006857906,0.0008084929,0.00027436682
32408000,-0.0030314599,0.005464502,-9.799248,0.00048533734,0.0011153622,-0.0004690415
32412000,-0.0017364945,0.0041104867,-9.79586,0.00031871712,0.0011862931,6.3371066e-05
32416000,-0.0046716556,0.0022052214,-9.798637,-0.0005928317,0.0013123854,-0.00013115528
32420000,-0.004200202,-0.006322189,-9.800216,6.0749207e-05,0.00084269716,0.00036249394
32424000,0.00031797576,-0.006305163,-9.799869,0.00033674148,0.0017047995,0.00041273353
32428000,0.0014173547,-0.0039047778,-9.809037,-0.00061745424,0.0013520612,2.5999869e-05
32432000,-0.00057660404,-0.0008965769,-9.807499,-4.921772e-05,4.8820122e-05,0.00020099743
32436000,-0.0021791477,0.00075522513,-9.801561,-0.00030488917,0.000804642,-9.373394e-05
32440000,-0.005726567,-0.00037033702,-9.80136,-0.0010131628,0.0006712235,-0.0003147424
32444000,-0.0022719256,0.0042355247,-9.803807,-8.8281566e-05,0.00036036663,3.7974976e-05
32448000,-0.0024632837,0.009245033,-9.806736,0.00025738456,0.00017256977,4.2351563e-05
32452000,-0.006094645,0.00261452,-9.806597,-0.0007641181,-0.0012528398,-5.1358817e-05
32456000,0.00017290935,0.008901329,-9.801379,-0.00047310648,-0.00096756243,0.00087179843
32460000,-2.7624657e-05,0.0052239145,-9.797951,0.00020928177,0.00069653837,0.00024404693
32464000,-0.0018098354,-0.0048100147,-9.803652,-0.00039222388,0.000115910996,-0.00064696034
32468000,0.0018884283,-0.0005394955,-9.798311,-0.00080352894,-0.0005961151,3.067883e-05
32472000,0.0049690246,-0.0009111157,-9.793097,0.00045214532,-0.00044463392,0.00036934254
32476000,0.003666443,-0.005584568,-9.792387,0.00091499655,8.95671e-05,-0.00027816178
32480000,-0.0003331802,-0.010070405,-9.793142,-0.0003577684,0.0008617087,-1.9656754e-06
32484000,-0.0011838381,-0.0011283206,-9.795326,0.00036963777,-0.0007765981,0.0007532641
32488000,0.0027101585,-0.0010198251,-9.79831,0.00070299004,-0.0007732467,0.0002602992
32492000,0.005016721,-0.0042357184,-9.800646,-0.0004995903,-0.00021193121,-0.00020901224
32496000,0.004910897,-0.0036942258,-9.798199,-0.00095098675,0.00056215585,0.00022589664
32500000,0.0066439817,-0.0032766247,-9.799642,0.00046446858,0.0011566614,0.00060821336
32504000,0.005460143,-0.0010083875,-9.797672,0.00044231926,0.0011980138,0.0006140602
32508000,-0.0049880724,-0.0029345711,-9.794312,-6.24018e-05,0.0012177876,0.00022237832
32512000,-0.0072283903,-0.003103359,-9.79505,0.00021107969,0.0003089632,0.00014558078
32516000,-0.0032377515,-0.007651067,-9.794798,-0.00068488455,0.00030549717,0.00059100136
32520000,-0.0021401423,-0.0026834516,-9.795407,1.5709524e-05,-4.745312e-05,0.00080295163
32524000,-0.00092780346,0.0013040709,-9.798651,0.00035213516,-0.0002703458,0.00046556912
32528000,0.00460086,-0.0094076125,-9.798325,-0.0002557016,-0.0001333561,-0.00050610723
32532000,0.007633054,-0.0065749763,-9.793528,-0.0009137403,0.0005298222,-0.00075931766
32536000,0.00045367953,5.665536e-06,-9.795577,-0.0012356844,0.0010332272,-0.00016796598
32540000,0.00085608824,-0.0020759732,-9.802574,-0.0006203712,0.00035390662,0.0008036385
32544000,0.0030156905,-0.005140147,-9.801312,0.00016179506,0.00015440032,0.0005822796
32548000,0.003744262,-0.0071810805,-9.795853,-0.0005162778,0.00018388656,0.00015728456
32552000,-0.005737872,-0.0053504077,-9.795583,-0.00087035453,-0.00017481793,-0.0002055232
32556000,-0.0030830991,0.0013331658,-9.793159,-0.00030977247,-0.00012080375,-0.0006179402
32560000,0.0029672938,0.00146793,-9.79961,-0.0016262456,-0.00042346053,-6.970078e-07
32564000,-0.0026267264,-0.0004853976,-9.806135,-0.0015544889,-0.00021698087,0.00014744626
32568000,-0.0011382129,-0.0036350808,-9.807282,-0.00086102943,0.00032272044,-0.0008333224
32572000,-0.0023666588,-0.0010114224,-9.807875,-0.0008556075,0.0008811156,-0.00041194804
32576000,-0.0033635234,5.8919777e-05,-9.798303,-0.00031573884,0.0012476224,0.0004829377
32580000,-0.0012251455,-0.008769845,-9.797548,0.00018404235,0.0016987014,0.0002449881
32584000,0.0041454746,-0.007138683,-9.798536,0.00022785165,0.0011802678,0.00075261306
32588000,0.0052444,0.00040743232,-9.795366,-1.5158163e-06,-0.0004163598,0.0015436357
32592000,0.0020702756,0.00085540244,-9.798555,0.00042954634,-0.00044587304,0.00048970996
32596000,-0.002645477,0.0035598665,-9.801244,-5.072515e-05,0.0009914256,-0.00078139023
32600000,0.003407634,0.0069836094,-9.801086,-0.0016947632,0.00091732235,-0.0010352284
32604000,0.009274449,0.0045351177,-9.802235,-0.0015316805,9.418601e-05,-0.0012788537
32608000,0.003605314,0.003949535,-9.798853,0.00012121747,0.000710191,0.0005310936
32612000,0.0045937253,0.0059777168,-9.797888,6.0100887e-05,0.0001322595,0.0011670118
32616000,0.006017565,0.008607325,-9.79892,-0.00046677788,9.840285e-05,-0.00017208155
32620000,0.00025040936,0.0068674413,-9.800812,-0.00018216758,0.00048949255,-0.00012218255
32624000,-0.008512346,-0.0023739368,-9.802766,-7.2873445e-05,-3.581779e-05,0.000480697
32628000,-0.002853028,-0.0113380905,-9.805376,-0.0001234956,-0.00017014616,0.00017838513
32632000,0.0020377482,-0.0033966978,-9.807774,-0.00042480763,0.00043449475,0.00018515774
32636000,-0.0013246447,-0.0017831443,-9.79615,-0.00021108106,7.9442645e-05,-0.00012040183
32640000,-0.0041948855,0.001871986,-9.790257,0.00027090564,-0.00010115092,-0.00082474726
32644000,0.0019052636,0.003115704,-9.792829,0.00033226088,0.00064615335,-0.0008198712
32648000,0.006256231,-0.003069666,-9.799285,-0.0004912565,0.00020100099,-0.00011778305
32652000,-0.0038922862,0.0005389964,-9.802464,-0.0010488447,-0.00022881464,0.0012794344
32656000,-0.0071828123,-0.00092422345,-9.798521,-0.00065084535,-0.0008438866,0.0014352303
32660000,-0.003237572,0.005529662,-9.801249,-0.0011022341,-0.00068142137,5.907211e-05
32664000,0.0008212247,0.0049556238,-9.802098,-0.00097319664,-0.00033045784,-0.0010874538
32668000,0.00033300277,-0.0007400157,-9.802753,0.00071684236,-0.00010437748,-0.00029215912
32672000,-0.002512308,-0.0033857063,-9.80228,0.0011572196,0.00011978123,0.0009862855
32676000,-0.005423417,0.00024306703,-9.802073,0.00088089774,-0.00035055363,0.00091764453
32680000,-0.0089074215,0.00041782093,-9.805779,0.0015277384,4.131749e-05,0.000395913
32684000,-0.004876335,-0.0030225606,-9.80255,0.0012291885,0.0001042805,-9.755131e-06
32688000,-0.0028790652,-0.0028033543,-9.800483,0.00073183177,-0.00050221797,0.0002552976
32692000,-0.0005147178,-0.004840576,-9.800891,-0.0007263606,-0.00042625357,-0.0004232135
32696000,0.0010584025,0.00072480174,-9.802964,-0.0012393843,0.00021673938,-0.0013912297
32700000,-0.0014769374,0.0019883506,-9.806547,-0.0004889152,-0.0007108384,-0.0006582856
32704000,0.003268731,-0.0001872458,-9.801895,5.4897177e-05,-0.0009259591,0.0001825507
32708000,0.00397551,-0.0020813064,-9.79274,0.0010720869,0.00016447375,8.8530156e-05
32712000,-0.00019780503,0.0003160444,-9.796074,0.0007535978,0.00043094088,0.00018906049
32716000,-0.0037341537,0.00079646736,-9.800566,-0.00026967732,0.0011747248,0.0006998298
32720000,0.002975128,-0.004080552,-9.800461,-0.0005668699,0.00048768788,-3.2370695e-05
32724000,0.012848744,-0.0054948516,-9.799704,-0.00034618826,-0.00046095555,-0.0010364415
32728000,0.0011966678,0.003430299,-9.795091,-0.00028765626,0.00072462356,-0.0001338289
32732000,-0.0055676573,0.009698697,-9.805113,0.00026805265,0.00066746585,0.00011046712
32736000,-0.001489886,8.67315e-06,-9.8036,0.0006022534,-0.00053252483,-0.0003130568
32740000,-0.0066855424,-0.0055327616,-9.793901,0.00035959523,-0.00032999073,0.0003036522
32748000,0.004871731,0.001509917,-9.801036,0.00053493516,-0.00092214084,0.00051154196
32752000,0.0012422197,0.0013717825,-9.784972,9.626717e-05,-0.0015318914,0.0007559132
32756000,-0.005823978,-0.0029763475,-9.795376,0.00014527429,-0.0010643863,0.001149022
32760000,-0.010547843,-0.006256638,-9.805725,-0.00013653486,-0.00019560479,-0.00017836937
32764000,-0.005937328,-0.0008201415,-9.801964,0.00013716963,0.00052605924,-0.00078782125
32768000,-0.001809048,0.0034112914,-9.798161,0.00071683957,0.0012034801,-0.0007145592
32772000,0.0055113463,0.0044793393,-9.799177,0.0008183682,0.00019323708,-0.0008089254
32776000,0.0019107426,0.0005412767,-9.794886,-0.00014347695,-0.00060603244,0.00010986041
32780000,-0.0057598827,-0.0009983717,-9.792511,-0.0014035264,-0.0008205207,0.00034695797
32784000,0.00045917166,0.0052983845,-9.80386,-0.00080536853,-0.0005961965,0.00012478759
32788000,0.0030971183,0.002180137,-9.806025,3.0811236e-05,0.0004360543,0.00028346173
32792000,0.0027955435,-0.0001662033,-9.79492,0.00012224406,-0.0005696414,-0.0008085668
32796000,0.008074853,0.0023203269,-9.8004,-0.00041188314,-0.0010978711,-0.00027018719
32800000,0.0083099315,-0.0030563418,-9.806692,-0.00069888704,-0.00021574313,0.0011046038
32804000,0.0027172174,-0.007090346,-9.799656,2.3136192e-05,0.0007757798,0.0011375236
32808000,0.0004581404,0.00087919284,-9.795391,-2.015683e-05,0.0013354504,0.00040744984
32812000,-0.0018047215,0.0074045197,-9.793461,-0.00059976225,0.0011190317,-0.00022827293
32816000,-0.0038791145,-0.0011614389,-9.796871,-0.00045372944,0.000105898165,-3.061068e-06
32820000,0.00097355404,-0.0008156555,-9.799624,-0.0011305921,-0.0002584423,0.0006955239
32824000,0.004824914,0.001519201,-9.796841,-0.00048859173,-0.00056860916,0.00016846294
32828000,0.004235908,-0.0065062903,-9.797752,-0.00010158219,-0.0003389267,0.00026443347
32832000,0.002960646,-0.0051921224,-9.800676,-0.0008375559,0.0009965295,0.0009801675
32836000,0.0065725474,-0.0032601128,-9.801802,-5.622313e-05,0.00056529633,-0.00032174072
32840000,0.0039144964,-0.0060570748,-9.8036375,0.00025083555,-6.135891e-05,-0.00039092978
32844000,-0.0036378005,-0.0065062772,-9.801369,-0.00034737148,-0.00054932345,0.00012507272
32848000,-0.0017881795,-0.003686648,-9.793513,-0.00042664298,-0.0005198258,-0.00017849848
32852000,-0.0055023185,-0.0035578355,-9.789057,-0.000407637,-0.00033118972,0.00025701104
32856000,-0.0052162856,-0.007329242,-9.792229,-0.00050355156,0.00023577767,-9.98603e-05
32860000,0.0030554296,-0.003958153,-9.793148,-0.0008447716,0.0010455656,-0.00038637413
32864000,0.0035606935,0.0002510744,-9.789925,-0.0006307291,0.00040991922,-8.587608e-06
32868000,-0.004218803,0.0015543159,-9.793087,-0.00020532674,-3.9203416e-05,0.0004305687
32872000,-0.005060903,-0.000116992895,-9.803207,-0.00043641034,-0.00011452477,0.00076660595
32876000,0.00052648864,-0.00018148158,-9.806891,-0.0001182325,0.00046103547,-9.851601e-05
32880000,0.00091876776,-0.004943925,-9.808588,-2.3613557e-05,0.00067051564,-1.5613153e-06
32884000,-0.0010036168,-0.002044958,-9.807863,9.895669e-05,-0.00081230426,0.0005006555
32888000,-0.0013569316,0.0090888785,-9.800766,0.00033841238,-0.00061785313,0.00048233176
32892000,0.0029747123,0.0018148281,-9.798376,-0.00046960448,0.0001901775,0.0005089881
32896000,0.0031206692,-0.0005580049,-9.798046,-0.0003846959,-7.203394e-05,0.0002278215
32900000,0.0007039468,0.0045619556,-9.79541,0.00044797454,8.499492e-05,0.00044860732
32904000,-0.004282484,0.0019067571,-9.797589,0.0008546123,0.0005604622,0.00024899738
32908000,-0.001710321,-0.0048537357,-9.805726,0.00019767701,0.0001573105,-0.00029096304
32912000,-0.0015277355,-0.0034542265,-9.802435,-0.0012556968,-3.332307e-06,-0.00091920636
32916000,-0.0055599725,0.006244445,-9.79911,-4.1532803e-05,0.00017564467,-0.00086914067
32920000,-0.003125087,0.0023068832,-9.804547,0.0012119664,-1.1607098e-05,0.00022809835
32924000,1.8817256e-05,0.00027894595,-9.798737,0.00032141042,-9.1616086e-05,0.00081866625
32928000,0.0016831986,0.007969668,-9.791271,-0.0010230312,-0.0009511701,0.0009522054
32932000,-0.00037056397,0.009357001,-9.7977085,-0.0007950784,-0.0009122605,0.000835399
32936000,0.0039879605,-0.0025427814,-9.800058,-0.0005700839,-0.0007293424,0.00029813696
32940000,0.0035342553,-0.010511566,-9.798584,-0.0009205926,-3.437165e-05,-0.00091752026
32944000,0.00047356804,-0.002671946,-9.793739,-0.00092838856,0.0010591336,-0.000552494
32948000,0.0057067866,0.0010809433,-9.79224,-0.00083466846,0.00044057347,0.00037466575
32952000,0.007592231,0.0008554739,-9.801925,0.000117017575,0.0003312878,0.00013551346
32956000,0.0066979206,-0.00013120513,-9.805787,0.00044834765,7.7247554e-05,2.9599585e-05
32960000,-0.0029734715,-0.0035368805,-9.801703,0.00027377077,-0.0005277529,0.00012325423
32964000,-0.0062948777,-0.0021960773,-9.797668,-0.00012510979,0.00052145444,0.0003873192
32968000,-5.7374396e-05,-0.00043206965,-9.793579,-0.00035388258,0.0010622309,-0.00021447681
32972000,0.00416222,-0.008690807,-9.793171,0.00020574815,1.9581388e-05,-0.0011941326
32976000,0.0051237033,-0.009453208,-9.795983,0.00024287755,0.00014899106,-0.00042504314
32980000,0.004484134,-0.004409566,-9.798669,-0.00048975565,-0.00014837792,0.00028889903
32984000,0.005772289,-0.0008048959,-9.800631,-0.0005569879,-0.00086482073,-0.00040523385
32988000,0.0043390947,0.005289622,-9.800362,-0.00055160205,-0.0005229399,-9.095487e-05
32992000,0.0064497464,0.0043163314,-9.798159,-0.00043633982,-0.0006283792,0.0005581178
32996000,0.0050053257,-0.0005455355,-9.800495,0.00013725285,-0.00010230271,-0.00010450679
33000000,-0.0014082167,-0.004741772,-9.7998295,-0.0002946622,0.0011245667,-9.276237e-05
33004000,1.3558196e-05,0.0014169355,-9.802733,8.673855e-05,0.001094664,0.0007305673
33008000,0.00053062756,0.008528156,-9.810951,0.001051373,0.00019541648,0.00090114254
33012000,-0.00558408,0.0071361787,-9.803562,0.0010063666,0.0005436896,3.079508e-05
33016000,-0.001963352,0.0068224184,-9.80378,0.0002942516,0.00047245296,-0.00046664165
33020000,-0.005452781,0.00022823342,-9.804684,-0.000569972,-0.0006634883,0.00017994102
33024000,-0.007488511,-0.00078593096,-9.79973,-0.00044436473,0.0001926269,0.00027758567
33028000,0.0054941205,0.0020892646,-9.792426,0.00041247084,-0.000263268,3.7304813e-05
33032000,0.0009949652,0.003732931,-9.793047,0.0005277594,-0.0015969326,0.0010237736
33036000,-0.005850229,0.0035417208,-9.800556,0.0003924732,-0.0006919105,0.0017866074
33040000,-0.005095031,-0.003675404,-9.793446,0.00021577044,0.0001312447,0.0009763778
33044000,0.00026350265,0.0011282893,-9.797884,-7.0765396e-05,0.0003816646,0.0003582492
33048000,0.0007755236,0.0011208542,-9.811007,7.713859e-05,0.00095852977,0.00017918929
33052000,0.0018768057,-0.002204763,-9.802336,0.001120902,0.0014495021,5.227575e-05
33056000,0.0077377046,0.0027247441,-9.796377,0.000735998,0.0011217906,0.0005188978
33060000,0.008034909,0.004702004,-9.807159,-0.0003838992,0.00043334012,0.00048343197
33064000,0.003676303,0.00086312357,-9.798285,-0.00045991686,0.00012990274,0.0006425222
33068000,-0.0024997757,-0.005402604,-9.795326,-0.00075152953,0.0004909939,0.0005849037
33072000,0.0006028684,-0.0028650796,-9.806198,0.00031386447,0.00024843734,-0.00020312876
33076000,0.004661612,0.0022915918,-9.803621,0.00025198483,-1.9964613e-05,-0.00010927386
33080000,-0.005271051,0.0062847505,-9.804497,0.0003832034,0.0002813596,-0.00036575802
33084000,-0.0076211635,-0.00071545714,-9.807369,0.00035983312,0.00082598615,-0.0011274426
33088000,-0.003820543,-0.006152253,-9.808782,-0.00044750667,0.00050880754,-0.0017468263
33092000,-0.006419038,0.002449065,-9.802713,0.0004004181,-0.00041430842,-0.0008313445
33096000,-0.0003235776,0.0024068558,-9.798824,0.0008954656,-0.0006890005,-0.00013028175
33100000,0.0027281397,0.0009861486,-9.802612,0.0008391925,8.5399006e-05,-0.0003401036
33104000,-0.0054068165,0.007270133,-9.800711,0.0012637627,-0.0002144135,0.0007868369
33108000,-0.009513857,0.008862562,-9.797362,0.0009564244,-0.00017866629,0.00011383638
33112000,0.00084873394,0.0029250393,-9.798919,0.0008469842,0.0007800952,-0.000720478
33116000,0.0048058485,-0.0008494987,-9.805513,0.00077004626,-6.608073e-05,0.00049154577
33120000,-0.0034445173,-0.0024228408,-9.801138,-0.00016678106,-0.0006234836,-0.00025583687
33124000,-0.0071309367,-0.00048825762,-9.796963,0.00042189812,3.7308808e-05,-0.00077525957
33128000,-0.0018214763,-0.003646326,-9.804258,0.00086517265,0.0006491374,0.00022739074
33132000,0.00022164438,-0.002796789,-9.805673,0.00040754618,0.00018556531,0.00012342902
33136000,-0.0023601018,0.00085273694,-9.801376,0.0005505127,-0.00033942162,-0.000421663
33140000,-0.0036672198,-0.0008812279,-9.798841,0.0009926131,6.733774e-05,0.0007010287
33144000,-0.0047525293,0.0019081765,-9.801722,0.00020570499,0.00060269947,0.00088554143
33148000,-0.0026999363,0.0024498126,-9.798592,0.00030048116,0.00058520515,-0.00012157371
33152000,-0.0027054083,0.00047161602,-9.796408,0.00016173563,0.0005208741,-0.00026493354
33156000,-0.0017417357,-0.0029410496,-9.802792,-0.00087433367,0.00024222235,-0.0007065273
33160000,0.003026423,-0.005402677,-9.7989235,-0.00034581838,0.00022965945,-0.0011051376
33164000,0.0058499053,-0.001882905,-9.795118,0.00040048285,0.00027870754,-0.000592258
33168000,-0.00036244822,-0.0021557286,-9.796817,0.0003161924,0.0008139011,-0.0005612175
33172000,-0.0063987006,-0.00348474,-9.797472,-0.00045210094,0.0011992191,-0.00015108356
33176000,-7.211254e-05,-0.002818762,-9.801802,-0.00056267297,-3.1490996e-05,0.00018380962
33180000,0.0004221797,-0.006351414,-9.802991,-0.00020192731,-0.00061187457,7.448745e-05
33184000,0.0018831734,-0.00075855054,-9.799196,1.3879386e-05,-0.0001017157,0.0011176981
33188000,0.010964973,0.002787034,-9.804737,-0.00028559883,4.986123e-05,0.0005286847
33192000,0.0080156615,0.0026026107,-9.809164,-0.0008487147,0.00017935714,0.00058507675
33196000,0.00222789,0.0018660793,-9.803593,-0.00042261387,0.0011969506,0.0014088243
33200000,0.007932884,-0.004622454,-9.800777,-0.00079932227,0.00070352893,0.00024214458
33204000,0.002379804,-0.0074425023,-9.801025,-0.00048784396,-0.00020973913,-0.0004532578
33208000,-0.00259991,-0.0012727829,-9.795431,6.274101e-05,0.0011025185,-0.00031013697
33212000,0.0005627328,0.0014731096,-9.7906,-0.0005972431,0.0012773215,0.00027623962
33216000,-0.0008907121,-0.0019162596,-9.789753,-0.00036232526,-0.00037058283,0.00095934584
33220000,0.0014557281,-0.0036712368,-9.796627,9.142359e-06,-0.00030853524,0.00063542475
33224000,-0.0012264097,-0.0033920621,-9.803873,0.00038060645,-0.00044555342,0.0010263232
33228000,-0.0015981367,-0.0017126254,-9.800613,0.0005749635,-6.577997e-05,0.0014327468
33232000,0.00033442315,0.00056585774,-9.79793,0.00019722333,0.0004965628,0.00050770584
33236000,-0.0018889883,-0.0012344824,-9.800853,0.00028003746,-0.00031060027,-0.0004899038
33240000,0.0011206552,-0.006420228,-9.796412,0.00028143608,0.00016370162,-5.568449e-05
33244000,0.0071668373,0.00088399707,-9.793219,-0.0007331151,0.00066479266,0.000525309
33248000,0.009376181,0.00727874,-9.800242,-0.0012268384,0.0007268754,-0.00055245194
33252000,0.0014748932,-0.0022901786,-9.800854,-0.00026073967,3.4760826e-05,-0.00043295664
33256000,0.0007431671,-0.0052777133,-9.793987,0.00027304143,-0.0006488561,1.40481725e-05
33260000,0.0070850877,0.0063299495,-9.797981,0.000112115486,-0.00029499753,-0.0006133383
33264000,0.0028561964,0.0054681823,-9.806841,0.00097489136,0.00014075173,0.0003513176
33268000,-0.0034205264,-0.0039069504,-9.801052,0.00092019356,0.00029002523,0.0003844777
33272000,-0.0051868726,-0.006975124,-9.798904,7.927507e-05,-1.7887798e-05,0.00034595295
33276000,0.002120646,-0.0039027054,-9.8073845,0.00015286263,-0.00086911034,-0.00033125165
33280000,0.005956625,-0.0062866476,-9.807301,0.00047455283,-0.00034295736,-0.00014922855
33284000,0.0058461824,-0.005946233,-9.79616,0.00026336784,0.000694674,0.0004974514
33288000,-0.0035928413,0.0043472215,-9.796858,-0.00039600415,0.0003799368,8.017272e-05
33292000,-0.01029614,0.0056393156,-9.796297,-0.0009718485,-0.00058925047,0.0004746814
33296000,-0.0023979205,-0.000594212,-9.793709,-0.00034568112,-6.453364e-05,0.0005043431
33300000,-0.005948562,-0.008247881,-9.799211,0.00046138687,0.0013973974,0.0005381176
33304000,-0.0019457873,-0.0036969695,-9.799913,-0.00036909187,0.0010556281,-4.0154224e-05
33308000,0.003156528,0.0054367366,-9.7991295,-0.00068291347,-0.00025257963,-1.6096423e-05
33312000,-0.0023529376,0.0038433895,-9.793413,0.0001519502,-0.00094811904,-0.00022059261
33316000,-0.0016366702,0.002160945,-9.786705,8.4321355e-06,0.00012632618,-0.00024391408
33320000,7.224703e-05,0.0015699553,-9.789637,-0.0006731713,-5.1977154e-06,1.6843675e-05
33324000,0.0038938397,0.0029498455,-9.798197,-0.000831631,-0.00054891425,-0.0006956303
33328000,0.00902237,0.0005453254,-9.799707,-0.0005900285,-6.364675e-05,-0.00074057904
33332000,0.0013711129,-0.0044588996,-9.797907,0.000287412,-0.0003743896,-0.00016572105
33336000,-0.001070807,-0.0028228194,-9.804569,-0.0005999702,0.00035233595,0.000127134
33340000,0.004214797,-0.007639056,-9.809048,-0.00041073997,-6.8489455e-05,-0.0001456286
33344000,0.00395344,-0.007474493,-9.80517,0.00037600822,-0.0012407777,-0.00043200885
33348000,0.0029697744,0.003402587,-9.803833,-0.00010566014,-0.0012233008,0.00041018974
33352000,0.0009180225,0.0036408585,-9.800323,-4.7280297e-05,-0.00045219567,0.0016559963
33356000,-0.0004701687,0.00038876952,-9.796213,5.9066406e-05,6.454032e-05,0.0010127594
33360000,-0.001168959,-0.0005440855,-9.803873,0.00034482422,-0.0006389794,0.00034520085
33364000,-0.0011873302,-0.00013035492,-9.804735,0.00025371418,-0.0006281465,0.0007079043
33368000,-0.0020877444,-0.0008903457,-9.799053,0.0007107846,0.00013421674,-0.0002749967
33372000,-0.00083459704,-0.00048507092,-9.79887,0.0013255758,-0.00011673207,-0.0006473991
33376000,0.0036115476,0.0010439962,-9.790228,0.00033585104,-9.145362e-05,0.0002475862
33380000,0.006142916,0.00080779643,-9.79351,-0.0010215454,0.0008897997,0.00021945736
33384000,0.0005239041,-0.0015242923,-9.797849,-0.0008679439,0.0002358864,0.00067848497
33388000,-0.0067142583,-0.0024577389,-9.800665,-0.0003775555,-0.0003542619,0.0014728274
33392000,-0.00094682595,-0.0006442616,-9.805188,-0.000329356,9.9118966e-05,0.0011274283
33396000,0.0053404695,-0.0025950214,-9.79014,-8.948791e-05,0.000808079,0.0004109651
33400000,-0.0015387783,0.0067619635,-9.790783,0.00074573106,0.00090998743,-0.00097283797
33404000,-0.007135035,0.01070451,-9.802315,0.00059116253,2.899893e-05,-0.0017163039
33408000,-0.009568227,0.004275713,-9.802921,-0.00086731964,-0.0003476932,-0.00059198524
33412000,-0.0075039486,0.007342001,-9.800878,-0.0013465211,-0.00013431,0.00021462406
33416000,-0.0015939405,0.0065054134,-9.79496,-0.0012313714,-0.00028898957,0.0003301611
33420000,0.0068705664,-0.0007247863,-9.794497,-0.00027436018,-0.00020287806,0.00025948646
33424000,0.005354325,-0.0011593084,-9.801285,0.0005200084,0.0011486477,-0.00035367842
33428000,0.00041360693,0.0012068184,-9.808754,1.4763414e-05,0.001900938,-0.00017004185
33432000,0.00023187874,0.0021259524,-9.80748,-0.001392149,0.0013155717,0.00027880014
33436000,0.005479751,0.00195088,-9.807291,-0.00024263894,0.0005873076,-0.00023352572
33440000,0.00025760574,0.005411843,-9.814738,0.0007072541,0.0009522813,-0.00013287336
33444000,-0.0100572035,0.0015301314,-9.808278,-0.0006237873,0.0012170896,0.0005816219
33448000,-0.010377393,-0.004293256,-9.8035,-0.0005894086,0.0011109011,-0.00038725772
33452000,-0.0034513732,-0.0052521224,-9.804546,-0.00029343742,0.0012536381,-0.00048346777
33456000,0.005218783,-0.0033812157,-9.802029,-7.261424e-05,0.00051571825,0.00012773767
33460000,0.003922876,0.0024598981,-9.805183,-0.00025106425,-0.0006951611,-2.1234699e-05
33464000,-0.003459265,0.003656644,-9.796045,-0.0002992559,-0.00046967887,-2.4867136e-06
33468000,-0.00933704,0.0025467272,-9.793446,-0.00028031084,-0.00032559628,0.0002653093
33472000,0.00397583,-0.0017511804,-9.794191,-0.0004342797,-0.0001565515,-6.820801e-05
33476000,0.013979383,0.0026776649,-9.797397,-0.0012750602,-0.000118808166,-0.00019416775
33480000,0.010295946,0.0023541627,-9.80625,-0.0007610935,-0.0005865793,0.00047676766
33484000,0.001589261,-0.010449184,-9.806172,0.0002406229,-0.00044667645,-0.00016159634
33488000,-0.00862972,-0.0024037214,-9.796814,-0.000307549,-0.0005080284,-0.0005924253
33492000,-0.002235528,0.008497003,-9.789518,-0.00038730985,7.343595e-05,-1.4424863e-05
33496000,0.0028429986,-0.00061157905,-9.795734,0.0005332496,-0.00019929443,-9.947001e-05
33500000,0.0037316098,0.0027373503,-9.796688,0.00035844682,-0.0010252193,-0.00047071508
33504000,0.0030608606,0.009095448,-9.792801,-0.00014211747,-0.00062911503,-0.0003349218
33508000,0.0024495814,0.0051130387,-9.791597,-3.4222564e-06,-0.0002562211,-0.0003347679
33512000,-0.0012244796,0.000111496585,-9.793735,0.00017476612,0.0008990763,-0.00035746396
33516000,-0.01158114,0.0016291203,-9.803057,0.00049014244,0.0013150916,-0.00046144894
33520000,-0.0059133605,0.006424055,-9.806417,-1.9893e-05,0.0005905908,-0.00028461093
33524000,0.0011681356,0.0011664131,-9.796762,-0.00031781025,0.00011629239,-0.00019500375
33528000,-0.00055865536,0.0011711597,-9.792778,0.00035799167,-0.00029742307,0.00028982855
33532000,-0.005521157,0.003497268,-9.795064,0.00016569326,-0.0009770957,0.0011259725
33536000,-0.01001219,-9.560784e-06,-9.794989,0.00015219452,-0.00065331603,0.00017277306
33540000,-0.0064958036,-0.00095052255,-9.798373,0.0003888424,0.00019616612,8.196201e-05
33544000,0.0017277703,-0.0005995363,-9.803792,-0.0001075888,-2.4436027e-05,0.0002407946
33548000,7.180963e-05,-0.008068281,-9.8010025,0.00045747208,0.0002771397,-0.0007996607
33552000,0.0050215814,-0.0014565361,-9.792229,0.00028722626,-0.0004837053,-0.00023487592
33556000,0.0067352173,0.0047179186,-9.8024645,4.3129377e-05,-0.00044478785,-0.00024484427
33560000,0.0017216348,0.001355446,-9.810653,0.000340718,0.00026227234,-0.0003020901
33564000,0.0053135115,0.004410342,-9.80163,-0.00024445556,0.00019687215,1.2634226e-05
33568000,-0.000102933496,0.0072611133,-9.801129,0.00023165911,0.0007174587,-0.0005299263
33572000,-0.0015408595,0.0069701322,-9.80246,0.000640671,4.468787e-05,-0.00038025368
33576000,0.00073868554,0.0007632834,-9.803327,0.00032573502,0.00012938374,-0.00026252918
33580000,0.0021712235,-0.0034756204,-9.796095,0.00030196828,0.0010237582,-0.00036936218
33584000,0.0006272119,-0.0024712423,-9.798332,0.0001346653,0.00040537672,0.00045982908
33588000,0.0007097032,0.0020666881,-9.806073,-6.812546e-06,-0.0004243188,-3.5442324e-06
33592000,0.0065544294,-0.0031356805,-9.800445,-0.0001893069,4.5190718e-05,-5.591519e-05
33596000,0.00035745144,0.00059917313,-9.800843,0.0001252502,-0.00042847588,0.0002449893
33600000,-0.0064697713,0.0016829913,-9.804018,-0.00014790198,-0.00086455327,0.00015785915
33604000,-0.00046869303,0.0021459674,-9.802785,-0.0014622292,-7.0880815e-05,0.00033698953
33608000,0.0034346655,0.01063421,-9.808483,-0.0008584672,-0.00016348949,0.00023228652
33612000,0.0027171231,0.009141164,-9.805006,0.0003458965,-0.00033078503,-0.00034468703
33616000,0.003150784,0.004018076,-9.800384,0.0010396949,-0.00017404318,-0.0002839669
33620000,0.0005714341,-0.0017959616,-9.802689,0.0016446668,-5.286856e-05,0.00043549662
33624000,0.0025545976,-0.0036266902,-9.805189,0.00039308332,-0.00070050353,-0.0012137691
33628000,0.004506942,0.00042033507,-9.806415,-8.2611376e-05,0.00015846278,-0.0007198641
33632000,0.0042331917,-0.0071991533,-9.800759,0.00035176217,0.00086143817,-0.00038036588
33636000,0.0071515273,-0.016657623,-9.796375,0.0003382747,0.000372409,-0.00022393031
33640000,0.0026804793,-0.008092107,-9.802743,0.00064265745,-4.9729704e-05,0.00037895542
33644000,0.00057984167,-0.00036282922,-9.809656,0.0003405708,-0.00040036213,0.00052769686
33648000,0.003566511,-0.007021389,-9.806024,-0.0003110907,0.00090393424,0.001538023
33652000,0.0029371644,-0.0059925364,-9.797362,-0.00030675574,0.0011833091,0.00085401576
33656000,0.0059773535,0.0025825303,-9.792996,-0.00042333527,0.00030439222,0.00027547477
33660000,0.0071126446,0.0013079372,-9.801098,0.0004141501,0.00060535764,-5.7678983e-05
33664000,0.00936967,0.0036382305,-9.804841,0.00060859224,-0.0002373159,0.00011048176
33668000,0.007813449,0.0049905605,-9.801582,-0.00021029709,-0.00061464554,0.00028767128
33672000,0.005780399,0.005835499,-9.798263,0.00017225012,0.0006412381,-0.00013661479
33676000,0.0024835775,0.00086606375,-9.794051,0.0001335475,0.0013008823,-0.00012776298
33680000,-0.0033602263,-0.004796414,-9.791382,-0.0007018367,0.00072395673,-0.0006500758
33684000,-0.0012434777,-0.004619382,-9.7951765,-0.0015932166,-0.0001916763,-0.00055456255
33688000,-0.0015942007,-0.0012322975,-9.805653,-0.0008782447,-0.0008402233,0.00016761004
33692000,-0.0034703645,-0.00015885594,-9.805428,0.0003278402,-0.001061485,-0.00051754055
33696000,0.004208168,0.00040600917,-9.798546,0.0002804819,0.00058044074,-0.000969365
33700000,0.008954745,0.0028804678,-9.799961,-0.00053847104,0.001472095,-0.00056790205
33704000,0.0050556804,-0.0046306793,-9.805371,-0.0003337705,0.00070273556,-0.00016604288
33708000,4.61553e-05,-0.0059780967,-9.802565,0.00027207553,0.0011800424,0.00010357492
33712000,-0.0014586768,-0.0040650778,-9.801359,0.000364197,0.0014101085,0.0005220436
33716000,-0.006174049,-0.007728943,-9.797734,-2.5207934e-05,0.00026146267,0.0006595167
33720000,-0.005600365,-0.0011200897,-9.791412,0.00031783158,-0.00016187219,-1.4632388e-06
33724000,-0.005925136,0.0004635361,-9.794469,0.0005220099,-8.8326975e-05,0.00019679475
33728000,-0.011261294,-0.0018465142,-9.799559,-0.000108638495,-0.0003000587,-1.6229522e-05
33732000,-0.009209422,-0.00014099701,-9.801075,0.00079890154,-6.2562794e-05,-0.0007945222
33736000,-0.00090294646,-0.0037304058,-9.800273,0.00070143264,0.00026649275,-0.00037529206
33740000,-0.00096077076,-0.0055850702,-9.79862,-0.00012219397,0.0001952704,-0.000114856586
33744000,-0.0035365191,-0.0038575176,-9.793764,-0.00017785764,0.0004029338,-0.00013046712
33748000,0.00038103817,0.0025861901,-9.794101,-0.0004949292,0.0005918887,-0.0005522219
33752000,-0.0033589024,0.0033823121,-9.796688,-0.00070068985,0.0009653461,-0.00051815796
33756000,-0.008111923,-0.0011241373,-9.795462,-0.0010537227,0.0008675761,-0.00022520106
33760000,0.0008180846,-0.005159028,-9.794018,-0.00046517942,0.0008219792,-0.00026671102
33764000,0.0110048745,0.00018400246,-9.797514,-0.00025471006,-6.082029e-05,-2.3524048e-05
33768000,0.00049983384,0.006844443,-9.796556,-0.0005249202,-0.0006898806,-0.00019371168
33772000,-0.007620886,0.0020722197,-9.798988,-0.0003368811,0.00091357116,0.0006716396
33776000,-0.001608469,0.001999864,-9.799225,-0.0006332781,0.0005939961,0.0006481249
33780000,0.0021191998,0.004083704,-9.798666,0.0003414122,-0.0013026767,-5.797525e-05
33784000,0.00019837319,0.0071888273,-9.800808,-0.00031608558,-0.00088724983,0.0010153778
33788000,0.0057384646,0.006018168,-9.799616,-0.0010205829,-0.00063550594,0.00035331398
33792000,0.011659045,0.0026818546,-9.804235,-0.00039962414,-0.001224746,-0.0008603978
33796000,0.009762371,0.0027513276,-9.800592,-0.0006603088,-0.00092011964,-4.7552974e-05
33800000,0.009151498,-0.0028265829,-9.800894,-0.0012831499,-0.00027090992,0.00065904995
33804000,0.0023522598,0.0012515169,-9.810654,-0.000682191,0.0004590421,-0.00022595334
33808000,-0.00909708,0.0043238653,-9.804571,-3.2557215e-05,0.00043945634,-0.0010160715
33812000,-0.005273812,-0.001856146,-9.7955265,-0.00034928464,0.00018027062,-0.0005874553
33816000,0.0052124853,0.0005834042,-9.796693,-0.000292354,0.0002837087,-0.0006882725
33820000,0.0006810521,0.00056918676,-9.801223,-0.00023721579,0.0003032145,-0.0012373641
33824000,-0.0022149463,0.0003463854,-9.802252,-4.951427e-05,-9.121558e-05,-0.0007891903
33828000,-0.00234182,0.002969827,-9.800249,-0.0006679563,6.972275e-06,-0.00010227216
33832000,-0.00045002584,0.002329519,-9.800698,-0.000802767,-0.00014365291,0.00024259584
33836000,0.0015112695,0.0028449872,-9.799637,-0.0005391648,-0.0005432088,0.00013534102
33840000,0.003273292,0.0035129641,-9.792671,-0.0006051517,-1.4764465e-05,-0.0008370339
33844000,0.0040780017,0.0027892392,-9.790217,-0.0004012086,5.5203756e-05,-0.0010190047
33848000,-7.3073956e-05,0.00659575,-9.798735,0.0005433138,-9.794746e-05,0.00058949273
33852000,0.0024599566,0.008877173,-9.800029,0.0007629211,-0.00034772564,0.00089053717
33856000,0.00087088684,0.00845661,-9.79775,0.00020294363,-0.0010884762,-7.911801e-05
33860000,-0.011330055,0.012629964,-9.798508,9.541669e-05,-0.00046989293,0.0006060376
33864000,-0.009431255,0.016088808,-9.798445,0.00053948443,3.7581794e-05,0.00011798842
33868000,0.00018927883,0.008733601,-9.80136,0.0009806188,7.875886e-05,-0.0005652087
33872000,-0.003672371,-0.0018767416,-9.80827,0.00026101235,0.0007193367,-0.00056019856
33876000,-0.0035218685,0.0046417783,-9.80663,-0.00030277748,0.00055920787,-0.0011586165
33880000,0.0038543139,0.00809273,-9.795644,0.0007538871,0.0008122455,0.0003488611
33884000,0.004814922,0.0019921903,-9.800058,0.00069776614,-1.6047145e-05,0.0011240168
33888000,-0.0010006444,0.00048082444,-9.80629,-0.0007784775,-0.0010054181,-0.0006416432
33892000,-0.002012956,-0.0018917246,-9.800599,4.17372e-05,4.943689e-05,-0.0011001562
33896000,-0.0011512685,-0.000777133,-9.803442,0.00015934581,-0.000112254966,-0.00013937637
33900000,0.0019276658,0.0021544658,-9.802958,-0.0005326688,-0.0003767815,-0.00034793714
33904000,-0.0014244642,0.0048672487,-9.799675,-0.0006216397,-0.0003585422,-8.843354e-05
33908000,0.0019425406,0.00050102756,-9.800442,-0.0007628421,-0.000823654,0.00037907116
33912000,-0.0019473998,-0.0026511515,-9.80399,-0.00037593866,5.2981195e-05,0.00081690936
33916000,-0.0039999997,0.0033979965,-9.803764,7.817367e-05,0.00041362888,0.0012830212
33920000,0.0040384578,0.004352181,-9.804707,0.00030343677,-0.00034862952,0.0007267737
33924000,-0.005326007,-0.0036043501,-9.809501,0.0006111289,-0.00058809895,0.0007699274
33928000,-0.0036288693,-0.007164618,-9.79789,0.000329894,-0.00036530246,0.00063210423
33932000,0.0023656066,-0.004254371,-9.793914,-0.00030784836,-0.00083980185,-0.00026925653
33936000,-0.0020567838,-0.0050528436,-9.793177,-0.0007953914,-4.6270584e-06,-0.0003277288
33940000,-0.00066089444,-0.0019123974,-9.795013,-0.0010089937,0.00048086618,-0.00035601924
33944000,-0.0020043252,0.0017832901,-9.798811,1.549222e-05,0.0004967042,-0.00062617136
33948000,-0.00017516527,0.006856556,-9.797659,0.00016381098,0.00096814346,-0.00039518278
33952000,0.0008373214,0.005912904,-9.796363,-0.0009077563,-9.44403e-05,-0.00077952264
33956000,-0.0009884549,-0.0046562855,-9.798441,-0.00079320674,-0.00043754684,-0.0007775164
33960000,-0.0023860224,-0.0053758933,-9.801779,0.000340511,-0.00012184666,-0.00020566472
33964000,-0.005625778,-0.0011365361,-9.797632,0.0003587765,0.00023369011,6.119499e-05
33968000,-0.004353076,-0.0046625193,-9.794842,-0.00019477602,0.0006011414,0.0004075551
33972000,-0.00787152,-0.003691276,-9.79924,-0.0003439197,0.0012804382,-7.100369e-05
33976000,-0.000711869,0.0021051913,-9.798408,-0.00035595967,0.0003969689,-0.0008616164
33980000,0.009469113,0.0012659602,-9.793587,0.00025752842,-0.0009821228,-0.00026135362
33984000,0.010274975,-0.001961919,-9.805276,2.8276178e-05,-0.00038730566,-0.00045699038
33988000,0.0017879833,-0.0039943806,-9.808546,-0.00075775856,4.655448e-06,-0.0005106803
33992000,-0.0029416038,0.0007092598,-9.810066,-0.00032340863,-0.00019001163,0.00038103113
33996000,-0.0027829492,0.0035589288,-9.8105,0.0013326687,0.00027837517,-0.00045715223
34000000,-0.0048872484,0.0047330423,-9.806013,0.0010430454,0.00080317573,-7.439437e-05
34004000,0.002894312,0.01066515,-9.798658,-0.0005102943,0.00012216707,0.0010922486
34008000,0.0035028954,0.008449357,-9.797583,-0.0006518075,-0.0005158954,0.00037337467
34012000,0.0019900855,0.0009594288,-9.804596,-0.00042316108,-0.00036327852,0.00018980209
34016000,0.0016568835,0.0032552662,-9.797081,0.0004798386,-0.0008621308,0.00017303035
34020000,-0.0047678747,0.0059449268,-9.790632,0.0003524957,-0.0010326905,7.281126e-05
34024000,-0.00791987,-0.0017071554,-9.790907,-0.00042994192,4.9143946e-05,0.00057995017
34028000,-0.0028332982,-0.009078263,-9.791498,-0.00058258086,0.00020320748,-0.0005910017
34032000,0.00377877,-0.008963596,-9.797598,-0.0004642546,0.00030943827,-0.0014996391
34036000,0.0042990465,-0.00442808,-9.802405,0.00019270343,0.0003987676,-0.0013210649
34040000,0.006928101,0.0011519679,-9.803156,0.0008477614,0.0003160639,-0.0009224241
34044000,0.002076601,0.001963098,-9.80142,-0.00042447058,0.00054731726,0.00021660184
34048000,-0.0017054975,0.0006229838,-9.801903,0.00020969796,0.0004747981,0.00046961356
34052000,0.0019685721,0.0016273783,-9.801537,0.0014015895,0.00066548033,0.000326992
34056000,-0.0049831257,0.002347454,-9.804165,0.0006847278,0.0005754802,-0.00021008054
34060000,-0.009103862,-0.005163718,-9.803625,0.0002851842,0.00057009433,-0.0011778312
34064000,-0.00035042572,-0.0020129294,-9.80113,0.00010893294,0.0005201381,-0.00023245356
34068000,0.0042816545,0.0067779664,-9.803056,-0.0002917455,0.00093370397,0.0006965286
34072000,0.0010436736,0.003622668,-9.800766,-0.00017587126,0.00069695036,-0.00014594547
34076000,0.0070994836,-0.0025366885,-9.799404,0.00019499869,-0.0006178298,-0.00087049126
34080000,0.006533472,0.0015176531,-9.794016,-0.0008995304,-0.000329625,-0.00081304356
34084000,-0.0044388566,0.00433787,-9.79866,-0.0009123952,9.115887e-05,-0.0006374407
34088000,-0.009749936,-0.0016301352,-9.800098,-0.0003422908,0.00028266382,0.00016503861
34092000,-0.0031433029,-0.00034939515,-9.798868,-0.00028547403,0.00012517831,0.0006413525
34096000,0.0041028727,0.0051635727,-9.80267,-0.0006963216,-0.0011239378,0.0006841855
34100000,-0.0014634876,-0.00031520697,-9.799887,-0.00059118675,0.00017635127,0.0001343023
34104000,-0.0030184325,-0.0071168593,-9.795858,-0.0005327161,0.00028474705,0.00012682771
34108000,0.0008386731,-0.0053599016,-9.789534,-0.0013064652,-0.0010196439,0.00033949636
34112000,0.006170155,-0.0037134495,-9.7987,-0.000810147,-0.00027450995,-0.0016996644
34116000,0.0068125357,-0.0017158681,-9.807804,0.00040272123,0.0002631892,-0.0016974192
34120000,-0.0021034312,0.0055083614,-9.802134,7.834455e-05,0.00086877355,-4.41776e-05
34124000,0.001838064,0.0075356388,-9.804884,-0.00070443354,-0.00014495091,4.7161302e-05
34128000,0.007308106,-0.002136998,-9.802636,-0.00021350176,-0.00018648167,0.00018975363
34132000,0.0040390184,-0.0026683523,-9.79884,-0.0011530265,-0.00012289893,0.0013891858
34136000,0.00470231,0.00023196347,-9.79925,-0.0008345382,-0.00089788326,0.0010880047
34140000,0.0035073592,0.0003717234,-9.795935,3.5337096e-05,-0.00026000227,-0.0004855958
34144000,0.003630779,0.0032091085,-9.798031,-0.0004534948,0.00042968497,-0.00072283426
34148000,-0.0004364446,0.0034231155,-9.800599,-0.0012059566,0.0006653924,5.555054e-05
34152000,0.0036013064,-0.0025723323,-9.800893,-0.001210641,0.00087714335,0.00019475751
34156000,-0.001191543,-0.004147835,-9.799404,-0.00026894477,0.0008596832,-3.6760855e-05
34160000,-0.0029598097,0.00034594876,-9.795978,-0.00023949351,0.00074844563,3.7868806e-05
34164000,0.009044118,0.0007249474,-9.797287,-0.0007558839,0.00046047996,-0.0003103971
34168000,0.0067483746,0.0017555524,-9.797493,-0.0015498258,5.554759e-05,-0.00014530776
34172000,0.002682669,0.00032908926,-9.797447,-0.0017307112,-0.000344649,0.0007485294
34176000,0.004524394,-0.0046770545,-9.794744,-0.0017573829,-0.0008925394,0.00038355542
34180000,0.0058347704,-0.004141456,-9.795453,-0.0004265583,-0.00059457595,0.00025924385
34184000,0.0033663828,-0.0012067922,-9.798634,0.0006313807,-0.00027782566,0.00067504635
34188000,0.0010082005,0.0015163764,-9.796682,0.0004507835,7.262694e-05,0.00064820156
34192000,-0.0024376654,0.006869518,-9.79373,8.0093785e-05,-0.0007111703,0.00026898523
34196000,-0.0047274847,0.0014798938,-9.801795,-0.00062058173,-0.00013287058,-5.3637777e-06
34200000,0.0012313863,-0.0070998888,-9.81007,-0.00017971243,0.0003368143,0.0007128947
34204000,-0.0009654533,0.0011597984,-9.797268,0.00020902223,-0.0006254709,0.00072232494
34208000,-0.0041281097,0.0028261354,-9.800907,-4.2843363e-05,7.1367765e-05,-0.00025856527
34212000,-0.0028544515,0.003531576,-9.80528,-0.00044446948,0.0004163468,-0.0009396621
34216000,-0.0017482336,0.0013632022,-9.795761,-0.00046860028,-0.00055475766,-0.0004203861
34220000,-0.00058457244,-0.0028584127,-9.795963,0.00042829243,-0.0006679904,0.00036595805
34224000,0.0007704495,-0.0004667236,-9.796414,0.00095577334,-0.0004385747,-0.0002211612
34228000,0.0039983205,-0.0033203396,-9.799622,0.0007980052,-0.00045209687,-0.00056383875
34232000,-0.00042180606,0.0034436404,-9.800781,-3.464102e-05,-0.0002262211,0.00013269628
34236000,-0.0030000762,0.008566193,-9.797718,-0.0008720312,0.00034667013,9.093015e-05
34240000,0.004462423,0.0076726303,-9.802234,-0.00096714485,0.0012820873,-0.00016668858
34244000,0.011712859,0.005322689,-9.8091755,-0.00091025745,-0.00028548672,0.00021462214
34248000,0.0062799174,0.0052016345,-9.800455,0.00025818,-0.0014533909,0.00058933196
34252000,-0.0011155559,0.007271352,-9.796591,0.0011416603,-0.00060695916,0.0005055638
34256000,0.00061442365,-0.0045998897,-9.794926,-0.00041520453,0.00018000131,0.0003184701
34260000,0.0036824457,-0.0026007404,-9.797427,-0.0008673211,0.00037476447,0.00051370304
34264000,-0.0002096164,0.006515868,-9.805313,-7.022706e-05,-4.518413e-05,0.00024489014
34268000,-0.0033371684,0.0022869424,-9.803386,-0.0010245409,-0.0007185579,-0.00041707227
34272000,-0.0046175066,-0.0019571106,-9.803265,-0.0010431954,-0.00032292094,-7.861021e-05
34276000,-0.0037243173,-0.0039187735,-9.798109,-6.461386e-05,0.00084313925,0.0008108412
34280000,-0.006182912,-0.0042808694,-9.802526,0.00015673292,0.000250969,0.0008946694
34284000,-0.0035912278,-0.0059950324,-9.802258,-0.00082157174,0.00060176617,0.0004971292
34288000,0.0029887022,-0.0061017633,-9.795761,-0.0013237237,0.0011768413,0.0009726202
34292000,-0.00011492126,-0.008005146,-9.798065,-0.0008902984,0.00029815402,0.0011338771
34296000,-0.0017937133,-0.007985369,-9.794031,-0.000819536,0.0003897022,0.0004900605
34300000,-0.001353303,-0.0037638778,-9.793286,0.00016026702,0.0010416443,0.0006055212
34304000,0.0007297128,0.0017152324,-9.801624,5.2407508e-05,0.00049746834,-3.5266377e-05
34308000,0.0033984892,0.0024441802,-9.803647,-0.00016383387,0.0009944387,-7.011213e-05
34312000,0.00062887376,-0.0008608065,-9.801859,0.00070619845,0.0007399528,0.0005920998
34316000,0.0028032083,-0.0011593953,-9.797908,0.00026574117,-0.0008973172,0.00053116895
34320000,-0.0022258088,-0.004679362,-9.795189,-0.0010026814,-0.0006791973,-3.590108e-05
34324000,-0.008637655,-0.0046957266,-9.802958,-0.0009149688,-8.2568346e-05,-0.00040565766
34328000,-0.0034204123,-0.001469592,-9.805443,-0.00012299723,0.0006446114,0.00072713423
34332000,-0.0015103212,-0.0065263626,-9.805713,-0.00035677585,0.0003621755,0.00038111256
34336000,0.0042095482,-0.0063043274,-9.805149,-0.0005569408,-5.5539684e-05,-0.00039446927
34344000,-0.001464815,-0.006611541,-9.808927,-0.00081874966,0.0006848971,-0.00014570632
34348000,-0.0019579285,-0.00167207,-9.806448,0.00033412702,0.0005155962,0.00031953736
34352000,0.002074373,-0.0008640758,-9.796836,0.00019038602,0.0001683806,0.0006174151
34356000,0.0015686658,-0.0018960632,-9.7915535,-0.00022166625,0.00038819853,-0.000715725
34360000,-0.0048779855,0.0015784042,-9.797478,8.692305e-05,0.00049055216,-0.0009161359
34364000,-0.005199005,0.0047251084,-9.799698,-0.0003597871,-0.00039955348,0.00016436572
34368000,0.00523373,0.001354938,-9.796587,-0.00019939216,1.5751035e-05,0.00019311634
34372000,0.010770373,0.0009453697,-9.797343,7.4082374e-05,0.00015901776,0.00016508564
34376000,0.003498884,-0.0009927712,-9.793667,-0.00040385732,-0.00038008796,0.0011348474
34380000,0.0022123568,-0.0020477641,-9.792252,-0.0004012012,0.0001337945,0.00076848094
34384000,0.0013073757,0.004227042,-9.800892,-0.0005764893,-6.1653605e-05,-0.00017471079
34388000,-0.0013050255,-0.0015802567,-9.808641,-0.00095755013,-0.0005819232,0.00047025344
34392000,-0.001024976,-0.003181238,-9.799977,-0.0009959948,-0.00025226775,0.00055594504
34396000,-0.0015418002,0.0012751292,-9.797624,-0.0005170026,-0.0003621784,-0.00026678314
34400000,0.0016628862,4.1957297e-05,-9.799366,0.00088611926,-0.00051955343,-0.00087435474
34404000,-0.0029831184,0.00064097246,-9.790585,0.0003955358,-0.0010614916,-1.236136e-05
34408000,-0.0017328232,-0.0020266,-9.792759,-0.0007621481,-0.0003394963,0.00081068533
34412000,0.0046774875,-0.00078202196,-9.799498,-0.00020243616,0.001435919,0.0003154593
34416000,0.0014706062,-0.00026226282,-9.801249,-0.0004208564,0.0008672265,0.00061173487
34420000,0.00078288326,-0.0016582853,-9.800709,-0.00051490875,0.00038504318,0.0009301178
34424000,-0.0038588936,0.002801914,-9.800267,-0.0002450933,0.0006393578,0.0002300047
34428000,0.0005135024,0.001104795,-9.798641,0.0003534105,0.0005300487,-0.00034048493
34432000,0.0032267768,-0.0017245382,-9.79937,0.00014999238,-5.284282e-05,-0.0002607009
34436000,-0.00065622287,-0.007751372,-9.809302,-0.0011078148,0.00022414072,2.0603833e-05
34440000,-0.0037619777,-0.008656727,-9.808017,-0.00021865116,0.00034730654,0.00016116409
34444000,-0.0067698103,-0.0021455113,-9.8018465,0.00094453414,-0.00043256104,0.00014935347
34448000,-0.0039802445,-0.003107167,-9.801498,0.0002692355,-4.6337955e-05,0.0006013685
34452000,-0.00067228056,-0.0047716526,-9.80185,-0.00079604116,0.00024107717,-9.640485e-06
34456000,-0.0042994367,-0.0021312048,-9.793011,-0.00036923483,0.0005379693,-0.00059243984
34460000,-0.006192702,-0.00066647213,-9.796214,0.00076295296,0.00042019627,-6.6395514e-06
34464000,0.00012982282,0.0039301417,-9.809551,0.0006679107,0.0007345997,-2.3566767e-05
34468000,-0.0015265273,0.004141908,-9.8067665,-0.00016650555,0.0017116833,-6.7958754e-06
34472000,-0.005871125,-0.0060496717,-9.798688,-0.0007727897,0.0005713285,0.0005777701
34476000,-0.004634476,-0.0050596567,-9.798109,-9.7846314e-05,-0.0011479032,0.0007919587
34480000,0.0038402467,0.0019972231,-9.802958,0.00011990261,-0.00077431666,0.00054835243
34484000,0.0054579447,0.0017090453,-9.804089,-0.0005576929,0.0008760074,0.00014926663
34488000,-0.005442661,0.008004492,-9.8028,-0.0012057171,0.0015203357,-0.0008537304
34492000,-0.011378402,0.0005693648,-9.806437,-0.0012325739,0.00031123398,-0.0012216016
34496000,-0.009093467,-0.0033454066,-9.800657,-0.0015905184,-7.375382e-05,-0.00059999555
34500000,0.006425886,0.0025523645,-9.789051,-0.0012209321,0.0008949988,-0.0007097131
34504000,0.012340033,0.0033255904,-9.79567,0.00026194545,0.0010781499,-0.000798205
34508000,0.0005241346,0.005388276,-9.801668,0.0003463362,0.0009530916,-0.00068704865
34512000,-0.003742019,0.0038329435,-9.801886,-0.00023585379,0.00066945894,-3.0692187e-05
34516000,0.0010929806,-0.00189635,-9.800669,-0.00052049116,6.0991737e-05,-6.7465684e-05
34520000,0.005746332,-0.008016166,-9.8011265,-2.322514e-05,-9.146423e-05,-0.00024180229
34524000,-0.00065533456,-0.0024717916,-9.799345,0.0003294775,0.0009099288,0.00079159206
34528000,-0.0045197443,-0.0001259471,-9.797703,-5.2527004e-05,0.0012674084,0.0007717024
34532000,0.009189572,-0.0056832773,-9.804463,1.571962e-05,0.0005395922,0.0005352085
34536000,0.014140595,-0.0008696499,-9.798691,6.910491e-05,-3.6699133e-05,8.512795e-05
34540000,0.008063364,0.0011858762,-9.799664,-0.00087844813,0.00027764204,-0.0009318712
34544000,0.0031894413,-0.0056173196,-9.805285,-0.00025177267,0.00032002843,-0.00046612386
34548000,-0.005911294,-0.0016560552,-9.800179,0.001023992,-0.00065283687,0.0004854556
34552000,-0.0053930245,0.0019370238,-9.800009,0.0004421936,-0.00011512978,2.8183073e-05
34556000,-0.003155233,0.0014307405,-9.800457,0.00035799562,0.0001507649,-9.5134244e-05
34560000,0.0010871552,0.0035748624,-9.803354,0.0002075803,-0.0002876945,0.00019565343
34564000,0.0070200404,0.0008547144,-9.80693,0.00029756987,-0.00037399025,0.00044714432
34568000,-0.0016388819,0.005864122,-9.808247,-0.0009305764,-4.7615344e-05,0.000503942
34572000,0.00015039882,0.00798359,-9.806826,-0.0024483332,0.0005184468,0.00052981265
34576000,0.0074245706,-4.4092307e-05,-9.798656,-0.00067011564,0.00028263763,0.00052869826
34580000,0.0036691523,-0.00051990995,-9.797918,-4.7795904e-05,0.00028015228,0.00018358871
34584000,0.0016495013,-0.0027313428,-9.801606,0.00010371195,-0.00024247573,-6.13766e-05
34588000,0.0014401504,-0.006392174,-9.80505,0.00049348094,-0.00041869676,0.0002636268
34592000,0.0059928615,-0.00378409,-9.805012,-0.000879546,-0.00016385941,0.00044238046
34596000,0.0044205096,0.0007760431,-9.806757,-0.00070787733,7.4969525e-05,-0.00035869624
34600000,0.0027763087,-0.006309103,-9.813089,-0.00013883962,0.00038006902,-0.0005982394
34604000,0.0030343102,-0.005806977,-9.809056,-0.000504693,-0.0003511141,-0.0001290067
34608000,-0.0037753056,-0.0039314455,-9.803114,-0.00041694744,-0.0009796927,5.4361786e-05
34612000,0.0011933905,-0.0032813186,-9.797662,0.00026583835,-0.0008737866,0.00040137273
34616000,0.0048513208,-0.0009390782,-9.796339,0.00092711597,-0.0005936168,0.0008669144
34620000,0.0053997543,-0.0010424134,-9.795921,0.00051936763,-9.538799e-05,0.00019661077
34624000,0.0030981104,0.0004145803,-9.800741,-5.7663932e-05,-0.0002144283,-0.00015887823
34628000,-0.0008893728,0.0025895373,-9.800755,-0.00056807155,-0.0003719584,0.0004487839
34632000,0.009705603,0.0018969874,-9.799555,-0.00031479006,-0.00019594307,0.000909074
34636000,0.008867418,0.0008322364,-9.801273,0.00041961606,-0.00063253683,0.00093241915
34640000,0.0014262456,0.003936063,-9.800615,0.0008834757,-0.00030026358,0.0003682979
34644000,0.0070019774,0.0007609025,-9.800438,0.00034677467,-0.00024926037,-4.5166835e-05
34648000,0.007068274,0.00045744953,-9.803107,-0.0007531776,-0.001420847,-0.0005663694
34652000,-0.004824241,-0.0017602881,-9.8070755,-0.0015395811,-0.0006768833,0.00043593574
34656000,-0.0055709486,-0.008115252,-9.804684,-0.0014985478,0.0004327003,0.0015732653
34660000,0.0023942129,-0.010654192,-9.804796,-0.0007452121,-0.00070449454,0.0014341031
34664000,0.0039653135,-0.0035394605,-9.802111,-3.902786e-05,-0.001096406,0.00077977474
34668000,0.008176412,0.0058622896,-9.796967,0.00025878666,-0.0002138535,-0.00068158837
34672000,0.011291374,0.008546504,-9.799782,0.0001786341,0.00045543443,-0.00015277603
34676000,0.006975569,0.001223712,-9.801086,-0.0007080599,0.0010193367,9.241726e-05
34680000,0.0017920153,0.0016693933,-9.800279,-0.0010323433,0.0012028762,-0.0002711121
34684000,-0.0005753553,0.00996068,-9.801965,0.00024689233,0.00039336947,-7.8368306e-05
34688000,-0.0025956724,0.003185358,-9.802439,0.0005363573,-0.0003031464,-0.00026580828
34692000,-0.0050621154,-0.003854195,-9.800535,4.7036072e-05,0.00039525022,-9.633898e-05
34696000,-0.001414054,-0.0036574781,-9.800693,-0.00025456614,0.00037284812,0.00032363154
34700000,0.0015020012,0.0007690293,-9.798317,0.00043037665,1.9418885e-05,0.00025080383
34704000,0.00080483296,6.900537e-05,-9.8022175,0.0009559194,3.813858e-05,-6.4180276e-05
34708000,0.00068690174,0.0020603659,-9.804909,-9.954071e-05,0.0003472897,0.00040387653
34712000,0.0016429091,0.00017489555,-9.800459,-0.0002790492,5.5161225e-05,0.0005646561
34716000,0.0041626524,-0.0017588047,-9.802069,0.00026296932,-0.00031832594,9.852264e-05
34720000,-0.00029251399,0.010883482,-9.799137,0.00024975787,0.00025928338,0.00035553734
34724000,-0.0058341064,0.008560928,-9.803337,-0.00014907376,0.00042197586,-0.000318154
34728000,-0.0023390623,0.002582424,-9.810291,0.00045374132,0.00048004143,-0.00059890246
34732000,0.00517159,0.0030775603,-9.80948,0.0004818238,0.00059623545,-0.00030811396
34736000,-0.0013912586,0.005528154,-9.799181,-0.00049737224,0.0011568215,5.021551e-05
34740000,-0.0064920466,0.0019654708,-9.799854,-0.0003726663,0.0006039707,0.001065185
34744000,0.002736288,-0.010269576,-9.804993,-0.0009189273,-0.00022233275,0.0006480424
34748000,0.0026169587,-0.0029681723,-9.794692,-0.0012445983,-0.00033314378,0.00037035046
34752000,-0.0077893045,0.0024784799,-9.792258,-0.001205695,-0.000430975,0.00030954683
34756000,-0.0029277434,-0.0010113497,-9.7937975,-0.0006391329,-6.162704e-05,-6.3513806e-05
34760000,0.006653794,0.002584005,-9.795541,7.065922e-05,0.0007841957,0.0005006646
34764000,2.5869347e-05,0.0010433693,-9.80061,-0.00024490798,0.0009877869,0.0006420742
34768000,0.0010254232,-0.001415586,-9.805483,-0.00012126406,0.0003500939,-5.944874e-05
34772000,-0.0034996015,-0.0055829813,-9.804034,-0.0005808702,0.0005420333,1.6682723e-05
34776000,-0.0069145747,-0.0023276038,-9.800102,0.00029782706,0.00057053793,0.0006943247
34780000,0.0017910352,0.0009051118,-9.79944,0.0009371226,0.00056900503,-6.590237e-05
34784000,0.0031603354,0.00017321347,-9.792651,-0.00054954196,0.00057245657,-0.00075457175
34788000,0.0036360759,0.0012585965,-9.789248,-0.0006792454,0.00070269895,-0.0007561728
34792000,0.00014940955,0.0066329595,-9.796067,0.00035868416,0.00032145382,-0.0009822698
34796000,-0.0015463722,0.0072800205,-9.797424,0.0006092104,-0.00093801355,-0.00014112778
34800000,0.00087803416,0.0011948817,-9.797124,2.8195995e-05,-0.0015300715,0.0001983234
34804000,-0.0003057857,-0.00073949556,-9.802311,0.00037402313,-0.0019539618,0.00055088283
34808000,0.0026051954,-0.0048976955,-9.803673,0.00038572153,-0.0005671227,0.0006419505
34812000,0.008302567,-0.004133232,-9.800026,0.00041547086,6.149658e-05,-0.000105365994
34816000,0.003239488,0.0016108056,-9.796345,0.0010229992,-0.0011754782,0.0008476691
34820000,-0.004554081,0.0033595443,-9.800283,0.00038200215,-0.0006607377,0.0017367837
34824000,-0.0004929345,0.0012369407,-9.800137,-1.0176344e-05,-0.00082714384,0.00035658345
34828000,-9.893185e-05,-0.0007893317,-9.799297,2.7429689e-05,-0.0008176379,-9.377815e-05
34832000,0.001547761,-0.004244592,-9.804224,0.000110754234,-0.000525458,0.00038309515
34836000,0.0010710182,-0.0014944307,-9.80032,-0.00027047994,0.00012838026,-0.00025888887
34840000,-0.0018597909,0.0009915127,-9.79302,-0.0012465203,0.00073730934,-3.289318e-05
34844000,0.000498163,0.004819908,-9.795252,-0.00038703895,-4.173057e-06,0.00016287256
34848000,0.006086653,0.001907978,-9.798867,0.0003104342,-0.0005759596,-0.00045833277
34852000,0.010215152,-0.0025955485,-9.798149,9.8407e-05,-0.0006163032,0.0007358768
34856000,0.004272285,0.0026881397,-9.802127,0.0010167664,-0.0005968186,0.0011183216
34860000,0.0026250347,-0.0036572902,-9.801161,0.00054903753,-0.0005238048,-1.6999102e-05
34864000,0.005253966,-0.0065952674,-9.799381,0.00032212224,-0.0002519305,-0.0013037024
34868000,-0.00038681092,-0.0026254694,-9.797276,-0.00022487917,-0.0003803015,-0.0018083624
34872000,-0.003570259,-0.0005415636,-9.795551,-0.0008141156,-0.0008655685,-0.0010257133
34876000,-0.0018077026,0.000535951,-9.798474,0.00026843202,-0.00038912473,0.00018658729
34880000,-0.00095607527,0.0011479594,-9.796987,0.00019085748,0.0007821292,0.00029279516
34884000,0.0047108843,-0.0013135468,-9.797595,0.0004912286,0.00044499873,-0.0003266311
34888000,0.0038137757,0.0020603419,-9.800285,0.00040680703,0.00025178224,0.00015719891
34892000,0.0057901447,0.00074733316,-9.804243,0.0007379308,0.0007472231,-0.00040250178
34896000,0.010207575,-0.0020791169,-9.807455,0.000540583,0.0008257827,-0.00011723449
34900000,0.00029126368,0.0031546892,-9.799656,-0.00010347532,-0.00031604446,0.00071946206
34904000,-0.0010473998,0.002830775,-9.795074,0.00012933038,-0.00070220634,0.0003920511
34908000,0.005611322,-0.00024992798,-9.798138,-0.00010872198,1.0048754e-05,1.0050125e-05
34912000,0.0032142326,-0.00619289,-9.799767,-0.00040828486,0.00066969346,0.00016495264
34916000,0.0013273685,-0.0020841716,-9.79956,-0.00070888695,0.00051838043,0.00035349917
34920000,0.0035692793,-0.00036531288,-9.796445,-0.0002865329,0.00011003385,-0.00013566231
34924000,0.003148703,-0.006246995,-9.794523,0.00037827727,6.193852e-05,0.00022609504
34928000,-0.001085104,-0.0001082787,-9.799579,-0.00016745013,0.00030298514,0.00018829614
34932000,-0.00057583844,0.0032134717,-9.797742,-0.0013489315,0.00043903125,-0.000279461
34936000,0.0023824607,-0.009251211,-9.791926,-0.001170249,0.00012666406,-0.0004433742
34940000,0.003440206,-0.009572391,-9.79992,-0.0008739175,0.00069016544,0.00016526337
34944000,0.00017359806,-0.0011181947,-9.80336,-0.0003685871,0.0005013074,0.00062647805
34948000,-0.0028871535,-0.00041789512,-9.802185,0.0009040626,-0.00010748251,0.00042007296
34952000,0.00011826027,0.00043180658,-9.802471,0.0012105859,-0.00082753826,0.00038819193
34956000,-0.00021685896,0.0018319859,-9.79764,0.00031006627,-0.0007298515,8.541627e-05
34960000,0.00024134423,-0.004096563,-9.795437,0.0005487873,-0.00059340283,-7.065898e-06
34964000,-0.0022061528,-0.010215052,-9.799593,-0.00021207628,-0.0014414279,4.0162242e-05
34968000,-0.0031105808,-0.002301881,-9.799725,-0.00026565112,-0.000587151,-0.00017842982
34972000,0.00069743616,0.0042379415,-9.798054,0.0014405499,0.0001291804,-1.5906167e-05
34976000,-0.005152152,-0.0022301306,-9.807247,0.0010441865,2.3652383e-05,0.00027708695
34980000,-0.011078981,-0.003560812,-9.805526,-0.0001061853,0.00040363212,-0.00037320604
34984000,-0.008864532,-0.0007248976,-9.789408,-0.0012404134,-0.00015964391,-0.00040605135
34988000,-0.0030202921,0.0031472847,-9.796387,-0.0010592318,-0.00045021038,0.00076308416
34992000,-0.0021797617,0.0034275523,-9.803658,0.00017443924,0.00057948416,0.00076582114
34996000,-0.0015275228,-0.0014705312,-9.803604,0.0004921809,0.0008960101,-0.00023591043
35000000,0.0006203999,0.0020792352,-9.80414,0.00042625846,0.00064932235,0.00033199508
35004000,0.002548121,-0.0022690597,-9.795614,0.001201855,0.000114171926,0.0009191423
35008000,0.0052089337,-0.002678397,-9.800533,0.0012437602,0.00046819262,0.00035573193
35012000,0.002352704,0.0040194397,-9.806677,0.0012383894,0.00033594243,0.00013150687
35016000,0.0007895986,-0.0030298494,-9.80237,0.00082143996,-0.00092867034,-0.0006233268
35020000,-0.0010909435,-0.0061624194,-9.8022175,0.0003194673,-0.001087389,-9.536429e-05
35024000,-0.0005100465,0.0011020969,-9.807339,0.0008423856,-0.00015542093,0.0010359618
35028000,-0.0022943546,0.006286175,-9.808746,0.00016075058,0.0014385222,-0.00066751486
35032000,-0.0034703638,0.011295547,-9.795284,-0.0005446199,0.0021621913,-0.0005872065
35036000,-0.0018401309,0.0062049786,-9.786943,-0.0002953271,0.0012686357,0.0001730917
35040000,-0.0028886832,-0.00015507425,-9.794146,0.000104900646,-0.00036300777,-0.00024015822
35044000,-0.0033637076,-0.0017907061,-9.80178,-0.00060122815,-0.00044713245,7.701947e-05
35048000,-0.0050375992,-0.0060959607,-9.805254,-0.0008933909,-0.00030849385,-0.00039313294
35052000,-0.0039002663,-0.004262076,-9.801957,-2.5558866e-05,-0.00039723146,-0.0008334794
35056000,-0.0032442063,0.002893714,-9.799971,-6.745487e-05,0.00090803875,-0.00034404875
35060000,0.0004546923,0.0033499857,-9.798639,-0.0004620925,0.00087169005,-4.145762e-05
35064000,0.0036186525,-0.0014596597,-9.797979,-0.00072406104,-0.0006459268,-0.00012038471
35068000,-0.0028906846,-0.0067025344,-9.801968,0.00028134833,-0.0006041423,0.0008361264
35072000,-0.009396776,-0.0021176636,-9.799367,0.0012195767,-0.0006671612,0.00051116425
35076000,0.00091296586,-3.3183285e-05,-9.790305,0.00033621263,-0.0011325042,-0.00047718908
35080000,0.005787481,-0.0064003444,-9.795063,2.8034468e-05,-0.0009780977,0.00018765937
35084000,-0.008876502,-0.003735775,-9.798985,0.00014885786,5.5613946e-05,1.844906e-05
35088000,-0.011272329,-0.003027236,-9.798536,4.6758832e-05,0.0007951398,0.0002145041
35092000,-0.001515694,-0.003682265,-9.803994,0.00034181873,-2.7497263e-05,0.0007382467
35096000,0.00058184104,0.0009823642,-9.802575,0.00034119238,0.00039446022,0.0010869838
35100000,-0.00072166754,0.004571133,-9.7994795,0.00029891633,0.00045039397,0.00023442878
35104000,-0.002663828,-0.002833759,-9.800003,7.6043485e-05,0.0003152254,-0.00150743
35108000,-0.0006934415,-0.002578374,-9.790056,-0.0005373439,-0.00018369494,-0.0014252514
35112000,-0.0023624646,0.004805511,-9.789421,-0.000121005316,-0.00046039285,-0.00067026
35116000,-0.0044179517,0.007366098,-9.804504,0.0010454892,0.0002225573,0.000287305
35120000,-0.005487307,0.00027938178,-9.812557,0.00043016623,0.00021639734,0.0009823166
35144000,0.000570817,0.0012985105,-9.802249,-0.0003561433,0.0004999491,-0.00055124186
35148000,0.00075746066,-0.0023303875,-9.79858,-0.00087723805,-6.8960566e-05,0.00047703765
35152000,0.00202163,-0.003811518,-9.788807,-0.0011971152,-0.00036157624,-0.00016043818
35156000,-0.0011680794,0.0015059407,-9.788527,-0.000491692,0.00040502398,-0.00208461
35160000,-0.0073934076,-0.0009109152,-9.79768,-0.00040911217,0.0014619959,-0.0005888227
35164000,-0.0055324193,0.0032566737,-9.799562,-0.0007583978,0.0011112605,0.00036267124
35168000,-0.00053234206,0.007325052,-9.7936325,-0.00040234707,0.00023281104,-0.0010003236
35172000,-0.0028101166,0.0011295194,-9.792143,-0.00026423697,0.0005519087,-0.00055693154
35176000,-0.008532129,-0.00028247148,-9.796272,0.00052403176,0.0006209318,0.0004678328
35180000,0.00012647084,-0.0060892333,-9.806424,0.00064393657,0.0009555964,-0.00040102695
35184000,0.0015564442,-0.00896146,-9.806917,-0.00035672256,0.0007837353,-0.0010342086
35188000,-0.003937397,-0.00081740745,-9.792593,-0.00036093465,-0.00039532818,7.653428e-05
35192000,0.0066608917,0.0041710315,-9.796895,0.00014741345,-0.0004172879,0.0012952837
35196000,0.004238652,0.0026639816,-9.7998905,6.912948e-05,-0.0003002816,0.001865621
35200000,-9.5239855e-05,0.00014859556,-9.798981,-0.00097327336,-0.0012929977,0.0011933311
35204000,0.0004247022,0.008290022,-9.807129,-0.0012875462,3.159268e-05,0.0005397886
35208000,-0.001893032,0.0043061553,-9.806298,-0.0007416443,0.0009112147,3.4821172e-05
35212000,-0.0016829389,0.005450542,-9.807024,-8.099107e-05,-2.8687042e-05,-0.00069962424
35216000,-0.0019093718,0.010124453,-9.808392,0.00013228432,5.7730038e-05,0.00016921668
35220000,0.004826305,0.0038985927,-9.814901,-0.0002292722,-0.000552594,0.00013440437
35224000,0.011018552,0.0018556218,-9.81468,-0.00011215808,-0.0011564335,-2.3758146e-06
35228000,0.0051686624,-0.003965529,-9.806248,-0.00027460302,-0.00066459214,-0.000286478
35232000,-0.0010354342,-0.007659986,-9.800695,0.00033184382,-5.2960015e-05,-0.00095824304
35236000,0.000256831,-0.0068355068,-9.799972,0.00010945622,-0.0004954671,-0.0001454065
35240000,-0.0038139836,-0.0016041518,-9.804165,0.000116286035,-0.00012544042,-0.00031779753
35244000,7.2653886e-05,0.00454425,-9.798837,0.00026410085,0.00053224165,-0.0005014714
35248000,0.00038079015,-0.003576015,-9.795904,-0.0006564546,0.00059413747,0.0005986426
35252000,-0.0029515096,-0.007820406,-9.795494,0.00039156672,0.000962582,0.0008048296
35256000,0.0008837171,-0.004873967,-9.794717,0.00026053135,0.00013264637,0.0010014869
35260000,-0.00033306607,-0.0053667948,-9.801056,-0.00024907064,0.0008087579,0.0013426958
35264000,-0.0036749202,-0.0002758777,-9.804944,0.00025090855,0.00060026627,-1.5371033e-05
35268000,-0.0030245006,-0.0013743899,-9.796322,0.00041592345,-0.000577282,-0.00058217865
35272000,-0.000819502,-0.002093914,-9.792299,0.0012043593,3.4716562e-05,-0.0004938868
35276000,-0.0049889805,0.00056003337,-9.798109,0.0014045573,-0.0005732974,-0.001064994
35280000,-0.003788095,0.002010914,-9.799841,-0.000102280406,-0.000283168,-0.000548813
35284000,0.0034341419,-0.0026240768,-9.7998905,-0.00027292952,0.0005334313,-4.7198388e-05
35288000,-0.0013996232,-0.0010947078,-9.803962,0.00056513527,-1.0633815e-05,-0.00068024884
35292000,-0.009258076,0.0019058955,-9.805508,0.0011966958,-0.00040644748,-0.0013975886
35296000,-0.004669364,-0.0038986064,-9.797323,0.00048316183,0.00024033977,-0.00077326316
35300000,0.00018175105,-0.0048004133,-9.797062,-0.0018959972,-0.00014235324,0.00033551297
35304000,0.007819841,0.0010195506,-9.797846,-0.0004773263,-0.0008846509,-2.57433e-05
35308000,0.01132604,0.011614943,-9.79705,0.00055493455,-0.00070756325,2.0472147e-05
35312000,0.00332146,0.0058261715,-9.803951,-0.0009188636,-0.0007582058,0.0011168583
35316000,-2.3068482e-05,-0.0007881784,-9.800875,-0.000660626,0.00012313308,0.000820809
35320000,-0.0022027467,0.00018073691,-9.79563,0.00025163003,0.0010067441,-0.0005609117
35324000,-0.005320522,-0.0035832992,-9.798864,0.0005652293,0.00040740706,0.00075831346
35328000,-0.004709665,-0.0054941815,-9.805022,-0.00015723727,-2.5740408e-05,0.0013854089
35332000,0.001254976,-0.0012667347,-9.800819,-0.00046608018,0.00048766224,0.00017745819
35336000,0.005126787,0.0034786821,-9.794729,0.00023776523,0.0004202947,1.132864e-05
35340000,-2.0125648e-05,0.0017617643,-9.7955265,0.0011531749,-0.00048991025,0.0001067501
35344000,-0.0009609937,0.0038453117,-9.799654,0.0010216141,7.424141e-05,0.00042722202
35348000,0.0031873428,0.003102106,-9.798069,0.00029623412,0.00071789697,0.00047592726
35352000,-0.0036198082,-0.0026646475,-9.798416,-0.00016241442,-0.00027766422,0.0003339122
35356000,-0.009444673,-0.0078116637,-9.803037,-0.0007459723,-0.0009499269,-0.0005533844
35360000,-0.0052542463,-0.00903939,-9.800425,-0.000494181,-0.0011928021,-0.0013315479
35364000,0.00066085544,-0.0031026076,-9.809747,-0.000327274,0.00014515877,-0.00071733823
35368000,0.0047330908,0.0027719648,-9.805659,-0.0002329247,0.0011778282,0.00031866503
35372000,-0.000506117,0.0020197378,-9.792118,-0.00021969758,-0.00082113233,-0.00036406616
35376000,-0.0056339945,-0.004120088,-9.798283,8.309106e-05,-0.0009829672,-0.0008490283
35380000,-0.0021478548,-0.0067589213,-9.79995,-6.499073e-05,0.00090018124,0.00016041732
35384000,-0.0031755092,-0.005043701,-9.7971325,-0.0010189071,0.00044861538,0.0008204964
35388000,-0.0038873395,-0.0039092237,-9.7996855,-1.5785956e-05,1.7994455e-05,0.0005749548
35392000,0.00023931764,-0.0028709376,-9.792009,0.00035346486,3.540288e-05,0.000674574
35396000,0.00153404,0.0038559346,-9.791163,-0.00032711384,-1.3797121e-05,0.00039955284
35400000,-0.00080761313,0.0030239043,-9.801494,-0.00043671989,-0.00013473477,3.1862593e-05
35404000,-0.00044013298,0.0056192484,-9.80158,-4.5076107e-05,-0.000919869,0.0002182129
35408000,0.0035666507,0.009263897,-9.798975,0.00029199608,-0.00042529858,-0.0006035452
35412000,-0.0013411026,0.004234297,-9.803406,-0.0005437405,0.00053169345,-0.00029925836
35416000,-0.0011486781,-0.00010173098,-9.802557,-0.0004761088,0.00013391105,0.00022040524
35420000,-0.0014098308,-0.0019393412,-9.803141,0.0007063786,-0.00026205805,-0.00018821667
35424000,-0.0044433316,-0.0019191977,-9.812662,0.0010768812,-5.6118715e-05,0.00018228931
35428000,0.000615415,-0.0034839115,-9.811497,-8.5378626e-05,-0.0010680712,0.00023455512
35432000,0.0019254505,-0.003575901,-9.796448,-0.0011591755,-0.0010444383,-0.00038999744
35436000,0.0008115219,-0.0027568752,-9.786312,-0.0012471142,0.00032979768,-0.00085933146
35440000,0.0010003704,-9.795457e-05,-9.795784,-0.001295494,0.0008840364,-0.0012001571
35444000,-0.0028421248,-0.0018354164,-9.799185,-0.00016101227,0.0008794245,-8.104635e-05
35448000,-0.004831714,-0.0023497997,-9.79457,0.00054265535,0.00060455676,0.00056197535
35452000,-0.0020397753,0.010450992,-9.797227,-0.0007263666,-0.00012328853,-2.7805696e-05
35456000,-0.004117948,0.009450412,-9.794523,-0.0010892788,-0.0009774351,0.00056161586
35460000,-0.005919422,0.0025947671,-9.799187,-1.5439957e-05,-0.00031227458,0.0009703002
35464000,-0.004050946,0.0055295634,-9.803791,0.00069448067,-0.0004890975,0.0004648608
35468000,-0.0006626261,0.0033904004,-9.802759,0.0005098007,-0.0010834571,-0.0005679008
35472000,0.001253846,0.0016911385,-9.80162,0.00017119612,-0.00010527113,-0.0018887105
35476000,0.0017951109,-0.0008559049,-9.797998,0.00052029465,0.00060630305,-0.0014951134
35480000,0.0016852582,-0.005012073,-9.796026,0.0010100132,0.0006663936,-0.00016991979
35484000,0.00032514322,-0.0048380224,-9.800556,0.0008162203,7.247293e-05,0.0009962401
35488000,0.0013308219,-0.0029722417,-9.808752,0.0004145018,5.7252764e-05,0.00044153593
35492000,-0.0009343554,-0.0042618057,-9.811613,-0.0009962803,-9.6840624e-05,-0.0007271245
35496000,-0.00600178,-0.0073989225,-9.806154,-0.0012174547,-0.0012143599,0.00032819904
35500000,-0.0032545005,-0.0056475224,-9.794861,-0.00031745312,-0.0012648483,0.0008822521
35504000,0.003047935,-0.0026170758,-9.792904,-0.0001860772,-0.00051474094,0.00035913647
35508000,0.004675474,-0.004729433,-9.799341,8.402883e-05,0.00031178913,1.9831317e-05
35512000,0.0021604882,-0.0034615812,-9.806204,0.0005953166,0.00022243036,-1.5239399e-05
35516000,0.0012785044,0.002430838,-9.79892,0.0007089918,-0.0005522848,-1.4367425e-05
35520000,0.004363216,0.0079741385,-9.795941,0.00078070664,-0.0012084745,-0.00039341088
35524000,-0.0075054727,0.009958121,-9.798428,0.0005228307,-0.0011422291,0.00021459475
35528000,-0.0141818635,0.0047256513,-9.797586,-7.3482595e-05,9.237835e-06,0.00064212695
35532000,0.0031801078,-0.006766418,-9.801856,-0.00057502027,0.0005115059,0.00036512956
35536000,0.010738829,-0.004201301,-9.797991,-0.0013610568,0.00063374586,-0.00024314261
35540000,0.006502624,0.007895979,-9.793747,-0.0007607215,0.00058545783,-0.0005391956
35544000,0.0084516555,0.009625869,-9.796071,-0.0008171382,0.0003913325,0.00015273981
35548000,0.007952398,0.0020573614,-9.800573,-0.0013492019,-0.0003354437,-0.0006219654
35552000,0.00035730272,-0.0057427026,-9.798105,-0.00041858858,-0.00066822494,-0.00085114077
35556000,-0.005155974,-0.0017304493,-9.796214,3.2096756e-05,2.5985835e-06,-7.015154e-05
35560000,-0.0005916477,-0.0014847197,-9.802162,9.3053466e-05,-0.00031983465,-2.6992835e-05
35564000,0.003186132,-0.006128646,-9.801626,0.000552013,-0.0003857085,0.00047963663
35568000,-0.0025485554,-0.0006196966,-9.80505,0.00033165794,-0.00035462057,0.0007932591
35572000,-0.0057196673,0.004784261,-9.797361,-0.0004982452,-0.00023939445,0.0001458565
35576000,-0.0009516191,0.005453111,-9.787569,-0.00064143795,0.0010558445,0.00015105796
35580000,-0.0012093992,0.0010550992,-9.799505,0.00021495805,0.0009797957,-0.00064538064
35584000,-0.0060515134,-0.0022542027,-9.799009,-0.0010999186,8.534959e-05,-0.0010773792
35588000,0.00032752566,-0.00018014798,-9.790983,-0.0020248054,0.00024857122,-0.00045561392
35592000,0.0074426145,-0.0018152006,-9.79649,-0.00072100986,0.0006650809,-0.0004511124
35596000,0.009074827,-0.0074125556,-9.806082,-0.00030488553,0.0002878542,-0.0002263003
35600000,0.0056934636,-0.0013152115,-9.806369,0.0006720853,-0.0010478413,-0.00013192555
35604000,-0.00087102305,0.0051205913,-9.799982,-5.9742597e-05,-0.0011161263,0.00018026741
35608000,0.002049964,0.0001931442,-9.803305,-0.00074258645,-0.0008878443,0.0005190869
35612000,0.0014575205,-0.005420429,-9.807981,0.00025634814,-0.0009827072,0.0006775888
35616000,-0.0062813065,-0.0030040771,-9.807346,0.0010194879,-0.00084693317,0.0005369314
35620000,-0.010305839,0.006536737,-9.802167,0.0012808233,-0.00021251848,0.00028027434
35624000,-0.009464327,0.0040401965,-9.794064,0.00090305175,0.00065239274,-0.0002975253
35628000,-0.0054045715,-0.0032001773,-9.797175,0.0014912613,9.7714976e-05,0.0008447706
35632000,-0.0009157347,-0.002424063,-9.800154,0.00092794804,-9.7258395e-05,0.00097162137
35636000,-0.00057657843,-0.0042038043,-9.796068,-0.00028406578,0.00028494696,-0.000849597
35640000,-0.0021365804,-0.0026601306,-9.798446,-0.00047293166,0.00076225714,-0.00055626855
35644000,-0.0007721962,-0.002572152,-9.800255,0.00050932553,0.0001450842,0.00022821048
35648000,-0.0036548534,0.00019271328,-9.795308,0.0009166699,0.0001508346,-0.00035769658
35652000,-0.0061541796,0.0048610177,-9.796619,0.00042189402,0.0007737162,-0.00068566715
35656000,-0.0038799462,0.00010816588,-9.803196,0.00027289247,0.00032919872,-0.00074493594
35660000,-0.0018415833,0.00503257,-9.802986,-0.0007449047,0.000480312,-0.00012868346
35664000,0.0010390736,0.0059197554,-9.802752,-0.00040845116,-8.053911e-05,0.00027154092
35668000,0.0021037946,0.0032229223,-9.799526,0.00067558355,-0.0006392982,-0.00027527756
35672000,0.0011859211,-0.0005288149,-9.797859,0.0006621429,-0.00023763554,0.0005599803
35676000,-0.002173762,-0.006287159,-9.7992935,0.0006120241,-0.00061354984,0.0010958586
35680000,-0.002823573,0.0012947619,-9.798815,0.0002404359,-0.0007026892,0.00039716842
35684000,9.3558265e-05,0.004647128,-9.799309,0.0001589444,-0.0007513767,-0.00012549051
35688000,-0.0050199344,0.0048148185,-9.798624,-0.00031616315,4.000478e-05,0.00040354743
35692000,-0.0067405915,0.009140295,-9.802609,-0.0012535646,0.00049127114,0.00025675612
35696000,0.0039501656,0.009636019,-9.803699,-0.00054824044,0.00010328474,-0.00023128765
35700000,0.005775472,0.0067885946,-9.801388,0.001494249,0.00035739364,-0.00043573554
35704000,0.00082414213,0.001956986,-9.797109,0.0010421105,-0.00046850668,-0.0008850148
35708000,-0.0004507326,-0.004783935,-9.800301,-0.00012747891,-0.0006255869,-0.00036887935
35712000,-0.01039299,-0.0073309788,-9.806694,0.00043351602,-0.00036832504,0.00025324462
35716000,-0.015797978,-0.0075000064,-9.79745,0.00034097463,-0.00029134587,-0.0004912977
35720000,-0.0052421754,-0.0014384579,-9.800728,0.00064843014,-0.000632884,-0.0006465096
35724000,-0.0005536353,0.0026095875,-9.805647,0.0012788535,-0.0008115355,-0.0002612977
35728000,-0.0022884097,-0.0024769446,-9.794841,0.0008440855,1.8926996e-05,-0.00023551249
35732000,-0.0033636892,-0.0050093173,-9.791571,-0.0005118929,0.0003328826,-0.00039791522
35736000,-0.0069861207,0.00089609646,-9.803315,-0.00016745593,-0.00066319277,0.00026061243
35740000,-0.0066914177,0.006216973,-9.806576,0.00084344007,-0.00039897498,0.0001720726
35744000,-0.0041384073,0.009046711,-9.802256,5.6549576e-05,0.0005321404,0.0005102982
35748000,-0.0067016324,0.017258592,-9.800998,-0.0004788872,0.0007323845,0.00058063684
35752000,-0.004063092,0.009711039,-9.801007,-0.0008021266,0.0003079016,-0.00024164648
35756000,0.0033004957,-0.002152186,-9.807823,-0.00050281396,-0.00023386734,-9.158138e-06
35760000,0.001413455,0.002123423,-9.805526,-0.00034295148,0.00022838409,0.00031593104
35764000,-0.0036485288,-0.0014974457,-9.800372,-0.00027212035,-0.00063112756,0.00024180261
35768000,0.0025257147,-0.0075386814,-9.795249,0.0008228296,-7.7749166e-05,-0.0010930412
35772000,0.00526045,-0.004443037,-9.797918,0.0009677768,0.000726938,-0.0010248065
35776000,-0.0005273117,-0.00057564775,-9.8055725,0.0003530389,0.00036482606,-0.00018088252
35780000,0.00809363,-0.00011490212,-9.800864,-5.468023e-05,0.00011162157,0.0005352605
35784000,0.0074106487,-0.0014426694,-9.800774,-0.0008332098,-0.00029662042,0.0009814388
35788000,-0.0038704402,0.0026941525,-9.802675,-0.00082111516,0.00036811092,0.0006002668
35792000,0.0008513229,0.0054598204,-9.804342,0.00034361295,0.0009901141,-0.00015677584
35796000,-0.0011254787,0.0063291425,-9.807626,0.0005037493,0.00024905778,-0.00052117615
35800000,-0.0070017045,0.0066820947,-9.804176,-0.0004059481,-0.00087236473,-0.00042438865
35804000,-0.0017422227,0.006011453,-9.801197,-0.00019759685,-0.00010247947,-7.4083575e-05
35808000,-0.003791589,0.003953102,-9.797768,0.0002045743,0.0007943759,1.228439e-05
35812000,-0.0040536723,0.002404156,-9.800842,0.00013779603,-0.00032211657,0.0005270286
35816000,0.00012047434,-0.0030458537,-9.807743,-5.4991262e-05,-0.00091773405,0.00044188174
35820000,0.0016275737,-0.0007768207,-9.800491,-0.00058022887,-0.00012368965,0.00042589149
35824000,0.0011595506,0.002810488,-9.79688,-0.0004274141,-3.0257652e-05,0.0008655909
35828000,-0.004726344,0.0010288822,-9.797007,8.404355e-05,0.00018526004,0.00034558162
35832000,0.0004383601,0.009080364,-9.7977705,-0.0003733661,-6.0423772e-05,-0.00091543427
35836000,0.0074734613,0.003928063,-9.804162,0.0003029642,-0.00049682055,-0.00090439955
35840000,0.0044120727,-0.009779242,-9.795723,0.0009944434,-0.00012654092,0.00020449229
35844000,-0.0014275245,-0.0026431635,-9.788704,-0.00041276333,-0.000227959,0.00043695723
35848000,-0.0019051284,0.0045167217,-9.795822,-0.0002972027,4.7265043e-05,0.00021577784
35852000,-0.00091897964,-0.0041552796,-9.79685,0.0006025113,-0.0006723693,0.00021477196
35856000,-0.0013670532,-0.007071941,-9.794209,2.9328172e-05,-0.0015712584,0.00047645275
35860000,0.0014572141,-0.0003720779,-9.803488,-0.0006265483,-0.000641597,-0.0003835042
35864000,-0.004779361,0.0022273469,-9.809521,-0.00042664318,-6.7366396e-05,-0.00086034863
35868000,-0.0046338374,0.0008633001,-9.804577,0.0003256434,-0.00029009287,-0.0011443541
35872000,-5.6200028e-05,-0.0016477586,-9.802048,-2.2462093e-06,-0.0005798019,-0.00043726122
35876000,0.0051805885,-0.0052427156,-9.795019,-2.3775241e-05,-0.001063318,0.00070653716
35880000,0.003950184,-0.0018709018,-9.793703,0.0004922379,-0.00050867244,6.3704742e-06
35884000,-0.001858141,0.0010138605,-9.797007,-0.0006998884,-0.00032785535,-0.0002086637
35888000,0.00047000145,0.00045249946,-9.788645,-0.00042582737,7.096465e-05,0.00013812716
35892000,0.002684669,0.0007378329,-9.788944,-0.00047351344,0.00053902576,-0.0001068582
35896000,-0.0014385586,-0.0041147075,-9.802916,-0.0018352921,-4.8112626e-05,-0.0005488503
35900000,-0.006776526,-0.00073913386,-9.797907,-0.0005805046,0.00027111138,-0.00031224292
35904000,-0.008903958,0.011671567,-9.791547,0.00056755467,-0.00021940695,0.00051989296
35908000,-0.0040324256,0.007720895,-9.798189,-0.00086800155,-0.0010717518,0.00014301142
35912000,0.0037967,-0.002791703,-9.799013,-0.0007085611,-0.0002755019,-0.0002982741
35916000,0.006733057,-0.009392819,-9.801374,0.0010567775,0.00015051923,-0.00019385736
35920000,0.0027992292,-0.0063298913,-9.800917,-0.00038777658,-0.00044702864,0.00048477834
35924000,-0.0009889686,0.0037905376,-9.797888,-0.0010706164,-0.00062072184,0.00036710568
35928000,0.00079574826,0.0005747559,-9.802008,0.00039476942,3.191953e-05,-0.0010413913
35932000,0.0012400585,-0.005303723,-9.805495,7.409321e-05,-0.0004675211,-8.8949535e-05
35936000,-0.0014611612,-0.0005149328,-9.802225,-0.0012104057,-0.00078369206,0.0005376261
35940000,-0.00012254622,0.0014079047,-9.8014765,-0.0015782453,0.0001513159,-7.465541e-05
35944000,0.0013056619,-0.00037634568,-9.794145,-0.00058987446,0.0002041891,0.00044312954
35948000,-0.0045352876,-0.0017514348,-9.791259,0.00047212312,-0.00011207507,0.0012682776
35952000,-0.0023445333,-0.0022783761,-9.795553,0.00014233433,0.00022209823,0.0007940875
35956000,-0.0018838693,0.003541245,-9.795353,-0.0002239009,0.00097072736,7.45834e-05
35960000,-0.0070609795,0.006519868,-9.801525,-0.00021702524,-5.3766304e-05,0.00016973846
35964000,-0.0023545483,0.0036340137,-9.804184,-0.0011376615,-0.0008534749,5.5781493e-05
35968000,0.0006177176,-0.0015765324,-9.799273,-0.0007162273,0.0007785511,3.4709683e-05
35972000,0.0025143772,-0.0009163792,-9.791307,0.00076333946,0.00026911157,7.711176e-05
35976000,0.0013312476,-0.0021497656,-9.796686,0.0012670781,0.00031297182,0.0005726851
35980000,-0.0027981708,-0.0034017796,-9.803277,0.0004790633,0.00083685183,0.00090120453
35984000,0.003152442,0.004331262,-9.801643,0.00055823463,-0.00017910199,0.0008965611
35988000,0.006282148,0.008129553,-9.799259,-4.7742953e-05,0.0006016736,0.00052924466
35992000,0.0064676385,0.004404302,-9.795407,-0.0013308738,0.0010929925,0.00043078957
35996000,0.004888699,-0.0038561188,-9.8018875,-0.00066922035,-0.00019549564,0.0012357085
36000000,-0.004224722,-0.006253689,-9.808692,0.000540768,-0.0011056745,0.0010124261
36004000,-0.004253937,-0.0067207008,-9.805855,0.00030070433,-0.0005524962,-5.56177e-06
36008000,0.0017769763,-0.004555853,-9.796635,-0.0003087773,-0.0007014514,-0.00023136496
36012000,0.004604823,0.000121521225,-9.800718,0.00019054915,-0.0005373333,0.00033442854
36016000,0.0018505414,-0.0009772641,-9.806812,-9.572859e-05,-0.0003030501,0.0009891606
36020000,-0.006437611,0.004610144,-9.795921,-0.00026815105,-0.00012961605,-0.00080753653
36024000,-0.0058206376,0.0013560868,-9.790514,0.00027765756,5.1223786e-05,-0.001500244
36028000,-0.0005280131,-0.008141539,-9.793161,0.00025451352,-0.00051561854,-0.00042234847
36032000,-0.00034059287,-0.0044613355,-9.793041,-0.00048782188,2.8252714e-05,-0.00011175992
36036000,-0.005954348,-0.0017028541,-9.8031845,-0.00048713406,0.000120013,0.00065803045
36040000,-0.0032618893,-0.0064653903,-9.804657,0.00050737296,-0.00081191026,-0.000104535226
36044000,0.00032220152,-0.0036330835,-9.800652,0.0005663645,-0.0006917883,-0.0007635281
36048000,0.005662411,0.0006765393,-9.799381,-0.00034911928,-0.0005023362,-0.00015716805
36052000,0.0033265336,-0.0004116722,-9.7939625,-7.97176e-05,-0.0010632187,8.5210784e-05
36056000,-0.004359267,-0.0014448407,-9.796534,0.0006478933,-0.000978936,0.00014898495
36060000,-0.0017917195,-0.0015289572,-9.795122,0.00013451216,-0.0002355732,0.000751642
36064000,0.001706055,0.0034613686,-9.797237,-0.000746726,4.6752095e-05,0.00052147725
36068000,0.006351338,0.0026639493,-9.801519,-0.0013645971,-0.00021313313,-0.00053726335
36072000,0.0033727712,-0.00061305787,-9.801592,-0.00042930254,0.000112115085,0.00019902259
36076000,-0.0035778806,-0.0013890439,-9.805353,0.00044922618,-3.5855257e-05,0.00086035253
36080000,-0.0049109003,-0.0046258913,-9.807654,0.0002508649,-0.00045384082,0.00084620214
36084000,-0.0033717514,-0.0019488132,-9.805653,0.00049957685,-0.00014699817,0.001347253
36088000,-0.0020765339,0.004703999,-9.801624,0.000531898,-4.6617493e-05,0.0006416131
36092000,0.0012048611,0.007224705,-9.804099,-0.0002258583,6.226713e-05,0.00045279943
36096000,-0.00030272827,0.0008992071,-9.802493,-5.1855393e-05,-0.00018086801,0.00053161744
36100000,-0.007876791,0.0008711198,-9.797667,0.000638022,-0.00037259984,-0.00071841537
36104000,-0.002836772,0.0033983612,-9.795517,0.0006954365,-0.00026694225,-0.0012429238
36108000,0.006608368,0.0011455049,-9.794886,8.918891e-05,-6.7972825e-05,-0.001127516
36112000,0.0005920868,0.005624655,-9.800173,-0.0010482082,-0.000106828964,-0.00014243994
36116000,-0.00755699,0.004563626,-9.804635,-0.00073874596,0.00049625547,0.0008732165
36120000,-0.0020208731,0.00070172595,-9.808165,0.00015839978,0.0012292945,0.00020068935
36124000,-0.0004557753,0.0019534146,-9.803627,8.196415e-05,0.0010109508,-0.000761103
36128000,-0.001087269,0.00094994396,-9.801487,-1.4752985e-06,0.0004124225,-0.0011846139
36132000,-0.0019603227,2.7964872e-05,-9.794293,-0.00090459164,0.00071640295,-0.0002543552
36136000,-0.0009201382,-0.0002859686,-9.792295,-0.0011764794,0.00030814338,0.0006639945
36140000,0.0042318366,-0.0021976589,-9.80512,-0.00022220922,-0.00030533187,0.00030939016
36144000,0.00089408684,-0.00015533817,-9.805277,0.00025360985,-0.000354846,0.00026933145
36148000,0.0042105336,0.0033661078,-9.798189,0.000894714,-0.0004712336,0.0006166107
36152000,0.0073829344,0.00065329607,-9.801203,0.0011373262,-0.00029789418,0.00015973582
36156000,-0.0032093455,-0.001824887,-9.803377,0.00061831076,0.00012118103,-0.00036212697
36160000,-0.009103038,0.0027119978,-9.799937,-7.3968564e-05,0.00048930786,0.0001320126
36164000,-0.004705784,0.006660331,-9.79612,-9.5512216e-05,-0.00057047105,0.00060607353
36168000,-0.0033534595,0.0041205795,-9.80297,0.0002747885,-0.0010660201,-0.00014226667
36172000,-0.0036163353,0.002016981,-9.808217,0.0003995952,-0.00052607286,-9.358609e-05
36176000,2.8853538e-05,0.0010520997,-9.80114,0.00014794788,-0.0004904203,0.00062481925
36180000,0.007050883,-0.0008252767,-9.795443,-0.0002659446,-0.00011691032,0.0005541436
36184000,0.007323657,0.0019846824,-9.79471,-0.0002635312,0.00045856237,0.00021472322
36188000,-0.0021952118,0.0005220652,-9.802846,-0.00033398485,0.00027804662,0.0002798866
36192000,-0.0037302873,0.004922989,-9.801496,-0.00086293306,-0.00018475327,-0.00035444228
36196000,0.0032353504,0.0018391752,-9.799873,-0.000782365,-4.511458e-05,-0.000765686
36200000,-0.003514869,-0.008782417,-9.796707,-0.0006591858,0.00036709855,0.0002542895
36204000,-0.008580202,-0.010897086,-9.797277,-3.7379526e-05,0.0002873779,0.00030587177
36208000,-0.006038781,-0.0074732387,-9.806533,0.00027343736,0.00035377295,-0.00050075795
36212000,0.0028810669,-0.00025901198,-9.807505,-0.00034723541,0.0010893063,-1.546789e-05
36216000,0.0023057293,0.0034852368,-9.799103,-0.0009190047,0.00059582765,0.0004275009
36220000,-0.0015918144,0.0053191665,-9.80388,-0.00021585543,-0.00046419757,-0.00016232039
36224000,0.008948134,0.0009588357,-9.811285,-0.00016552868,-0.00071032497,-0.00040989683
36228000,0.010556955,-0.003305006,-9.810631,-0.0008396753,-0.00013396503,-0.00066167314
36232000,0.003789575,0.0016203533,-9.802774,-8.966093e-05,6.881246e-05,-0.00059700897
36236000,-0.0036020093,0.00082643324,-9.796286,0.00025080625,1.4488137e-05,-0.0005691694
36240000,0.0052549187,-0.004885887,-9.8023615,-0.00036176908,-0.00020745084,-0.00030667102
36244000,0.0024220264,-0.0055195927,-9.807138,-0.00030076943,-0.00015294521,0.00014123767
36248000,-0.009823166,-0.0050092787,-9.810425,9.0577036e-05,0.00047128918,-0.00025166592
36252000,-0.0035112267,-0.0042028646,-9.810334,7.299674e-05,0.0011160279,-0.00023270909
36256000,0.0003074236,-0.0051943064,-9.808168,0.000274936,0.00092534657,0.0006838798
36260000,-0.004241201,0.006153325,-9.801144,2.2621292e-05,-0.0012561615,0.00086876145
36264000,-0.00872026,0.0048546335,-9.796322,-9.115882e-05,-0.0020762533,-7.0825314e-05
36268000,-0.00645753,-0.0031805383,-9.789881,8.170943e-05,-0.0013937693,-0.0006582857
36272000,-0.0048908386,-0.002501733,-9.790806,-0.00035541935,-0.0007039454,-0.0009873
36276000,-0.004040559,-0.0043467726,-9.796406,-0.00094792777,-0.0006902796,-0.00067975814
36280000,-0.0026907334,-0.0027018988,-9.797766,0.00012810841,-0.0010954613,0.00051326473
36284000,-0.0017789357,0.0011619714,-9.795082,0.0002060342,-0.00051663624,0.000323865
36288000,0.0014645207,0.007153101,-9.79807,0.00041678798,7.833705e-05,-0.00056578993
36292000,-0.004116949,0.007051575,-9.801372,0.0005937682,-0.00039805064,-0.0006066707
36296000,-0.0064433357,0.00074753724,-9.80122,-0.00018387666,-0.0010289086,7.498143e-05
36300000,0.0031213383,-0.0048147603,-9.80176,0.00072260847,-0.0004756431,0.00067673746
36304000,-0.00076218694,-0.0040111234,-9.800034,0.0004139374,-8.30256e-05,0.00045198732
36308000,-0.0064569283,-0.0009367714,-9.800981,-0.0004872486,-0.00065515464,0.00028364404
36312000,-0.0027999557,-0.0019404129,-9.801727,-0.00020748537,-0.00025287288,0.00029340445
36316000,0.0010182632,-0.0035180147,-9.800001,0.00043453413,6.81408e-05,0.00034848382
36320000,0.0034232703,0.0037347674,-9.795814,-0.00050843967,0.00076483696,0.00065383036
36324000,0.0033997237,0.0033587015,-9.797527,-0.0016465733,0.00084523915,-0.0009411382
36328000,0.0029137745,0.0010912941,-9.803715,-0.0011400434,-0.0014573778,-0.0014527829
36332000,-0.00047137827,0.0019452485,-9.800176,-3.4328412e-05,-0.0017381139,1.3525937e-05
36336000,-0.0052172733,0.001293665,-9.793108,0.0006055555,-0.0003409098,-0.0004933176
36340000,-0.005417562,0.008261465,-9.802561,0.0005273657,-0.00024313829,-0.00065048394
36344000,-0.0018399652,0.003917893,-9.801929,1.8091047e-05,-0.00026037113,-0.00057310454
36348000,-0.0007894164,-0.0056124916,-9.795112,-4.923491e-05,-0.00042153726,-0.0011375188
36352000,0.0015700478,-0.0033266037,-9.794638,-0.0001373169,-0.0006045094,-0.00079621654
36356000,0.00056911213,-0.0027319817,-9.795884,-0.0005711061,-8.532026e-05,-0.00012982544
36360000,-0.002212523,-0.0050575235,-9.802637,-0.00048962503,0.00019990609,-0.0002092848
36364000,-0.00045326716,0.0021312316,-9.804264,0.0001554656,3.6253638e-05,-0.0007117578
36368000,0.001956844,0.005000679,-9.798904,-8.439083e-05,0.00050810166,-0.0011520251
36372000,0.00069368305,-0.007115415,-9.802245,-0.00082877284,-5.1226572e-05,-0.0010033285
36376000,-0.0014670948,-0.0072373794,-9.808163,-0.0009794759,-0.000749174,-8.364092e-05
36380000,-0.00129556,0.0017754753,-9.79773,0.00016435371,-0.00026436528,3.8454633e-05
36384000,0.0018718488,0.00050736975,-9.793491,0.00078483886,0.0004262143,0.00029792974
36388000,-0.0005990692,0.0017639901,-9.796701,0.00032160373,0.0011781775,0.0002029675
36392000,-0.004179327,0.00044365902,-9.801249,0.0008934073,0.00083582406,-0.0002747132
36396000,-0.002151878,-0.0065968446,-9.80084,0.00045675613,0.00010193592,9.826125e-05
36400000,-0.0062698345,-0.008412385,-9.795133,-3.184679e-05,0.00022491811,0.00071040966
36404000,-0.0076709264,-0.0026130995,-9.7970705,-0.00027817622,-0.0002575443,0.0006355378
36408000,-0.0005294583,0.00088361534,-9.798509,-0.0010408226,-0.0009459824,-7.20049e-05
36412000,0.006064454,-0.00040204488,-9.79609,-0.0007409293,-0.0008054311,-0.0008786609
36416000,-0.0037725545,0.0025560434,-9.795522,-0.00074654544,0.00017315656,-0.0005785332
36420000,-0.011493271,0.0041188793,-9.801235,-0.00060228247,0.0011140178,0.00036051395
36424000,0.00033525802,0.0018654489,-9.805935,-0.0001696731,-0.00018754564,0.000423664
36428000,0.004578799,-0.00030065776,-9.809766,-0.00049859774,-0.0005625333,-0.00032557023
36432000,0.004373626,0.001162184,-9.807295,-0.00033096274,0.00052637357,-8.4586296e-05
36436000,0.003652434,-0.0035994751,-9.800822,-0.0009195056,0.0006633387,0.0006875608
36440000,-0.0030228354,0.00022729226,-9.802752,-0.000112526526,0.00047932507,-0.00026922202
36444000,-0.0003175147,0.0062159398,-9.799148,0.0010217828,0.00016650357,-0.0011585233
36448000,0.009977456,0.0043322644,-9.7945175,0.00029765876,-0.0009552841,0.00031645555
36452000,0.0109686125,0.0059920475,-9.795292,0.00012542288,-0.00019682311,0.00051569135
36456000,0.009667617,0.0059935534,-9.796525,0.00024731454,0.00047333678,-0.0008376807
36460000,0.011497121,-0.0029851994,-9.800207,0.00050600094,5.498845e-05,-1.1891261e-05
36464000,0.0023053316,-0.00810378,-9.80305,0.00013936446,-1.7653818e-05,0.00039272162
36468000,0.0015508558,-0.0006955061,-9.80475,-0.00041586364,-0.0008164309,0.0004909384
36472000,0.0060414723,-0.002632846,-9.803528,-0.00015414342,-0.0004425515,0.00023146576
36476000,-0.00049155473,-0.016946701,-9.798667,0.0010622764,0.0002685618,0.00094227924
36480000,-0.000120125944,-0.019759845,-9.800587,0.0006123845,-0.00034037957,0.001219472
36484000,0.0052309637,-0.0038949975,-9.800791,-7.7644094e-05,-0.00015400174,0.0004964901
36488000,0.007855371,0.0046052933,-9.797086,0.0011067605,-7.575694e-05,0.00041845086
36492000,0.0005417182,0.0018714911,-9.799852,0.00029840507,9.436508e-05,0.000830866
36496000,-0.010248903,-0.0068712723,-9.799367,-5.0212253e-05,0.0005321329,0.0012107552
36500000,-0.0045292806,-0.006103249,-9.79525,-0.00034757052,0.00013416198,0.0001804884
36504000,-0.0030172823,-0.0019896575,-9.801352,-0.0004888833,0.0008118084,-0.00042914826
36508000,-0.008159582,-0.0055753165,-9.80562,3.330215e-05,0.00024917946,-0.0002750246
36512000,-0.0055851685,-0.0032134776,-9.795485,0.0003884949,-2.9546842e-05,-0.0005814642
36516000,-0.0050147306,0.0032316446,-9.78941,0.00065391074,0.0005735214,-0.0013112401
36520000,-0.004190139,-0.00017491379,-9.792836,-9.909839e-05,0.00022973669,-0.0016717633
36524000,-0.0004450904,-0.0057013254,-9.791418,-3.7218113e-05,0.0010016455,-0.0005918609
36528000,-0.001745895,0.0014928273,-9.793977,2.6636606e-06,0.00066922023,0.00092757074
36532000,-0.0039233677,0.003655305,-9.803239,-0.00030639052,0.0008763288,0.0011476708
36536000,7.466694e-05,-0.0007005024,-9.809294,-0.00030668112,0.00080306025,0.0009559727
36540000,-0.008713784,-0.0040946114,-9.808908,0.0007428508,-0.0011608524,0.00010937647
36544000,-0.015203573,0.00013248081,-9.79988,0.0011829482,-0.0018054673,-0.00072284474
36548000,-0.0040497617,0.00085451885,-9.793586,-0.00020078997,-0.00063619873,-0.0014998254
36552000,0.0018777379,-0.008051928,-9.795492,-0.00091954164,0.00037398486,-0.00086301594
36556000,0.0070305737,-0.010689893,-9.799816,-0.0005254528,-0.0005939794,5.3431326e-05
36560000,0.009558601,-0.009228674,-9.800016,-0.0006090007,-0.00036672014,0.00016172635
36564000,0.001517581,-0.007403775,-9.797628,-0.0007151172,-6.778297e-05,0.00013592734
36568000,-0.0025245466,-0.004310575,-9.799968,-0.00057519344,-0.00027482616,0.00031267997
36572000,0.004378568,0.0028407406,-9.80476,-0.00028469868,-0.00040524747,-0.00010047061
36576000,0.0021613524,0.002135471,-9.803875,-0.000847279,-0.00012560115,-0.0008564207
36580000,-0.0012633476,-0.0009821204,-9.79962,-3.7215257e-05,0.00024406072,-0.0007897158
36584000,0.00424421,-0.0008798759,-9.798745,0.0018597383,-0.00019037428,0.00020377667
36588000,0.0039552385,-0.0017100439,-9.7950535,0.00021227125,0.00019227882,0.0008969782
36592000,0.0019263084,-6.518483e-05,-9.792928,-0.0018411308,0.0010815923,-6.2123574e-05
36596000,-0.0036945818,0.008175498,-9.80227,-0.0008035734,0.0015219407,-0.00064018095
36600000,-0.00048183443,0.013218786,-9.800182,0.00023202671,0.0013289221,0.0004846745
36604000,0.0017425374,0.0067549837,-9.794264,0.0004911868,0.00049637957,0.0006717411
36608000,-0.0010625877,-0.000272659,-9.797594,0.0005049706,0.0002198146,0.00047330893
36612000,-0.0018698872,-0.0022777375,-9.799931,-0.00017120905,3.0264018e-05,0.0009988714
36616000,-0.007923505,-0.005606105,-9.8063135,0.0004698856,-0.00067631964,7.053906e-05
36620000,-0.0069706445,-0.0035830233,-9.806981,0.0008709904,-0.0009588051,0.00076637615
36624000,-0.0040065106,0.003590876,-9.802168,-5.6891407e-05,-0.00034205598,0.0014403203
36628000,-0.0020287926,0.0015719917,-9.800337,-9.3105176e-05,-0.0009279964,-0.00020393867
36632000,-0.007348699,-0.0017685952,-9.798446,-0.00047098252,-0.0013166056,-0.00080207427
36636000,-0.011632644,-0.0022217883,-9.7960825,-0.0013476,-4.7463483e-05,-0.000765089
36640000,0.0018019269,0.0012900323,-9.791769,-0.0006201176,0.00021878995,-0.00026166538
36644000,0.0069211335,0.0030127403,-9.796165,0.00086736545,0.00018677712,-0.0006958447
36648000,-0.00304781,-0.001046242,-9.802216,0.00081734353,0.00037790101,-0.0010145976
36652000,-0.00904827,-0.0057688747,-9.807596,8.298856e-05,0.00017462675,0.00024206594
36656000,-0.0068380535,-0.0058031254,-9.800013,0.0014474484,0.00011620886,0.0008866139
36660000,-0.0036783284,-0.0030479836,-9.794142,0.0007320198,0.0007315375,0.0006403155
36664000,0.000377602,-0.0027511653,-9.798904,-0.0009612379,0.00045913138,0.0004319027
36668000,-0.0028893868,-0.00462424,-9.8012495,-0.00023548705,-0.00077777007,0.00025356287
36672000,-0.010305351,-0.004770464,-9.803263,0.0002855523,-0.00054531783,-0.001035313
36676000,-0.006208008,-0.0024783947,-9.800146,0.0002326209,0.0007482945,-0.0012149984
36680000,0.0010809822,-0.0028420286,-9.80072,-0.000120309836,0.0011722334,-0.00054539787
36684000,0.003082505,-0.0025405232,-9.800767,-0.0007028838,0.0010209918,0.00027597926
36688000,-0.0017689536,0.0033941208,-9.799835,0.0003707294,-0.00015043675,0.00046830246
36692000,-0.002857589,0.004504578,-9.805754,0.000498587,-0.0012395614,-3.4195418e-06
36696000,0.0071562026,-0.0048156665,-9.805946,-0.00097175257,-0.0006534085,-0.00048546467
36700000,0.003957817,-0.0045857797,-9.804302,-0.00072729244,-0.0008292911,-0.0009626923
36704000,-0.0029992922,0.0011532509,-9.807463,-0.0003827827,-0.000661278,5.8357483e-07
36708000,-0.0017167162,-0.0016192932,-9.807491,-0.0013358028,0.0006316447,-0.00025367102
36712000,-0.0015022969,-0.0048598223,-9.806385,-0.0011825451,0.0008310995,-0.00034127856
36716000,-0.00076518976,-0.002814055,-9.806717,2.4870903e-07,0.00096212764,0.00055838394
36720000,-0.005388965,-0.00084842724,-9.803026,-0.00018070289,0.0010824631,0.00063590886
36724000,0.0012730842,-0.0049841856,-9.796746,-0.00020317687,-1.6409223e-05,0.0012793632
36728000,0.009236465,-0.0014456434,-9.803671,0.00019089975,-0.000745166,0.00042560816
36732000,0.0010984091,-0.0026794844,-9.806372,0.00018829168,-0.00045262458,-0.0008852422
36736000,-0.0034102378,-0.0057370523,-9.805897,0.0004055026,-0.0002162566,-0.00094315904
36740000,0.0011243726,0.008358741,-9.804234,0.0011349225,-0.00011894122,-0.00060816214
36744000,0.0009869991,0.0064743026,-9.802887,0.0006375564,0.00016583005,-0.0005905737
36748000,0.0032205284,0.0005630997,-9.799896,7.6210934e-05,-1.3490361e-05,-0.0002864066
36752000,-0.0006412667,0.006983281,-9.794858,0.0005533477,-0.0004606564,-8.5804e-05
36756000,-0.0034235201,-0.0022072461,-9.798941,0.00082762854,0.00056654925,-0.0012184818
36760000,-0.003150556,-0.005238966,-9.802217,0.00045763122,0.0004171954,-0.0007573188
36764000,-0.0055687944,0.003585043,-9.801615,0.00014312171,-0.00040939703,-4.5106273e-05
36768000,0.0010986575,0.0009177107,-9.796663,-0.00062240206,-0.00023684133,0.00023971137
36772000,0.0040449435,0.00032021324,-9.797212,-0.0007569143,-0.00028570878,0.00079288916
36776000,-0.00638861,-0.0011695882,-9.800943,-0.0003362496,0.00065444136,-0.0003396258
36780000,-0.009167891,-0.0050921887,-9.801419,-7.3345356e-05,0.0005570129,-0.0009418361
36784000,-0.0020156289,-0.005752399,-9.801314,-0.00016003546,-0.0010078143,-0.00031291868
36788000,0.0025867452,-0.0019250772,-9.793858,-0.0006630589,-0.0011291484,-0.00020915439
36792000,0.00021166264,-0.0008952216,-9.792758,-0.0009038056,-0.00028273574,-0.0002891692
36796000,-0.0027648173,-0.0017090514,-9.800217,-0.0014772707,0.00031852262,-0.00044141337
36800000,-0.00028785501,-0.0026809925,-9.800585,-0.0011041593,0.00040195594,-0.0004928442
36804000,0.00045515434,-0.006857956,-9.79932,-1.7581611e-05,-0.000446732,-0.0004171974
36808000,-0.0026401975,-0.009427011,-9.8000145,0.00067611464,-0.00034300188,-0.0006867415
36812000,-0.0028530047,-0.0023866931,-9.803631,9.047032e-05,-0.00033704293,-0.00017567034
36816000,0.0011683592,-0.0017481177,-9.801559,0.0006123507,-0.00090275874,0.0006221259
36820000,0.00068243797,-0.004283683,-9.794063,0.00049118954,0.00019432568,-6.7249806e-05
36824000,-0.0046912953,-0.0019158672,-9.795839,-0.0009959216,0.00029722077,-0.00053033704
36828000,-0.003590894,-0.0026990296,-9.802067,-5.4357075e-05,0.00047685744,0.00015380328
36832000,0.0043157074,0.0040559573,-9.802934,0.0010929465,0.0012841572,-0.00024481287
36836000,0.0028203197,0.0033674873,-9.806641,-7.821035e-05,0.0013159709,-6.954186e-05
36840000,-0.0014147653,0.0016092433,-9.804163,-0.00016581007,0.0005075974,0.00045676428
36844000,-0.00077234616,-0.00070375676,-9.799658,0.0007729384,-0.0009072235,-0.00044552234
36848000,0.00036594778,-0.0074297735,-9.802269,-0.0003312519,2.798537e-05,-0.0004470973
36852000,0.002575183,-0.00024563292,-9.803358,-0.0009344154,0.00078820856,4.5472334e-05
36856000,0.0011427895,0.0036438215,-9.804914,-0.0005548733,0.00046593355,-0.001131889
36860000,-0.004155523,0.00096873974,-9.80323,-0.0003499316,0.00072421436,-8.3251456e-05
36864000,6.1573926e-05,0.004641399,-9.800869,-0.0006152646,0.0004533753,0.0012614263
36868000,0.0050023976,0.003851013,-9.7966385,-0.00061817194,0.00034438667,3.8755745e-05
36872000,-0.00026430632,0.0035559481,-9.790812,-0.00063959474,3.5165115e-06,0.00010730169
36876000,-0.0062247785,0.0055552158,-9.795,-0.00029967361,0.0003105835,0.0003711561
36880000,-0.0020762095,0.0050793123,-9.803798,-2.5026047e-05,0.0007172934,-0.00036914356
36884000,0.002463206,0.0024739308,-9.800425,-0.00024840204,-0.00017498073,-0.0005150913
36888000,0.0049842233,0.0057246424,-9.7980995,-0.00013106,-0.00036834468,-0.0010201936
36892000,0.007121346,0.00046807638,-9.802086,-0.000187014,0.00039895248,-0.00011245835
36896000,0.0017980551,-0.004500221,-9.800081,9.989863e-05,0.0010021912,0.0011557398
36900000,-0.00707798,-0.0031650974,-9.797386,-3.0068766e-05,0.00018359856,-7.995922e-05
36904000,-0.008939462,-0.0006461693,-9.799946,0.0007580755,0.00026136843,0.00036708722
36908000,-0.0024226694,0.001455957,-9.797356,0.00024824453,0.00067921635,0.00047580447
36912000,0.0030805417,-0.00653965,-9.799116,-0.000114580915,-0.0006235082,-0.00065649627
36916000,0.004797072,-0.0051383865,-9.80591,0.00018568474,-0.00074861175,-0.0006532838
36920000,0.006649246,0.0016300236,-9.802248,-0.0007490194,-0.0005372143,0.00014534993
36924000,0.0042019268,0.0007291132,-9.801316,-0.00040819167,-0.00065015827,0.0013088601
36928000,-0.005213894,0.0016545843,-9.799686,-0.00010095687,0.00018269544,0.0009245792
36932000,-0.0052268766,0.002842412,-9.795927,-0.00026718574,0.0007126561,-3.3003213e-05
36936000,-0.0056784125,0.0010666209,-9.803259,-0.0009517247,-0.00019721861,-0.00039005806
36940000,-0.007728045,0.0024249866,-9.810442,-0.001248309,-0.0007224782,-6.6490734e-06
36944000,0.0045434795,0.0016486144,-9.805771,-0.0011634202,-1.3751978e-05,0.00095374114
36948000,0.009157351,0.0024511865,-9.801061,-0.00017712709,0.0012465629,0.0011117099
36952000,0.007153887,0.0087282825,-9.798616,0.000727991,0.001332581,0.00040372845
36956000,0.0022897292,0.01339511,-9.795076,-0.00016579554,0.0011064792,-0.00024798932
36960000,-0.007801317,0.001067964,-9.797718,-0.00045892206,0.00063175324,0.0002634851
36964000,-0.0117967725,-0.0071865683,-9.8013935,-0.0003211127,0.00018594995,0.0005919149
36968000,-0.010847777,-0.0013321863,-9.803034,-0.00017333844,0.0005893945,0.00024485352
36972000,-0.0038253542,-0.0062910058,-9.806215,0.00028648681,0.00045769665,-0.0002613233
36976000,0.0013847714,-0.009668144,-9.804765,0.0005417251,0.00027605315,-0.00084552995
36980000,0.0034365612,-0.0052339328,-9.795362,0.0011480758,0.00064623664,-0.00016794997
36984000,0.0014094556,0.0024744708,-9.792208,0.0004825797,0.00075780484,0.00017241202
36988000,-0.0043601273,0.0034014487,-9.796888,-6.6082845e-05,-0.0001069299,0.00040846496
36992000,-0.0011831323,0.00021292687,-9.800779,-0.00041749977,0.00013193695,0.0002432137
36996000,0.0047974624,0.0059548826,-9.80095,-0.00081398984,0.0003130954,-0.00027054822
37000000,0.0062349336,0.00482684,-9.799487,-0.00089686026,-0.00042112247,0.00055001973
37004000,0.00043320103,0.004957441,-9.801891,-0.0011219748,-0.00022479433,1.8449466e-05
37008000,-0.003896554,0.008259711,-9.804001,-0.00018637942,0.00034513546,-0.0007079931
37012000,0.0010006407,0.0013188391,-9.79954,-0.00018198424,0.0010218583,-0.00030292885
37016000,-0.0005626412,0.0016796086,-9.798632,-0.00028756823,0.00048215064,0.00076975115
37020000,-0.007966565,0.0050501022,-9.805355,-0.00020346139,-0.0004335779,0.00032916103
37024000,-0.0037158905,0.0030882165,-9.80441,-0.00039459637,0.00020310406,-0.00022769837
37028000,0.0035510045,0.0043410123,-9.800388,9.350558e-05,0.000282887,0.0002437917
37032000,0.0036178236,0.0035434691,-9.798108,0.00044042736,-0.0003947816,-0.00011084304
37036000,0.001899694,0.0019821543,-9.800476,7.996346e-05,-0.0001830719,0.00062332413
37040000,-0.006822714,0.00074118096,-9.797777,0.00022610747,0.00011587779,0.00077358074
37044000,-0.007408958,0.0053394428,-9.797129,-0.00010150012,0.00037486272,-9.6639815e-05
37048000,0.0042761285,0.0056296354,-9.808983,-0.0003980724,0.0007854267,-0.0006783909
37052000,0.0017573258,0.0018487207,-9.80448,6.2426196e-05,0.00032045148,0.0008431173
37056000,0.00027362444,0.0035898457,-9.797827,0.00045428154,0.0002657797,0.0015489836
37060000,-0.0017293666,-0.0025172606,-9.804893,0.0006614278,0.0004537418,-0.0011570852
37064000,-0.0036801973,-0.0038821546,-9.802958,-0.00018525077,0.00048032525,-0.0005184834
37068000,0.0036765735,-0.0013919399,-9.798258,-0.0004879921,0.00076530746,0.0010351379
37072000,0.0016097353,-0.0015960212,-9.799757,0.00038732192,0.0006440538,-6.21783e-05
37076000,0.0002562608,-0.0005344595,-9.802055,0.00043228987,0.00011743406,0.00035540274
37080000,0.00032257853,0.005933606,-9.803711,-0.0001229439,-0.00019975741,0.0009776688
37084000,-0.0053207027,0.0077988273,-9.803785,-0.00046942444,0.0007478332,0.00093006605
37088000,-0.009923287,-0.0001819914,-9.797945,-0.0011987045,0.002011534,0.0011072499
37092000,-0.0041890526,-0.0008665934,-9.790613,-0.0007078988,0.001111993,0.0006627852
37096000,-0.0011109172,0.004793157,-9.797514,0.00013410646,0.0007448633,-0.00017864567
37100000,-0.004820155,-0.0002192441,-9.803356,0.00050918,0.0008894836,-0.0006184943
37104000,-0.000645027,-0.004284034,-9.800728,-6.4893655e-05,0.0002827893,-0.00028379957
37108000,-0.0007051688,0.0056701945,-9.798742,-0.00048417205,-0.00035497308,6.619695e-05
37112000,-0.006709313,0.003936786,-9.802444,0.0004500572,0.00020233268,0.00027746375
37116000,-0.008616809,-0.0019771166,-9.800463,0.0006124431,0.0005810155,0.0004960888
37120000,-0.008413307,-0.0057799793,-9.796667,0.00010807922,-0.0005727971,-0.00027050637
37124000,0.0016713801,-0.0035916187,-9.798204,-0.00025015866,-0.0006927081,-0.00096077495
37128000,0.00847331,0.0015393962,-9.792952,-0.0008124585,-0.0001326339,-0.00018904872
37132000,-0.0024933612,-0.0024137849,-9.79435,-0.00014915918,8.366655e-05,0.000981143
37136000,-0.0037013832,0.002993788,-9.799942,0.00013792052,0.00020868122,0.001269283
37140000,-0.0022221762,0.0019517284,-9.799188,-0.0010807675,0.00018065458,0.0008801511
37144000,-0.0059383116,-0.0024758326,-9.794364,-0.0005735663,-0.0011154335,6.911159e-05
37148000,-0.0029486027,-0.0034156942,-9.795531,-8.3267834e-05,-0.0017265893,-0.00029461106
37152000,0.0016103943,-0.007266811,-9.80023,-5.3081007e-05,-0.0007493153,-0.00066847546
37156000,0.00054760615,7.417382e-05,-9.806129,0.0005750622,0.00090418785,5.697393e-06
37160000,0.00386318,0.00031938433,-9.806568,8.705173e-05,0.00085839885,0.0010981628
37164000,0.0062749335,-0.007690116,-9.80426,-0.0007629006,0.00046780985,0.0004554843
37168000,0.0011282025,-0.008614584,-9.806637,-0.0012263726,0.00091109175,-0.00027216156
37172000,-0.0011243433,-0.0020485718,-9.798776,-0.0009138024,0.0010308601,-0.00046487755
37176000,0.00030880043,-8.4028994e-05,-9.795121,0.00029096554,0.0006497758,-0.00047930537
37180000,0.0028641953,-0.002077317,-9.803057,0.0005244937,-0.00020962663,-4.5294393e-05
37184000,-0.0027921377,0.0004370992,-9.806643,0.00078777206,-0.00021007773,0.0007011584
37188000,-0.004825035,-0.0016922633,-9.802113,0.0013755375,0.00028637497,-0.0001414358
37192000,-0.002334549,-0.0020249137,-9.794828,-0.00018401575,-0.0002769157,-0.0004542572
37196000,0.0060024937,-0.0016579945,-9.793692,-0.00058808544,-0.00090542104,-0.00019689003
37200000,0.010979743,-0.0007315425,-9.796902,0.00016539461,-0.0005569404,-0.00017648286
37204000,0.0039459458,-0.0009863398,-9.800449,-0.0004081806,-0.00031157694,-0.00023916883
37208000,0.001671536,-0.002403092,-9.807382,-0.0007193762,-0.0002290626,-0.0006080768
37212000,0.0017832468,-0.0017651021,-9.798536,-0.00071644905,0.00022775451,-0.0005056011
37216000,0.00061554497,-0.000651181,-9.792959,-0.00090918754,0.00042300654,-0.00055497204
37220000,-0.0012215741,-3.5009039e-06,-9.801517,-0.0006061364,0.00012549917,0.00035739937
37224000,-0.0061182706,-0.002171909,-9.799611,0.00042520757,0.00032210967,0.001433347
37228000,-0.00095969765,0.00026135927,-9.797809,0.0007762853,0.00090722356,0.0010406837
37232000,0.0068192203,-0.0014690381,-9.794706,0.0006734292,0.00073977956,0.00012530107
37236000,-0.0010045653,-0.0016604284,-9.790611,0.0006578386,-5.7405974e-05,0.000113753726
37240000,-0.000120427925,-0.0036480827,-9.799877,-8.940622e-05,-0.00017577782,0.0006331555
37244000,0.005441198,-0.004146583,-9.8113,-5.1606243e-05,0.00052730006,0.00097172335
37248000,0.0015430895,0.0026238589,-9.799568,0.001020844,0.0008055434,0.00064663746
37252000,0.007339017,0.004666127,-9.787807,0.00051469123,0.0007230564,0.00018535866
37256000,0.009556972,0.0002524728,-9.795958,-0.00016170977,0.00034935505,0.00063086784
37260000,0.000900846,0.0015519966,-9.796935,-0.0007337528,-0.00038294506,0.0006509244
37264000,0.00093638245,0.005244598,-9.801556,-0.00034259754,-0.00091754994,0.00067680137
37268000,0.005284631,-0.00064277276,-9.801964,-0.00010880992,-0.00038786317,0.0010450997
37272000,0.00017273429,0.012348887,-9.800721,-0.00038417033,0.0008602593,0.0010006211
37276000,0.0008783975,0.014572577,-9.799652,-0.00024007952,-0.00017803512,0.0008680036
37280000,0.0044591776,0.0011092896,-9.794851,-0.00011736861,-0.0010666449,0.00059793895
37284000,0.0011141584,-0.004130792,-9.805125,-1.7950424e-05,-0.0007145389,-0.00047696647
37288000,-0.0028651285,-0.008216933,-9.812864,-0.00036735984,0.0005060656,-0.0013842534
37292000,-0.0038553,-0.0051302477,-9.809162,-0.0005451706,0.0007681781,-0.00016979223
37296000,-0.0031833062,-0.00103358,-9.801169,-0.00017238664,-0.00026602173,0.00014366517
37300000,-0.0004859772,-0.001210265,-9.803247,0.00015287634,-0.00033053366,-0.0003167427
37304000,-0.0011921171,0.0043553486,-9.802362,0.00031338652,-7.3723622e-06,-0.0003107107
37308000,0.001834627,0.0072141206,-9.79728,0.00035934374,-0.00017537602,0.00047198226
37312000,0.0062240358,0.00646274,-9.795663,-0.00028532953,-0.0005434137,0.00065003085
37316000,-0.0028678514,0.003408946,-9.794448,-0.00068242825,0.00067667995,-9.9305675e-05
37320000,-0.0011253869,-0.0011705494,-9.796155,-0.00045311687,0.0013256867,-0.0002503372
37324000,0.0011546633,-7.0670896e-05,-9.803004,-0.0001507523,0.00045567917,-0.00059633574
37328000,-0.002217624,0.0006886455,-9.805769,-5.201259e-05,0.00010604514,-0.0006915154
37332000,-0.0016191034,0.004704026,-9.800751,-0.00035251764,0.0009857267,0.00054861384
37336000,0.00017827438,0.008871868,-9.804395,-0.00024898347,0.0011084767,0.0013842249
37340000,0.0032020332,0.0027895805,-9.807818,-8.466964e-05,-0.00037458894,-0.0004916458
37344000,0.001235893,7.565226e-05,-9.80411,-0.00044057725,-0.0011681337,-0.0014160553
37348000,0.0041249413,0.0026664694,-9.802586,-0.0004621977,-0.0005173873,-0.00079861283
37352000,0.01096048,0.003255432,-9.806273,-0.0007048547,8.3814055e-05,-0.00060458947
37356000,0.011281304,0.002651244,-9.805191,-0.0001563794,8.862116e-06,-0.0005806766
37360000,0.005544844,0.004027856,-9.80245,-0.0008003386,3.1090298e-05,-0.0011450823
37364000,0.002664356,0.007288906,-9.800829,-0.00080087816,0.0005180567,-0.00045016484
37368000,-0.004692732,0.0010303931,-9.799595,0.00025033636,-2.0098327e-05,0.0001339359
37372000,-0.005005438,-0.000924653,-9.794811,0.00052636204,-0.00019099418,-0.0005606689
37376000,0.0011675851,0.0060540163,-9.790997,9.979863e-07,-5.2247993e-05,-0.00040073454
37380000,-0.0021157926,0.004073583,-9.797312,-0.00021575615,0.000271167,0.00051179284
37384000,9.666024e-05,-0.00017049312,-9.807728,-1.5466178e-05,0.0002663375,0.0012019218
37388000,0.003491985,-0.0020955328,-9.806955,-0.0011036973,-0.0011569589,0.0008827129
37392000,0.0061269375,-0.0058700396,-9.800142,-0.0012726181,1.4127318e-06,0.0011589424
37396000,0.005489737,6.757046e-05,-9.803587,-0.00089595956,0.00040143414,0.0010761257
37400000,-0.00013541465,0.005252808,-9.803593,-0.0003705286,-0.00093806686,-0.00018413781
37404000,-0.006612519,0.009592962,-9.79946,-5.5535587e-05,7.9889825e-05,-0.00032864304
37408000,0.0011929532,0.010681273,-9.80224,-3.348737e-05,0.0003118029,0.00014395284
37412000,0.004141297,0.002544784,-9.79924,-0.0006444411,0.00016220493,0.00024043614
37416000,-0.004272234,0.0009670629,-9.801039,0.00013543494,0.00036767946,0.00046249217
37420000,0.000107260195,-0.00056552736,-9.801868,0.00038257934,6.399831e-05,0.00014939897
37424000,0.005328884,4.6726218e-05,-9.799219,0.0003379222,-0.00042118502,-0.0004107226
37428000,0.0050094775,0.0031470454,-9.800799,0.0014376787,-0.00022080682,-7.96577e-05
37432000,0.002578,0.0054128617,-9.799699,0.000658903,-0.00016884257,-0.0002488797
37436000,0.0030284578,-0.00044645308,-9.802679,-0.00075760816,-0.0012372012,-0.0010644334
37440000,-0.0010908421,-0.009998475,-9.804103,-0.00088711566,-0.00023962025,-0.001492191
37444000,-0.00489151,-0.0063350373,-9.804195,-0.00026662054,0.00048544188,-0.0013613548
37448000,-0.0020663864,0.00056003884,-9.800495,0.00047668535,-0.00039508712,-5.7949714e-05
37452000,0.0002923074,0.0020417217,-9.796997,0.0001470549,0.00043095186,0.00024017948
37456000,-0.0011700207,0.00020142089,-9.801392,-0.00096977805,0.00088036305,0.00058687705
37460000,-0.0006684564,-0.0024201544,-9.807209,-0.00058925245,-0.0006743651,0.00111505
37464000,0.0050556804,0.0003357507,-9.805093,2.150358e-05,-0.000349495,0.0005591376
37468000,0.0068722293,0.004155416,-9.806744,-0.0003234089,-0.00010645272,0.00014077508
37472000,0.0042354744,0.00020065805,-9.801367,-1.0131818e-05,-0.00080073765,-0.00011181468
37476000,-0.00090167695,0.004473561,-9.793751,0.00019768403,-0.00016777002,0.0002400229
37480000,-0.004995273,0.0018651703,-9.791418,-0.00018585537,0.00052099704,1.3358242e-05
37484000,-0.008189987,-0.0059799333,-9.795807,-0.0008818151,0.00070887763,-6.369667e-05
37488000,-0.0050598425,0.00043137406,-9.810454,-0.00089976686,0.000118275995,-2.894159e-05
37492000,-0.0037181904,-0.0010012831,-9.80904,-0.0008051755,0.00047415658,-1.3212863e-05
37496000,-0.0073481677,-0.0063168304,-9.798666,-0.0006189252,-0.00063323195,0.00016283356
37500000,-0.009169673,-3.106789e-05,-9.797499,-0.00035879304,-0.0017798651,-2.2082722e-05
37504000,-0.0083745485,0.0070236013,-9.79845,0.00039101252,-0.0004616477,-2.9340634e-05
37508000,-0.006967648,0.00601731,-9.796239,0.00097574265,9.4676594e-05,3.288472e-05
37512000,0.002188948,0.0055614226,-9.799584,-6.296171e-06,0.00020572009,0.000535693
37516000,0.009480301,0.006883824,-9.802771,-0.00024153346,0.0003876962,0.0009702962
37520000,0.0054318095,0.006169029,-9.798284,0.0002714488,-0.00061623106,0.0010648912
37524000,0.006417987,0.003179369,-9.805842,3.454699e-05,-0.0005637305,0.0003315886
37528000,0.00025245827,-0.0027242354,-9.810111,-0.0006165904,0.00021850507,-0.00039910653
37532000,-0.011742468,0.0010608989,-9.800009,0.00063657574,-1.9143876e-05,-1.8981533e-05
37536000,-0.010167109,0.0020837889,-9.798776,0.0006117222,8.150616e-05,-0.00036595168
37540000,0.00084780576,0.0031840955,-9.802692,-6.124386e-05,0.00028798037,8.684713e-05
37544000,-0.0031630886,0.0045339237,-9.798317,0.00036835237,0.0008006955,0.00056588056
37548000,-0.010030201,0.0031213232,-9.797663,0.0001714694,0.0003925828,-0.0002792493
37552000,-0.0069811884,-0.00078116846,-9.798776,-0.0001575671,-9.739837e-05,0.0005631392
37556000,-0.004335299,-0.007503895,-9.797674,-0.000100504425,-0.00026321007,0.001252115
37560000,-0.00026553165,-0.0014314931,-9.799145,-0.0004040295,-0.0015721883,0.00072754856
37564000,0.0036432436,0.008938146,-9.801264,-0.00040007645,-0.0010536875,-0.00031492262
37568000,-0.003539959,0.004402354,-9.806002,-2.5987883e-05,-0.0005231474,-0.00049094384
37572000,-0.0030866007,-0.0007406903,-9.8023,-0.0005919146,-0.00021225764,0.00043227308
37576000,-0.0024824843,0.00028857004,-9.803921,-0.00025080435,0.0011605145,0.0012522726
37580000,-0.003763823,-0.000591551,-9.805145,0.0005834869,0.0003325024,0.0007098596
37584000,-0.0014405779,0.0012468653,-9.798441,6.808553e-05,-0.0005917379,-2.4109648e-05
37588000,-0.00027809135,0.005962824,-9.799341,-0.00014782477,-0.00062210986,-0.0002636403
37592000,0.0030149317,0.005784659,-9.80336,-0.00012869191,-0.00013286559,-0.00014529585
37596000,-0.0027559565,-0.0008071686,-9.800671,4.0823586e-05,0.00025686316,0.00057144614
37600000,-0.005700131,0.0014671613,-9.807583,0.00095473015,-0.00090465165,0.000349143
37604000,-0.00076734344,0.005801476,-9.809927,0.00060425064,-0.00063322904,0.00037873883
37608000,-0.0009956348,0.00012717603,-9.801689,0.0004471986,0.0005732952,0.00032659186
37612000,-0.003946933,-0.0072455504,-9.80534,0.0009994743,0.0004161844,0.0006201825
37616000,0.002986323,-0.006611306,-9.805532,0.0002864908,0.00084624346,0.00035469473
37620000,0.0052240444,0.00055237906,-9.802952,-4.3497876e-06,0.0006526381,-0.00019669927
37624000,0.0006372036,0.003844546,-9.802638,0.0013138636,-0.00030958536,-0.00028336656
37628000,-0.001337779,2.6165277e-05,-9.804924,0.0013543931,-0.00049873954,5.5166315e-06
37632000,-0.0032424147,-0.006070065,-9.803303,0.0006742874,-0.00071851234,0.00026050428
37636000,-0.0043268595,0.0013231778,-9.801357,0.001247137,-0.00075648684,0.00038582925
37640000,-0.010755832,0.0075845486,-9.800058,0.00026342497,-9.416021e-05,0.0010925706
37644000,-0.0086414665,-0.0010604588,-9.798439,-0.00049664796,0.0005250382,0.00082316773
37648000,0.0033431568,-0.00029848222,-9.799858,2.6912368e-05,0.00034660325,0.00065493025
37652000,0.0012391867,0.0011263557,-9.792554,0.0001694806,-0.00033068456,0.0003915516
37656000,-0.0038391587,0.0006935731,-9.792236,0.0003665093,0.0001933224,-0.0001842942
37660000,-0.004919292,-0.0024336644,-9.795736,0.00044103185,-0.0005734965,0.00015458062
37664000,0.0010429926,-0.0074790516,-9.790181,0.00078775396,-0.00077368814,0.0007358939
37668000,0.0037469533,-0.0018089984,-9.795063,0.0006849463,8.140963e-05,0.0008924499
37672000,0.006843985,-0.0018099615,-9.805893,-0.0005442713,-0.00025068328,0.00072647905
37676000,0.00900973,-0.006824082,-9.813993,-0.0014636583,-0.00028498477,-0.00041875744
37680000,0.005115333,-0.0050405595,-9.807503,0.0001265475,-0.0003545117,-0.0008064297
37684000,0.0041279653,-0.0015012333,-9.792045,0.0012052642,0.0006157003,-0.00045517756
37688000,0.00041068607,0.0032427388,-9.793039,-0.000192927,0.00025724818,-0.00071689294
37692000,-0.0014106093,-0.0018139519,-9.80003,-0.00049104536,-0.00056797167,-0.00057482865
37696000,-0.00032201887,-0.0025734266,-9.801289,-0.00051291013,-0.00021532275,0.00047300945
37700000,-0.0024439737,0.0053085205,-9.803064,0.0004058883,-0.0002989615,0.0008058635
37704000,-0.0072667124,0.008332571,-9.800438,0.00076217524,0.0005033361,-2.8347535e-05
37708000,-0.005041513,0.0035228394,-9.789935,-0.00012454852,0.00065374817,-0.0005557217
37712000,-0.0008732799,-0.0030378264,-9.7888365,-0.00014412121,3.132484e-05,8.5206266e-05
37716000,0.0045069125,-0.00045678223,-9.797864,-0.00043953265,0.00026672235,-0.00018022976
37720000,-0.0008680831,0.0011868078,-9.798866,-0.0003147711,2.0104844e-05,-0.00070056913
37724000,-0.0032747695,0.0039779637,-9.800481,1.0964804e-06,-0.0011450788,-0.00013646072
37728000,0.005016773,0.0016524829,-9.807648,-0.00014140752,-0.0013694712,0.00031817963
37732000,-0.0006335742,-0.003837688,-9.812792,0.00034777785,-0.0012609562,-0.0002407003
37736000,-0.0020281454,0.0012813294,-9.807543,0.001351372,-0.0010376428,-0.0006501739
37740000,0.003933523,0.006581841,-9.809013,0.0007284598,0.00011708601,0.00035468148
37744000,0.005528611,0.0045630084,-9.806807,0.00041499626,0.0005208027,0.0011655935
37748000,0.0020834384,0.0037472362,-9.799735,0.00013445607,-0.00024986794,0.001285762
37752000,-0.002669649,0.0073330845,-9.802713,-0.0008281179,-0.0011234671,0.00072236115
37756000,-0.000113753966,0.007410916,-9.801885,-0.0007297917,-0.0007855769,0.00014693588
37760000,0.0028051164,0.002738616,-9.797867,-0.0006684451,0.00054208015,-0.0004380568
37764000,0.0015883342,0.005723349,-9.796406,-0.00013875162,0.0009913045,-0.0003818358
37768000,-0.0035910085,0.006796512,-9.803322,-0.0005186715,4.960545e-05,-4.935314e-05
37772000,-0.0014441693,0.0013283656,-9.803886,-0.0012761208,-0.0010387863,0.00046799207
37776000,0.0050804983,-0.0023051298,-9.796989,-0.000955138,-0.00021443039,0.00071834313
37780000,0.0014052409,-0.0025756792,-9.790696,0.00025521778,0.0007004533,0.00014203778
37784000,0.004735451,0.00066004664,-9.792318,0.0010593298,-0.0004855234,-0.0006443466
37788000,0.002990538,-0.0028402745,-9.797143,0.0007990775,-0.0005821263,-0.00032937413
37792000,0.0002677022,-0.007046221,-9.79245,0.0005332351,0.00026679618,0.00013372336
37796000,0.0009809583,4.3538552e-05,-9.786829,0.00041345204,-0.00024441362,0.00011997537
37800000,-0.0029271594,0.0039230282,-9.787428,0.0006109669,-0.0008879511,-0.0005186275
37804000,-0.0016357113,0.002767065,-9.797102,0.00066008564,-0.00059936306,-0.0012115521
37808000,-0.0023439298,0.0016117983,-9.79834,-6.9923924e-05,-0.00059677736,-0.001267694
37812000,-0.004245278,-0.0017309721,-9.79365,-0.00061716954,0.00026162484,-0.0005240792
37816000,-0.0062242867,-0.0037129777,-9.794111,-0.0005637591,0.0003865963,0.0004973305
37820000,-0.007383258,-0.0033075656,-9.79999,-0.0006996028,4.6347144e-05,-0.00024840777
37824000,-0.007296904,-0.00010273939,-9.802968,-0.00086273067,0.00017691278,-0.00013686129
37828000,-0.008583512,-0.0032014037,-9.799349,-7.17762e-05,-0.0006383628,0.0009719014
37832000,-0.004588197,0.0013880582,-9.799037,0.0013250173,-0.00030708426,0.00014587161
37836000,0.0032859498,0.0040808925,-9.797918,0.0014760408,0.0006796706,-8.1971324e-05
37840000,0.0021397453,-0.00078553864,-9.799951,0.0004144255,0.00065465394,-4.689995e-05
37844000,-0.002775291,0.0011645126,-9.793808,-0.00029809587,0.00016449273,0.00013374904
37848000,-0.0008014848,0.004948435,-9.79532,0.00055264635,0.00037511226,0.001117489
37852000,0.0026311171,0.007193479,-9.804446,0.00042858245,0.00052625366,0.00051375333
37856000,0.006493211,-0.0010340704,-9.802433,0.00018313366,0.00019996628,0.000532215
37860000,0.006809747,-0.0034510458,-9.794143,0.00011244413,0.00015411546,0.00015665675
37864000,0.0026575308,0.0012795847,-9.796076,4.733714e-05,0.0008877943,7.5901364e-05
37868000,0.002358831,0.0028725811,-9.803101,0.0009962219,0.00080277066,0.001420436
37872000,0.0012322179,0.003230419,-9.802344,0.00080039835,-0.00057985255,0.00049861247
37876000,0.008732257,-0.002848214,-9.798191,0.0009730961,-0.00125271,9.1368725e-05
37880000,0.0055510607,-0.0056914906,-9.79502,0.00051454426,-0.0008643615,0.0007405816
37884000,0.0019261915,-0.0029239503,-9.794136,-0.00040131313,-0.0008596837,0.0007859978
37888000,0.007982928,-0.0009888575,-9.79335,0.0004901652,-0.0014567886,0.00034278998
37892000,0.009665435,0.004140589,-9.799288,-0.00051444705,-0.00045920134,-0.00039572865
37896000,0.0070209345,0.002585537,-9.806284,-0.0011680473,-0.0005249733,-1.7002063e-05
37900000,0.00037324787,0.0029672738,-9.802232,-0.00035402592,-0.0010538462,0.0005312194
37904000,0.0017937555,0.006216257,-9.801597,-0.000247948,0.0006668425,0.00052466086
37908000,0.005612784,0.0035794622,-9.804462,-1.4748857e-05,0.00058830215,3.4054214e-05
37912000,0.005959166,0.004445448,-9.797378,-0.00053531426,-0.000534979,-0.00029684725
37916000,0.0021126033,0.0017067601,-9.802948,-0.0003818522,-0.00021612496,-0.0004967472
37920000,-0.0047295704,-0.0072902227,-9.807324,0.000546152,0.00027697196,-0.00085203943
37924000,-0.0013957922,-0.010840104,-9.801405,9.899637e-05,9.8527125e-05,-0.00010749454
37928000,0.0045050643,-0.0053748344,-9.798082,-0.0009133264,0.00024677056,0.0007418708
37932000,-0.004483412,0.002023283,-9.798502,-0.0003711726,3.980329e-05,-0.00024729164
37936000,-0.0032581985,0.0045967465,-9.799089,-0.000719828,-0.0012352389,9.831707e-06
37940000,0.002792235,-0.003976087,-9.800229,-0.0012104237,-0.0018801343,0.00048386847
37944000,0.005640215,-0.0041727466,-9.803436,-0.00058231334,-0.00085512345,-0.0002537993
37948000,0.0064009046,0.00043995815,-9.800744,-0.000408544,-0.0002658774,5.1183255e-05
37952000,0.0015858797,0.0032388277,-9.793934,0.00010521411,-0.00017831037,-0.00047100653
37956000,-0.0025302726,0.0052538295,-9.791792,-0.00027305124,0.00049715745,-0.0012586707
37960000,-0.004105746,0.0030024773,-9.796452,-0.0012453796,0.00031443467,-0.0014366803
37964000,0.0048615737,0.00016861757,-9.80246,-0.0019870624,-0.0004794485,-0.0010781848
37968000,0.0070512756,0.0026577367,-9.805745,-0.0012212273,-0.0006637128,-0.0005849668
37972000,-0.0018444911,0.00061385427,-9.802202,-0.0006450727,-0.00037232813,-0.00082733075
37976000,-0.00618339,-0.004340995,-9.8021755,-0.0005133826,-0.00011401287,0.000114544324
37980000,-0.003273976,-0.0017020801,-9.8000965,-0.00035362973,-1.0874047e-05,0.0005892866
37984000,0.0012490905,0.00087961333,-9.797213,-0.00086705823,-0.00017263765,-0.0003060012
37988000,-0.0006786724,0.0018742288,-9.798189,-0.00068518764,-0.0005748631,-0.0013092187
37992000,-0.0007112596,0.0026805687,-9.805397,-0.00020487794,-0.001178797,-0.0007033753
37996000,-0.0044275597,0.0055754064,-9.808529,-0.0004531954,-0.0015639671,0.00042886048
38000000,-0.0033628745,0.0014642209,-9.799128,-0.00053936394,-0.0005607663,-0.000103147824
38004000,-0.00093195913,-0.0022598598,-9.799082,0.000303231,0.00072080543,-0.00015337714
38008000,-0.0026244074,-0.0018992055,-9.798456,0.00058610394,0.0005139501,0.00025013371
38012000,0.0005459053,0.0006871149,-9.793848,0.00065842347,0.00033577532,0.00025676188
38016000,-0.002083006,0.001373534,-9.795658,0.00076009287,8.309528e-05,0.00052411784
38020000,-0.0044926014,-0.0035544254,-9.801743,-0.0004650625,-0.00042997938,-0.00012467003
38024000,0.0043730726,-0.0056024995,-9.799856,-0.0011164356,-0.00017849944,-0.0011326257
38028000,0.0072194133,-0.0013332809,-9.797112,-5.1763047e-05,0.00047900318,8.387782e-05
38032000,0.0016011846,0.0012554791,-9.8039,0.0002830477,-0.00012722245,0.00059234694
38036000,0.0020144512,-0.0024992288,-9.806635,-0.0003765835,-0.0011175289,-0.00019956444
38040000,0.0018832413,-0.00740712,-9.798977,-0.0002599925,-0.00048334396,0.0004080608
38044000,0.0047916607,-0.0025488767,-9.795183,0.000632166,0.00074498996,0.000670275
38048000,0.005727529,0.01070398,-9.799726,0.0006985016,0.00016450326,0.00020629156
38052000,0.0026433314,0.014390711,-9.8031,-0.0002883257,-0.0005977785,0.00013948933
38056000,0.00062059425,0.008059556,-9.8088045,-0.00033747204,0.00013703882,0.0003792109
38060000,0.0019713808,0.0005821083,-9.806083,9.986951e-05,-0.000226765,0.0009766938
38064000,0.0018225103,0.0005817503,-9.801607,-0.0006760582,-0.00013531739,0.00027211918
38068000,0.0017101588,0.0018189388,-9.803997,-0.00068695954,-0.00023571456,-0.00048575157
38072000,0.0028940148,0.0013629149,-9.800943,8.274538e-05,-0.00025519563,-0.00016931411
38076000,0.0037547115,0.004386877,-9.805906,-0.0004125098,0.0003315805,0.00040419
38080000,0.005187451,0.006854812,-9.803848,-0.000820019,-0.00050702406,-3.7426653e-05
38084000,0.001382495,0.0036263356,-9.796055,2.9239729e-05,-2.347592e-05,-0.00039830717
38088000,0.00045387045,-0.0010110737,-9.801117,0.0009749553,0.001888761,7.9719786e-05
38092000,-0.0020031082,-0.004342412,-9.797292,0.00029758876,0.0014469693,-0.00039264042
38096000,0.00037617824,-0.0061289053,-9.799904,-0.00034435157,0.00022639193,-0.00039827212
38100000,0.0027906096,-0.0011842169,-9.805734,-0.00056208106,-0.00048279748,0.0002836589
38104000,0.0042847716,0.01090405,-9.79357,-0.00076938496,-0.00063304754,9.957134e-05
38108000,0.009210783,0.016324494,-9.793282,0.00039055693,0.0005559429,-0.00059672195
38112000,0.0038693575,0.0077422257,-9.805014,0.00022867201,-0.00017397071,-0.00016375312
38116000,-0.00023465192,-0.0007424851,-9.803928,-4.977078e-05,-0.00042406312,0.0004666321
38120000,0.0002653345,0.0011923371,-9.80191,9.915621e-05,7.808769e-05,4.4665787e-05
38124000,-0.0034860915,0.006878002,-9.801842,-0.00022408593,-0.0008702731,-0.00071180076
38128000,-0.006169706,0.0013278648,-9.799086,-0.0006555742,-0.0011227223,0.00026433825
38132000,-0.004499522,-0.0018901844,-9.798573,-0.0009466949,5.5309454e-05,0.0014371016
38136000,-0.00635451,0.004256408,-9.798151,-4.1973046e-05,0.00062688946,0.0010334013
38140000,-0.010711029,0.0025070526,-9.802666,9.18573e-05,-0.00037233884,0.00032645825
38144000,-0.009149358,-0.0030691726,-9.807196,-0.00039087376,-0.00020188755,0.00021373882
38148000,-0.0042147753,-0.0032504164,-9.79943,-0.00029229405,0.0006272442,0.0004983563
38152000,-0.0016657601,0.0018987928,-9.794178,-0.0002481454,0.0004966349,0.0007006831
38156000,0.0059872335,0.0065719616,-9.80209,1.7496062e-06,0.00020931818,0.0013509297
38160000,0.012048177,0.0055803875,-9.800142,-0.00020680556,-0.00066510093,0.0010246849
38164000,0.008677453,0.0059391917,-9.793085,-0.00030687117,-9.544712e-05,-9.717882e-05
38168000,0.0021082773,-0.0035881388,-9.793869,0.00057955325,3.964178e-05,-9.42631e-06
38172000,-0.006684168,-0.008547631,-9.796713,0.0009701472,-0.001455901,5.9382444e-05
38176000,-0.006068346,-0.0072825574,-9.801876,0.00077669095,-0.00089416583,-5.4002772e-05
38180000,0.0028405986,-0.0077122557,-9.801559,0.0006649245,-8.382683e-05,-0.0008080761
38184000,-0.0017606751,-0.0023123783,-9.801613,0.00021757607,0.00022633943,-0.00068420096
38188000,-0.003102174,0.007934714,-9.80073,0.00051411556,0.0004784191,0.0010784152
38192000,-0.00024645193,0.009343298,-9.796511,0.00017334099,-0.00010064371,0.0012386411
38196000,-0.002112956,0.0006584189,-9.796118,-0.00061356137,0.00033422007,-0.00057401345
38200000,0.00012718777,0.003916228,-9.796846,-0.0008838932,0.00046378834,-0.0008283252
38204000,-0.007199581,0.0013005075,-9.799339,-0.00053299736,0.0007861593,0.00045390756
38208000,-0.0064339405,-0.00266971,-9.798148,0.00027658071,0.0005709254,0.00040488574
38212000,0.005164629,-0.0018082038,-9.797667,-0.00037743768,-0.0006757781,0.00018203186
38216000,0.0033866127,-0.0040607383,-9.802944,-0.001537188,-0.0014698608,0.00037940868
38220000,0.00509637,-0.0033321762,-9.800766,-0.0009003481,-0.001004579,0.00014109652
38224000,0.005700525,-0.010287354,-9.795568,0.00034261405,0.00043260094,1.6367609e-05
38228000,0.001476802,-0.0041254815,-9.799418,0.00043356788,0.0010511425,0.00051100046
38232000,0.0019979924,0.0035625633,-9.797106,2.4587924e-05,0.0013730237,-7.447274e-05
38236000,-0.0030451808,-0.006117745,-9.792015,0.0002277594,0.00068999885,-0.0006014958
38240000,-0.0016410365,-0.005828261,-9.79669,0.00032704568,-0.00027275283,3.8919523e-05
38244000,0.0041823033,0.0008692026,-9.802986,-0.000110057175,-0.0005226293,0.00031949973
38248000,0.0087849405,0.000877556,-9.804966,-0.0002967135,-0.0003898842,-9.58937e-05
38252000,0.0021676598,-0.0018003054,-9.803263,-0.00067905866,0.00010850816,-0.0007758561
38256000,-0.007957283,0.0037007625,-9.802033,-0.0005187953,-5.192169e-06,-0.0014147954
38260000,-0.0022125118,0.0076592434,-9.80489,0.00020409786,-0.00019689377,-0.0014265133
38264000,0.00036658044,0.007584022,-9.8032055,0.0003652098,-0.00047030597,4.7584523e-05
38268000,0.0009393819,0.004755092,-9.795185,-0.00032240836,-0.00060297386,0.0002634306
38272000,0.0015685861,0.002329414,-9.800255,-0.00057152146,0.00011360979,-0.00047436138
38276000,-0.0004743089,-0.0029189922,-9.799166,-0.00064002845,-0.0001890018,0.00043592832
38280000,0.0008035615,-0.0026144057,-9.797501,-8.950324e-05,-0.0005816929,1.4581536e-05
38284000,-0.0006665246,-0.0009201052,-9.800402,0.0005165041,-0.0007035589,-0.00075494853
38288000,-0.0009773795,-0.009319328,-9.799761,0.00049818156,-0.00075152185,-0.0010955071
38292000,0.004258992,-0.0069138957,-9.801865,0.0005609341,-7.570116e-05,-4.303065e-05
38296000,0.006399707,-0.0036738475,-9.802526,-0.0004806144,0.00054963963,0.00070558646
38300000,-0.0032943843,-0.004748749,-9.802124,-0.00079087744,0.00033847953,-0.0014714986
38304000,-0.0061110654,-0.0037823252,-9.797586,-0.00052810775,-0.00012942198,-0.0012203315
38308000,0.00090409763,-0.0039822133,-9.79652,0.00027093804,-0.00027871336,0.00025132793
38312000,0.0013151929,-0.0040904484,-9.794695,0.0007905814,-0.0009197768,0.00034988066
38316000,0.0024101883,-0.006053093,-9.793154,-1.0975662e-05,-0.0013679701,0.0006961098
38320000,0.005024843,-0.0027568692,-9.800421,-0.0008691299,-0.00017412422,0.00078783766
38324000,0.006576835,0.00065901206,-9.802481,-0.0010431305,0.0002609587,0.0006072414
38328000,0.010217461,-0.0010731661,-9.798331,0.00044612095,-0.0007467466,-0.00012315005
38332000,0.009433324,-0.0008861593,-9.794552,0.0005596933,-0.0003996011,-0.0003063454
38336000,0.0019921134,0.0029586684,-9.798678,-0.0006712447,7.043404e-05,0.00019911239
38340000,-0.00059057696,0.0038705007,-9.804834,9.165955e-05,8.432172e-06,-0.00028240724
38344000,-0.0029131845,-0.0012188773,-9.799572,0.0008662451,-0.00027960262,-0.0010482223
38348000,-0.008006499,-0.0035976537,-9.802055,0.00044857347,0.00029035492,-0.0012600307
38352000,-0.0053622066,-0.004628462,-9.804461,0.00018415473,0.0008803821,-0.0007557855
38356000,-0.0055937655,-0.0019050158,-9.801319,0.0003090256,0.00072740595,-0.00042156942
38360000,-0.004759627,0.004039791,-9.799686,0.0003161133,0.00068881054,-0.0009691016
38364000,-0.0011708076,-0.00011617981,-9.799206,0.00031613736,0.0009761112,-0.00031304618
38368000,-0.0011716887,-0.0016708077,-9.799522,0.0006841724,0.00020502158,-0.0008072298
38372000,-0.00072782784,0.005365636,-9.792864,0.0010989003,-0.0010907628,-0.0016816747
38376000,-0.0026931681,0.010434203,-9.794445,0.00036234816,0.00056159287,0.00039909725
38380000,-0.0016683476,0.003034913,-9.802948,0.0001482452,0.00045818696,0.00070396863
38384000,0.0005912746,-0.0016834446,-9.803301,0.00048029693,-0.000936509,0.00046239732
38388000,-0.00078557426,0.0018493762,-9.7975025,0.00070752023,-0.0007461048,0.0005586996
38392000,0.007075158,0.0027893789,-9.799031,0.0004473817,-0.0004989248,-0.00043368345
38396000,0.009263435,0.0037661344,-9.801811,-0.00029460536,-0.000529793,-0.00087537896
38400000,0.00043918905,-0.0021962097,-9.7983885,-0.00041230465,-0.000266701,-0.0008290042
38404000,-6.615292e-05,0.0016727429,-9.796394,0.00017787976,0.0009598965,-0.00066304556
38408000,0.0009600551,0.005028231,-9.79701,0.00030146283,0.00037714862,-0.000117078875
38412000,-0.0019263563,-0.0018586331,-9.794765,7.838396e-06,2.287881e-05,5.2086238e-05
38416000,-0.0047696903,-0.002264429,-9.79434,0.0006922494,0.00038330123,-0.0007422288
38420000,-0.003909895,-0.0018679879,-9.799385,6.7260764e-05,-0.0008355059,-0.00013901138
38424000,-0.008448148,-0.003084888,-9.798748,-0.00038528416,-0.0006313941,0.00041398703
38428000,-0.0064983703,0.0028012907,-9.797288,7.801545e-05,0.00020288758,0.00085162633
38432000,0.00068947603,0.007595358,-9.796419,-0.00026168095,0.00017536689,0.00027557786
38436000,-0.0011038012,-0.0039310926,-9.804443,0.00082260644,0.00037733422,-0.00062023615
38440000,0.00078831404,-0.005851557,-9.816653,0.000981777,0.0002096535,7.83567e-05
38444000,-0.0038593553,0.0009572765,-9.803261,-8.314953e-05,-0.00065465143,-0.0006058469
38448000,-0.0078089805,-0.004120287,-9.794858,-0.00037179876,-0.00069804373,-0.0003063908
38452000,-0.0020100318,-0.005215799,-9.804073,-0.00038457298,-0.00071949454,0.0008073092
38456000,0.0010167469,-0.0009832791,-9.807724,-0.000234989,0.000102201506,0.0002327358
38460000,0.0051546926,0.0033138916,-9.804077,-0.00031832643,0.00032626573,-0.00046147723
38464000,0.0036271405,0.0008897447,-9.800142,-0.00027294774,-0.0007726759,-7.344944e-05
38468000,0.001325046,-0.0037001113,-9.795938,-0.00035934272,0.00027875122,-0.00029196058
38472000,-0.0005996241,-9.710142e-05,-9.79337,0.00021990274,0.0011608221,-0.00026305942
38476000,0.002500496,0.010517525,-9.798017,0.001121273,-4.2429674e-05,0.0003217163
38480000,0.0026025297,0.009371394,-9.794687,0.0004007979,1.4559231e-05,0.000607134
38484000,-0.0015701178,-0.002972407,-9.787079,-0.00070050167,0.00085080153,0.00094397156
38488000,0.0017139764,-0.007765319,-9.792037,-4.5110206e-05,0.00040816466,2.6506272e-05
38492000,0.004978135,-0.010020389,-9.805735,-0.00026444288,0.0006155515,-0.00050032063
38496000,0.0031514117,-0.009816367,-9.809353,-0.00087381946,-0.0012144098,-0.00012896648
38500000,-0.0031821295,-0.0008304629,-9.811837,-0.0003648752,-0.0015534392,0.00043634276
38504000,-0.0024553936,-0.00090515474,-9.808281,0.0010963237,6.3168896e-05,0.00077381707
38508000,-0.0033306135,-0.005878417,-9.804023,0.00062038196,-0.00020328128,0.00025083814
38512000,-0.0045546736,-0.0059810504,-9.8036995,-0.00013148901,-0.00044178515,-0.00039725937
38516000,-0.0018634547,-0.0071635977,-9.795536,-0.00015329989,-4.220547e-05,-0.00026229158
38520000,0.00087710464,-0.006376011,-9.796713,-0.00053083175,0.0009047932,6.471325e-05
38524000,0.0023047007,0.0010929412,-9.808666,5.727297e-05,0.00031300096,-0.00013731557
38528000,-0.00059592776,0.0042378823,-9.808119,-0.00062150497,-0.00044928005,8.81941e-05
38532000,0.00020908786,0.00526378,-9.804067,-0.0010822515,-0.00026972895,0.00025442266
38536000,-0.0015518218,0.0010747584,-9.803875,-0.0012307037,-0.00036344235,0.00028012908
38540000,-0.00184857,-0.0024288206,-9.7994,-0.0012057003,-0.0008474732,-0.00068658224
38544000,0.0047250427,0.0024476242,-9.799,-0.00082274777,-0.0007194509,-0.0007746615
38548000,0.0019172619,0.00036336906,-9.792784,-0.00013991639,-0.00011403448,-5.979249e-05
38552000,0.0038160833,-0.0006705661,-9.793937,-0.0002232162,0.001350202,-9.47429e-05
38556000,0.010171624,0.0031495616,-9.805508,-0.0012944987,0.0014527873,0.00019738103
38560000,0.0006064951,0.0070999702,-9.803982,-0.0003768134,0.0007703592,-1.8371768e-05
38564000,-0.009161264,0.00395512,-9.798777,0.0004044837,0.0007538564,-4.6441313e-05
38568000,-0.002450099,-0.002393296,-9.800562,0.0006203598,1.8790917e-05,0.00022823628
38572000,0.0022156076,-0.0052982257,-9.805791,0.0011089355,-0.0007692446,0.00091741915
38576000,0.00086244673,-0.004015539,-9.802811,0.0012724601,-0.0008611166,0.0006607044
38580000,-0.0019912757,-0.006708106,-9.799139,0.00038013724,0.000115470844,0.00019431429
38584000,-0.0062885424,-0.0063682823,-9.797079,-0.0004639452,0.0006596177,-8.6476415e-05
38588000,-0.0069187507,-0.003372775,-9.796196,-0.00019163336,0.00028601967,-0.00054493186
38592000,-0.0032388528,8.558473e-05,-9.799301,-0.00021066301,-0.00052474125,-0.0014743577
38596000,0.005384354,-0.00082984345,-9.793253,0.00023049631,-0.0018465972,-0.0010342391
38600000,-0.0025525345,-0.005375903,-9.798384,0.00016433102,-0.000662891,0.00015103552
38604000,-0.00917249,-0.0013452818,-9.803172,9.3447125e-05,0.001170966,0.00019535857
38608000,-0.0037427633,0.002496442,-9.797247,-0.00023692289,0.00015408873,-0.00014317884
38612000,0.000379454,0.0021298684,-9.804295,-0.000708718,-0.00030995742,-9.18882e-05
38616000,0.00028207974,0.0049915793,-9.806931,-0.00060637953,0.00012980982,0.0008889304
38620000,0.0055443286,0.004900031,-9.802532,-0.00059635355,0.0004209506,0.00040566776
38624000,0.0072737723,-0.00023633074,-9.799501,-0.00028988862,0.0006007072,6.6892564e-05
38628000,-0.0018418235,-0.00089951383,-9.800911,-0.0002025866,-2.7363143e-05,0.0006600493
38632000,-0.0063097556,-0.00021574346,-9.802059,0.00067737827,-0.0001287687,-8.3845196e-05
38636000,-0.0041415486,-0.0030876885,-9.802887,0.0009792983,0.00012170779,-0.0002526996
38640000,-0.004060193,-0.006841954,-9.804342,-0.0002013405,3.162707e-05,0.0006882608
38644000,-0.005815382,-0.0025274616,-9.7995,-0.00046060784,0.00051921926,0.0004983494
38648000,0.0024565842,0.003109304,-9.79566,0.00032493562,0.000875058,0.00036622438
38652000,0.0056595923,-0.00014744428,-9.794244,-3.4403096e-05,6.743732e-05,-0.00010112015
38656000,0.002962309,-0.0034017689,-9.798413,7.8055295e-05,-0.0002626385,-0.001007764
38660000,-0.0030712131,-0.0012392866,-9.800493,0.00079478853,0.00095719553,-0.00078596355
38664000,-0.0046443427,0.0010180436,-9.794454,0.00016846601,0.0007596066,-0.0006308413
38668000,-0.0005738546,-0.00013687836,-9.79105,-0.0005243747,7.572256e-05,-0.0003376193
38672000,-0.0002836919,0.003256796,-9.801758,-0.0003372701,0.00024821638,-0.00011780034
38676000,0.003869193,-0.00075847865,-9.808704,0.00026346094,0.0008542663,-0.00014510857
38680000,0.010911515,-0.0035219016,-9.8086815,-0.00058644684,0.00027185754,-0.000108579
38684000,0.0036191987,0.0014314617,-9.810416,-0.00039710055,-0.0011358295,-0.00027220423
38688000,-0.0028926458,-0.0019678646,-9.8034315,0.0004793256,-0.00021109114,-0.0007044526
38692000,0.0028540816,-0.0026897418,-9.804953,0.00066405896,0.00020714621,-0.0009264581
38696000,0.0023597912,0.0046009202,-9.799772,-8.46616e-06,-0.0008995008,-0.00060995755
38700000,0.0034468286,0.0045511173,-9.795172,-0.0004154053,-0.00013955034,-0.00029803772
38704000,0.008510033,-5.7048048e-05,-9.805467,-0.00066672894,0.0005369265,-0.0007146778
38708000,0.0045988406,0.0023375987,-9.800533,-0.00090270094,-0.0013027105,-0.00043528946
38712000,0.0058349054,0.0023482929,-9.797123,0.0005481849,-0.0017793499,0.00077871984
38716000,0.010381829,-0.0029974438,-9.799272,0.0005593167,0.0009270813,0.0011245107
38720000,0.0027018161,0.0023071358,-9.79867,0.0007026704,0.0018507459,0.00047575939
38724000,-0.00074476394,0.009043173,-9.804016,0.00087714905,0.00030353,0.0007590596
38728000,0.0008312262,0.0054775267,-9.804758,0.00020505828,0.00036384034,0.0018850138
38732000,0.0019418271,0.0054999194,-9.7985525,0.000111065325,0.0006388697,0.0010562422
38736000,0.0017921674,0.008095103,-9.79509,7.227646e-05,-0.00055379135,0.00046860866
38740000,-0.0015151484,0.004350557,-9.793673,0.00046608888,-0.00094260636,0.00046370723
38744000,-0.0061088125,-0.00056926574,-9.79574,4.3229174e-05,0.00042653742,-0.00012257531
38748000,-0.0037666885,-0.0021368996,-9.796605,-0.00015230347,0.0005572579,0.00032424243
38752000,0.0070471093,-0.00038907173,-9.79931,0.000944388,-0.0005857269,-0.00041465086
38756000,0.009187032,0.004572827,-9.7999,0.00061445,-0.0001222909,-0.0012502472
38760000,0.0026309593,-0.00083654723,-9.79396,2.120391e-05,0.00038655507,-0.000516751
38764000,-0.00016674236,-0.0023335572,-9.80056,0.00011840469,-7.012934e-06,-0.00014349901
38768000,0.004070605,-0.0009234284,-9.803989,0.00070774416,-0.0006395977,0.0006254206
38772000,-0.0017490785,0.00312731,-9.802759,-0.00047658753,0.00060790795,0.0011453046
38776000,-0.0051997947,-0.0010320304,-9.804566,-0.00063883816,0.0011979485,-0.00020738276
38780000,-0.0019631635,-0.0070846183,-9.80089,0.0006085224,0.00017071512,-0.001356682
38784000,-0.001150501,-0.0008038133,-9.801352,-0.0004586054,0.00053443725,-0.00051989744
38788000,0.0036318088,-0.0017774465,-9.803501,-0.0006953723,0.00058785256,0.00035781224
38792000,0.0015381738,-0.004028212,-9.798584,-0.0007782295,-8.185432e-05,0.0005423838
38796000,0.0023190854,-0.0026015006,-9.802826,-0.00061463576,-0.00060811115,0.000533414
38800000,-0.00316134,-0.0010558392,-9.803156,0.0010150262,0.0005061209,-0.00019864339
38804000,-0.0046166293,0.0010369745,-9.795353,0.001203377,0.00073782355,-0.00019944392
38808000,-0.001612065,0.0013586875,-9.801047,-0.0005340663,-0.00088296167,0.00056492374
38812000,-0.005210535,-0.0039242515,-9.805849,-0.00035949127,-0.0006041028,-9.6690674e-05
38816000,0.0016943744,-0.007985371,-9.806222,6.4636886e-05,0.0004341683,-0.00015394036
38820000,0.0025128198,-0.0010297493,-9.806227,-0.00056240364,0.0001602041,0.0004261843
38824000,-0.007125802,0.0018121311,-9.799532,-0.00033118835,0.00052322337,0.0010934912
38828000,-0.007046114,-0.0054450887,-9.798243,0.00022419973,0.000683926,0.00095021946
38832000,-0.0016053687,-0.0061402214,-9.800478,0.0004374928,-0.0005462414,-0.00044187423
38836000,-0.0006918438,-0.0017426339,-9.79689,-0.00031485214,-0.0001291449,0.00027680796
38840000,0.0017124288,0.0023473152,-9.7927475,-0.000806299,0.0006504271,0.0009831323
38844000,-0.0012426245,0.00091643113,-9.795458,-0.00026954256,-0.0003609817,-0.0005959172
38848000,-0.0020811427,-0.004141044,-9.803659,-0.00015738497,-0.00081142323,-0.0011387977
38852000,9.814861e-06,-0.0026345903,-9.798334,0.00022521632,-0.0008680615,0.00033628897
38856000,0.000868631,-0.0041097864,-9.798954,0.00017869718,-0.0006934548,0.0014318575
38860000,-0.002626144,-0.003057534,-9.797966,-0.00018267252,-0.00065241434,0.001952397
38864000,-0.0050141774,0.003291738,-9.791443,-0.00044452085,-0.00093740254,0.0015195512
38868000,0.0024852038,0.0046700845,-9.797293,-0.0006860677,-0.00035860026,0.00038548687
38872000,0.0066335136,0.009924266,-9.798413,-0.0002970436,0.00021274688,-3.7736812e-05
38876000,0.008012305,0.0042174947,-9.7948265,-0.00024391527,9.7208285e-05,0.0004347997
38880000,0.0016571316,-0.0037533082,-9.797435,-0.00067436404,-0.00062661624,0.00058429636
38884000,-0.0014462179,0.003012969,-9.801311,-0.00020614002,-0.0005429099,0.00037450812
38888000,0.002408501,0.007526177,-9.798578,4.5402925e-05,-0.00047919396,-0.00021333041
38892000,0.000626625,0.0040340456,-9.791143,-0.0004799561,-3.6831585e-05,-0.000118290074
38896000,0.002193306,0.0021623098,-9.793105,-0.00026674737,0.00028757218,0.00040980245
38900000,-0.0037413447,-0.00015450841,-9.797741,-0.0003634882,-0.00033056433,0.00042428265
38904000,-0.013001084,-0.0043503596,-9.8012905,-5.9032944e-05,-0.0001472807,-1.1102841e-05
38908000,-0.008105347,-0.0034727284,-9.810158,-4.448163e-05,-0.0003550886,-0.00065595447
38912000,-0.0022592316,0.0002678419,-9.80764,-0.0008543207,-0.0005270865,-0.0002702554
38916000,-0.0074557904,-0.0037731172,-9.802911,-0.001537093,-0.00010104445,-0.00044129713
38920000,-0.0010925182,-0.0029281715,-9.801331,-0.0011887526,0.00074811274,-0.0007078194
38924000,0.005165911,0.001394333,-9.796508,0.00022267838,0.00092144025,-0.00053954235
38928000,0.005742414,0.001690876,-9.79607,5.2317278e-06,0.00039551206,-0.00034550455
38932000,0.004044124,0.0005550331,-9.795848,-0.00061435567,0.00034669664,-0.00076097617
38936000,-0.0007013178,-0.0046417993,-9.798037,-0.0005275861,-0.00030977683,-0.00076029997
38940000,0.002891884,-0.0029668175,-9.795919,-5.6550394e-05,-0.000295952,-0.00058232853
38944000,0.0004130039,-0.00016216819,-9.797381,-0.000144601,0.0009967579,-0.00030055313
38948000,-0.0022286917,0.0055287033,-9.80374,0.00062146824,0.0012057599,-0.00033675059
38952000,0.0015727539,0.0062733763,-9.799484,0.0015262726,0.00033140116,0.00017226928
38956000,0.0038213574,0.0021999676,-9.798243,-0.0003274775,-0.00018326279,0.00052011485
38960000,-0.000148769,-0.00061493926,-9.801352,-0.00070963486,-9.206715e-05,-0.0007898742
38964000,-0.0058165425,-0.0028848965,-9.800099,0.0002433284,-0.000115262774,-0.000594659
38968000,-0.0053477595,-0.0016070865,-9.796774,0.0009485089,-0.00045422232,-0.00010221243
38972000,0.0024551004,0.0051880633,-9.794891,0.00042184486,-0.000930412,-0.00071872433
38976000,0.0001738251,0.007619645,-9.794612,0.00014009446,-0.00050856103,-0.0003854514
38980000,-0.0047871065,0.0009839889,-9.80064,0.00059307483,0.00021459979,0.0002108507
38984000,-0.00798686,-0.0008810768,-9.796919,2.070532e-06,1.1558074e-05,0.0009998877
38988000,-0.014007522,0.0029868179,-9.795574,-0.0002814634,-2.7008397e-05,0.00017483902
38992000,0.0015217788,0.0050491593,-9.79978,-0.00038703205,0.0011255179,-0.00072651106
38996000,0.014179383,0.0053178477,-9.800471,0.00029187204,0.00076506037,-0.00062826474
39000000,0.004281357,0.00036994688,-9.801611,0.00060203846,-0.00084316626,-0.0010561435
39004000,0.0037189797,-0.00026706106,-9.798428,0.00030125063,-0.0014927483,-0.0002774561
39008000,0.005889204,0.00010837117,-9.799236,-0.00028820508,-0.00085068756,-6.216052e-05
39012000,-2.1629156e-05,-0.0041483208,-9.799175,0.00012752258,0.00013207537,0.00014707852
39016000,0.005105454,-0.0014101049,-9.796936,0.0006135154,0.00041204435,0.00023816076
39020000,0.00844946,-0.0033648578,-9.79987,-0.000348934,4.700932e-05,-0.00024455757
39024000,-0.0028753257,-0.005978148,-9.8029,0.00012119695,-0.00040875308,-0.0008697641
39028000,-0.0074242186,-0.0017413739,-9.796877,0.0008735361,-0.0005618708,-0.0011157758
39032000,-0.0022749535,0.005149045,-9.797508,0.0010037015,-0.00050814165,-0.0009783634
39036000,2.7024045e-05,-0.0010367924,-9.8004,0.000688242,0.00036943887,-0.0012008469
39040000,-0.0026639395,-0.0053915638,-9.799425,0.00048755118,0.00046294366,-0.0002486637
39044000,-0.0028810909,-0.0011472832,-9.793011,0.0003132251,0.0006274255,0.0001899662
39048000,-0.0014170436,-0.0012258417,-9.78936,0.00058286823,0.00034382634,-0.00010912947
39052000,-0.0023229043,0.00046326185,-9.795748,0.0013420914,-0.0001096967,0.00081515225
39056000,0.00061328185,-0.0027574631,-9.799313,0.00012041687,0.0009933027,0.000918658
39060000,0.0029868197,-0.005957683,-9.799801,-0.0007861707,0.00087634026,-0.0001947407
39064000,0.0005174075,-0.0033717267,-9.798331,-0.0005220098,0.00022316017,-0.00035183615
39068000,-0.007135549,-0.00032124182,-9.803351,-0.0005863075,0.00033577307,-6.844585e-05
39072000,-0.0016100977,-0.0028548094,-9.806305,0.00013001765,9.2680035e-05,0.00043553067
39076000,0.0046071266,0.002937272,-9.801327,0.0001972977,1.8645622e-05,0.0005918209
39080000,-0.0065352097,0.009509996,-9.79933,0.00010962795,0.00020246641,0.0005736311
39084000,-0.007025577,0.0020536752,-9.802639,-0.00036491413,0.0014137815,0.0006611369
39088000,-0.003722999,-0.0041348157,-9.80147,-0.00048717886,0.0012802773,-0.0005647821
39092000,-0.00275511,-0.0041967714,-9.806616,0.00011542856,-0.00032082293,-0.0001951298
39096000,0.000369529,-0.0024316576,-9.807505,-0.0003869684,0.00031605878,0.0007932278
39100000,4.5149092e-05,0.00038415173,-9.796716,-0.0008412117,0.0009794089,-9.4438125e-05
39104000,-0.002278087,0.005283096,-9.794924,-0.0009166087,0.00021006897,-0.00093746703
39108000,-0.00797968,0.0049118325,-9.79793,-0.00034100108,0.00023541244,-0.0005456542
39112000,-0.0005031177,-0.0042257695,-9.803524,-0.00015345069,0.0002634991,0.0006864354
39116000,0.012815263,-0.0043710885,-9.805302,-0.0006063344,0.00026585534,0.00047233034
39120000,0.007975654,0.0016816792,-9.797592,-0.00039746996,0.0012663886,-0.0011139585
39124000,0.0017846617,0.0011878213,-9.797304,-0.00040375782,2.4791028e-05,-0.0015203092
39128000,0.008085355,0.00089560973,-9.801117,-0.0005681013,-0.00060598535,-0.0007946948
39132000,0.003853062,0.0034463613,-9.802958,0.000110974994,0.00023658627,-0.00060452113
39136000,-0.0043065064,-0.00084084517,-9.802052,0.0007619109,-0.00029776432,-0.00063781004
39140000,0.0032823018,-0.0015257609,-9.798989,0.00069776614,-0.0005321814,-0.00026679452
39144000,0.0030459461,0.0043342677,-9.801451,0.0009278578,-0.0006917913,-0.0002686524
39148000,-0.0039964453,0.0034423107,-9.804966,0.0006747856,-0.00077031564,-0.00037481633
39152000,0.000649245,-0.00016542425,-9.794932,0.00043917462,-0.00051803037,-0.00027738648
39156000,0.0014670432,-0.00087901525,-9.792969,0.00051750854,-1.323707e-05,-0.00020249089
39160000,-0.0019540729,0.0013288367,-9.805761,6.578538e-05,-0.00081470754,0.00010404034
39164000,-0.002308338,0.005396492,-9.807407,0.0004970556,-0.000735675,0.00018394881
39168000,-0.0013794781,0.008259406,-9.799726,0.0005447173,0.00022823112,0.0001235434
39172000,-0.003189065,-5.6669003e-05,-9.798428,0.0001265841,-0.00018717509,5.250322e-05
39176000,-0.0038680732,-0.003630633,-9.804378,0.00091887586,-0.0006779185,-0.0006096391
39180000,0.0015028353,0.002861456,-9.798196,0.00018213541,-0.0010902705,0.00027431388
39184000,0.00034457084,0.0086798165,-9.793685,-0.00056310475,-0.00031679735,-3.2766222e-06
39188000,-0.0018518503,0.007209964,-9.795898,7.932446e-05,0.0004909364,-0.0006390388
39192000,-0.00720358,0.0018651547,-9.795496,0.00028166882,-0.0005900255,0.0005319497
39196000,-0.0069005117,0.0010699932,-9.793882,-0.0004323671,-0.00067938206,-0.00012680254
39200000,-0.0020445585,-0.0048676836,-9.796181,-0.00068829174,9.065811e-05,-0.0006201135
39204000,0.0018736637,-0.0056101335,-9.798082,0.0004939282,-0.0002099506,-0.00082814775
39208000,0.00088534865,7.478019e-05,-9.799083,0.00036985264,-0.00041746703,-0.0009771053
39212000,0.002546526,0.004430253,-9.80198,0.00036058688,0.00023788653,0.0001111288
39216000,0.0051232865,0.0036890942,-9.799828,0.000672964,0.00034175877,-0.0005674447
39220000,0.005010161,0.0015825982,-9.7962,0.00020101726,-0.00031747125,-0.0009130934
39224000,0.004804148,0.002237819,-9.795135,0.0003224973,-0.00031600424,-0.00059481437
39228000,-0.00019566501,0.0013307113,-9.793796,0.0004589447,-0.00035589308,-0.00014516032
39232000,0.0017032961,0.0008961397,-9.794373,-0.00018074099,0.00012362168,0.00012807403
39236000,0.0001551985,0.001018287,-9.79986,-0.00064047275,0.0001779282,0.0005183765
39240000,-0.0015673768,-0.0028663382,-9.800506,2.3323126e-05,0.00019996255,0.00082663813
39244000,0.00073692756,-0.00984057,-9.801339,0.00024556054,0.00025903241,-0.0006712031
39248000,0.0019466474,-0.001197505,-9.810064,0.00011092739,0.0002727329,-0.0006422446
39252000,-0.002047705,0.002753658,-9.807764,-0.0004173648,0.001056262,-0.00024105325
39256000,-0.003122613,-0.002419306,-9.8048,-0.0005501684,0.0005690801,-7.446581e-05
39260000,-0.00018851337,-0.003844552,-9.802244,0.0003968029,0.00033460488,0.0002567014
39264000,-0.005228044,-0.004692009,-9.799031,0.0007168185,0.0006219002,0.00012565982
39268000,-0.0034904955,-0.0007254127,-9.792032,0.0005216906,-0.00014755112,-0.0002936889
39272000,0.002405819,-0.0010726379,-9.785566,0.0002913473,-0.0010629568,0.0006582734
39276000,-0.0041090613,-0.0015447742,-9.796377,0.0012298774,-0.0012992861,0.0007466209
39280000,-0.009297935,0.0007391417,-9.801197,0.00066755543,-0.0006371532,-0.000543778
39284000,-0.006372749,0.0019515357,-9.801306,-0.00012643516,-3.180949e-05,-0.0005352298
39288000,-0.003283976,0.0014418139,-9.797745,0.0005772434,0.0005390813,0.0009065007
39292000,0.0038459701,0.0002599708,-9.797989,-0.0002731454,0.0006391541,0.0011738314
39296000,0.0047845803,0.0026623704,-9.800327,-0.0009117096,-0.00041117732,0.00072656665
39300000,-0.0036501877,0.0022862474,-9.80099,-0.0004275664,-0.0003787215,0.0005539442
39304000,-0.0036227226,-0.0044574887,-9.799719,-0.00012522547,-0.00012625333,-1.56803e-05
39308000,-0.0010527802,-0.005204511,-9.795491,0.00029120746,4.079677e-05,9.668936e-05
39312000,-0.00093146006,-0.0002504731,-9.799587,-0.0002903902,0.00060627854,-0.00053789676
39316000,0.0008288639,-0.003125159,-9.800047,-0.0007783193,-0.0006372353,-0.0006113973
39320000,0.0010577065,-0.011332994,-9.801754,-0.00067633815,-0.00090793846,-0.00018208796
39324000,-0.0019734188,-0.006736031,-9.800335,-0.0010987654,-8.71433e-05,0.00018167036
39328000,0.0020774838,0.0047351914,-9.80072,0.00025360705,-0.00027351125,0.00020476518
39332000,-0.001191275,0.002159451,-9.797623,0.0012474002,5.8561658e-05,-0.00045801073
39336000,-0.012429148,0.00045472974,-9.789141,0.0007290217,0.000718125,-0.0007083886
39340000,-0.001367124,0.0037028478,-9.80191,0.00038692018,0.00091189746,-0.0018287412
39344000,0.008761084,0.006969554,-9.811269,-0.0007381835,0.0007380523,-0.0013270654
39348000,0.0026005816,0.007410731,-9.806179,-0.0008571198,0.0005689594,-0.0002538497
39352000,-0.0029094215,0.004012726,-9.803612,0.00033541975,0.00022764022,-0.00010759411
39356000,-0.0032271347,0.0009911855,-9.8018,0.00076803885,0.0004619556,-0.00021690615
39360000,-0.0008830705,-0.0042599863,-9.796504,0.00063471886,0.00044570366,-0.00039653553
39364000,0.0041470043,-0.005610727,-9.798511,0.00025766014,-0.00011638758,-0.00030266843
39368000,0.004790654,-0.0026544752,-9.80537,0.00010488616,0.00052375504,-0.0008742983
39372000,0.0016249102,-0.002714998,-9.801348,0.00062503025,0.00014746837,-0.00030994642
39376000,5.9242717e-05,-0.0044459524,-9.798276,0.00026314272,-0.00050582667,0.00090111815
39380000,-0.0055425116,-0.004871583,-9.801419,-0.00019828278,-3.8396876e-05,0.0013179728
39384000,-0.0047982037,-0.0033216726,-9.802474,4.6361256e-05,-0.00033137228,0.00028400472
39388000,-0.0050971503,0.0017353167,-9.802437,1.40989505e-05,-0.00039901628,-0.00034929634
39392000,-0.008290956,1.1687272e-05,-9.797637,-0.00042279687,0.00054101186,0.00019484434
39396000,-0.0034062753,-0.00068171095,-9.799236,-0.0007928547,0.00070160243,0.00010187887
39400000,0.0015276083,-0.0025169754,-9.8074045,-0.0002791253,-0.00048671922,0.0001550051
39404000,0.0005771818,-0.009356808,-9.802961,-0.00061085797,-0.0007844252,-6.21348e-05
39408000,0.0015739622,-0.001713651,-9.797566,-0.00076310895,-0.0006656624,-0.0005033313
39412000,-0.0007288448,0.0031894618,-9.794643,-0.0009083238,-0.00021067428,-0.0005351668
39416000,-0.007965428,-0.0060771364,-9.795816,-0.0008347498,0.0013897121,-0.00097297074
39420000,-0.0013790051,-0.007515843,-9.800281,5.7227344e-06,0.0017344041,0.0002658823
39424000,0.0062000197,-0.0011904658,-9.804829,-0.0002843244,0.00061444554,0.0011910389
39428000,0.0026179177,0.0008420334,-9.807598,-0.00058347,0.00034447617,0.00017842276
39432000,0.0003069366,0.005794426,-9.799744,-0.00085152604,4.9688875e-05,0.0008638368
39436000,0.0032569263,0.005686629,-9.793339,-0.00027344443,0.00016985097,0.001273473
39440000,0.0069053536,-0.004285044,-9.790667,0.00037305488,-8.391719e-05,0.00036372285
39444000,0.008143412,-0.005976371,-9.790573,-0.00013647751,-0.00023417675,-0.0006913343
39448000,0.008626581,-0.003856631,-9.79673,-0.0014636632,0.0008570493,-0.00091209833
39452000,0.0067331027,-0.0048698094,-9.797857,-0.0013733212,0.0010580485,-0.00038894312
39456000,0.00039609525,0.0015646737,-9.80443,0.000118391,0.00015168615,0.00020853059
39460000,0.0035645799,0.005048376,-9.806503,0.0007724963,-0.0006809275,-0.00035923132
39464000,0.004706716,0.0008467933,-9.798187,0.0009743544,-1.7109458e-05,-0.0005861182
39468000,-0.0055068093,-0.005674515,-9.793726,-0.00023842375,0.00035521475,0.00030672373
39472000,-0.007125071,-0.002222716,-9.79387,-0.00050080614,-0.00091711595,9.496779e-07
39476000,0.0035948153,0.0052336706,-9.802686,0.00041133168,-0.0007031674,7.144687e-05
39480000,0.0043305773,0.0013099442,-9.802717,0.0001429613,0.00060583866,0.00033245946
39484000,-0.0075755166,-0.0057530627,-9.79908,-0.00011947476,0.00014385367,0.0009824543
39488000,-0.0120646525,-0.0036922488,-9.801113,0.0008646774,-3.5011704e-05,0.00041477694
39492000,-0.005829472,0.0034185988,-9.801857,0.0010195062,0.00046869024,-2.109564e-05
39496000,-0.005275495,0.0007725106,-9.799652,0.0006196234,0.0012921024,-0.00041221175
39500000,-0.00438902,-0.005367508,-9.794767,0.00018343875,0.0015449558,-0.00059561187
39504000,0.0006563361,-0.00045302484,-9.792751,-0.00016279274,0.00060821016,0.0009546623
39508000,-0.0018856038,0.0027679277,-9.802876,1.20986515e-05,-0.000414995,0.0014985455
39512000,-0.005784356,-0.012652021,-9.808517,0.00047989067,2.403791e-05,-7.868949e-05
39516000,-0.002873294,-0.009126072,-9.801126,0.0010155923,-0.00025062865,-0.00085737376
39520000,0.00069201435,0.0037191226,-9.800812,0.00026229688,-0.0006051359,0.00011688621
39524000,-0.000119796256,0.0020061636,-9.804429,0.00016277672,-0.00053024554,-0.00015585028
39528000,-0.0011240215,0.004697429,-9.7992325,0.00027120483,-0.001365676,-0.0007198978
39532000,-0.004206619,0.003032255,-9.796684,-0.00071543636,-0.0006618704,-0.00058488606
39536000,0.00288002,-0.0001191462,-9.794977,-0.0012340909,-0.00015185622,1.4793356e-05
39540000,0.009321696,0.0035792876,-9.795721,-0.00045866487,-0.0005070574,0.0005177456
39544000,0.0028655878,0.0071701026,-9.8002615,-0.00034631038,-0.00022002733,-0.00013141433
39548000,0.00081470725,0.007639578,-9.803652,0.0002259263,-0.0003308307,-6.574754e-05
39552000,-0.0020288755,0.0054300027,-9.805833,0.0003676785,-0.00062076683,-0.00026393094
39556000,-0.0012933118,0.00084329216,-9.799078,0.00018966313,-0.00045198228,-0.00050123996
39560000,0.0038600944,0.0023203504,-9.797054,0.0008562553,0.00036691848,-0.0004183295
39564000,0.001994566,0.0024543416,-9.800177,0.0006789646,0.00086227903,-0.0009706539
39568000,-0.0031950932,-0.0026748439,-9.795897,0.00042261573,7.600752e-05,-0.00010599022
39572000,-0.0063438034,-0.00010221763,-9.794216,-7.363458e-05,-0.00070158165,0.0010533502
39576000,-0.0017815786,0.0021040898,-9.796601,0.00027077665,0.00041487082,0.00015995189
39580000,0.0006917018,-0.00059943955,-9.798506,0.001132109,0.0014253072,6.982695e-05
39584000,0.00027619686,0.00029152844,-9.802942,0.0009151998,0.0008299033,0.0008908489
39588000,-0.0054712924,-0.0039151846,-9.80052,-1.9868367e-05,0.00037088164,0.000100690006
39592000,-0.0052893595,-0.0043302584,-9.803497,-0.0004912071,0.0006773554,5.9720533e-05
39596000,-0.0034925141,-0.002228371,-9.8086,-0.0001495337,-5.7337555e-05,0.00019982552
39600000,-0.004545928,-0.0017219731,-9.800785,6.0166272e-05,-0.0017094737,-0.00031264772
39604000,0.0021879193,-0.0005367759,-9.801168,7.2541945e-05,-0.0008833631,-0.0007415437
39608000,-3.960589e-05,-0.002391309,-9.797868,-0.00090270356,-0.00022628681,-1.9374058e-05
39612000,0.0016895647,0.0018097825,-9.794481,-0.00036804864,-9.226573e-05,0.000529721
39616000,0.0053788265,0.005491642,-9.794775,0.000102749036,0.0010785505,0.00014889629
39620000,0.001778945,0.0013329191,-9.792713,-0.0010560788,0.00064534374,-0.00078957545
39624000,-0.0039139227,-0.0002383306,-9.798496,0.00035327367,-0.00017563018,-0.0012583716
39628000,-0.0046993983,0.0041781575,-9.793584,0.0005602809,0.00010661061,-0.00019043457
39632000,-0.0031403033,-0.0009916874,-9.791013,2.0518337e-05,-0.0005015261,0.00066520774
39636000,-0.0073011136,-0.00041682457,-9.793682,0.00040542454,0.00019353234,0.0005517307
39640000,-0.0010758692,0.0065997876,-9.798284,0.00022074587,0.0008628426,-0.00053519104
39644000,-0.0018192464,0.0029394708,-9.801473,0.00035459132,0.0006018452,-0.0006530669
39648000,0.0019014482,-0.0053963554,-9.799892,0.00014102836,0.00034797215,0.00010792929
39652000,0.013241943,-0.0074162283,-9.803547,-0.00031566856,8.546555e-05,0.00022805505
39656000,0.010462691,-0.003116196,-9.803244,-0.00039881846,-9.588598e-05,-0.00020518346
39660000,0.0009207652,0.0006950407,-9.80271,-4.8374546e-05,-2.9279801e-05,-9.775696e-05
39664000,-0.0058731884,-0.0015440659,-9.804445,-0.00018006173,0.00038007472,0.00087121164
39668000,-0.0011222748,-0.006004327,-9.802284,-0.0008140172,6.741362e-05,0.0012890521
39672000,0.0052648704,-0.00041581495,-9.800653,-0.00015830391,-0.0005980263,0.00068091764
39676000,-0.00093485496,0.005752418,-9.802617,0.00045958813,-0.00016139503,0.000854258
39680000,0.0005932996,-0.004613028,-9.804544,0.0005757483,-0.0003222792,0.0013951949
39684000,0.01043536,-0.0082102185,-9.800693,-0.0003759896,-0.0010372291,6.3799434e-06
39688000,0.0062324395,-0.0018619349,-9.795662,-0.0012380468,-0.00061935675,0.00041514362
39692000,0.008382379,-0.0047708745,-9.793545,0.0002706973,-7.946656e-05,0.0005737236
39696000,0.0104894405,-0.0026925963,-9.796129,0.0011714235,0.00063045655,-0.0003471224
39700000,0.004766776,-0.0024099294,-9.798515,0.0009340048,-0.0001701424,0.00048632678
39704000,0.002835933,-0.0047587594,-9.799368,0.00072567107,-0.00022054065,0.0005327135
39708000,-0.0027772803,-0.001878923,-9.804022,-0.0008265088,0.0010729004,0.00019501669
39712000,0.00082442735,0.0048625264,-9.803224,-0.0012951001,0.00073979516,0.0013321724
39716000,0.0037681928,0.0068319696,-9.800433,-0.0003928318,0.00019355626,0.00076033996
39720000,0.0027758214,0.0031816463,-9.803474,-0.00042751612,0.00012670118,-0.00015563348
39724000,0.0012577111,0.00021773005,-9.802687,-0.0005862408,0.0001233886,0.00017781765
39728000,-0.0010597857,0.0019837567,-9.806931,-0.0009604305,-0.00031759392,-0.00017493533
39732000,-5.9358666e-05,0.0049587255,-9.8101425,0.0001642957,-0.0012200193,-5.5532928e-05
39736000,-0.0003621808,-0.0035684109,-9.804901,0.00074668473,-0.0007374743,0.00050654734
39740000,0.0019179625,-0.0068378644,-9.80343,-0.00012680714,0.00083114294,0.0001538468
39744000,0.0026416774,-0.0059417645,-9.805437,0.00062855193,0.0008103762,-0.0007492488
39748000,0.0045008576,-0.009818812,-9.796824,0.0010440947,-9.851345e-05,-0.0004795072
39752000,0.0040417323,-0.0031978935,-9.791325,-5.6574023e-05,-2.1564561e-05,-0.00064043875
39756000,-0.0015173336,0.002738471,-9.8021555,-0.00033820848,0.00010875654,-0.00010115312
39760000,-0.0014926047,0.005911014,-9.803623,6.537296e-05,-0.00018921644,-0.00011988399
39764000,0.0026441514,0.005416948,-9.805495,0.00039807206,-8.500122e-05,-0.00091387937
39768000,-0.004964954,-0.0022120164,-9.812082,-0.00015636011,0.0008084017,-0.00041387408
39772000,0.0019481565,-0.007078147,-9.806875,0.00047892597,0.00043369955,-0.0001825225
39776000,0.008567113,-0.004398421,-9.802259,0.00092996913,0.0003259539,-0.00026267648
39780000,0.0029337048,-0.0009926461,-9.808202,-0.0005179825,-9.4450945e-05,-0.0011355447
39784000,0.0018442753,0.0026430958,-9.811081,-0.00046174604,-0.00081899244,-0.0014653112
39788000,0.0012898115,0.0032108228,-9.80529,0.0004112864,-0.00021446655,-0.00030279273
39792000,0.0057005016,-0.00083099713,-9.798971,-9.1658156e-05,-0.00021208983,0.0006200409
39796000,0.0044048447,-0.0006438017,-9.799786,-0.0008695888,-0.0005358198,8.424324e-05
39800000,-0.0028821668,-0.002334241,-9.801584,-0.00046515957,-0.0009532925,-0.0007696653
39804000,-0.0042691366,0.00088787475,-9.801339,-0.0003079092,-0.0008263108,-0.00017537415
39808000,0.0034562594,0.0024902918,-9.803084,0.0007968733,-4.1325893e-05,0.00023736834
39812000,0.0046351445,0.0010625066,-9.799113,0.001384414,-0.00013605008,-0.00038304794
39816000,0.0040320596,-0.0009981907,-9.795222,0.0012636506,0.00022037349,-0.0008013397
39820000,0.007594007,-0.004236857,-9.797159,-0.00020118995,0.00059738214,-0.000252732
39824000,0.01210721,-0.0051577464,-9.797113,-0.0006283404,2.3508888e-05,-0.00023454316
39828000,0.009433181,-0.0028375383,-9.79692,0.00049866905,-0.00021040143,0.00019644982
39832000,-0.0020290017,0.004121235,-9.797596,-0.0007515776,-0.00028966996,-0.0005921812
39836000,-0.009489994,0.0020743294,-9.802095,-0.0009977967,-0.0003636759,-0.00059850106
39840000,-0.0039876504,-0.0020679962,-9.801846,-0.0010055634,9.6166135e-05,-8.332612e-05
39844000,0.0045681745,0.0004856596,-9.7907505,-0.00078864954,0.000708958,-0.00075761706
39848000,-0.0038404523,-0.0063076355,-9.788517,-5.4894605e-05,0.0009672541,0.0008502273
39852000,-0.0030140853,-0.009180881,-9.801886,0.00034142454,0.0001614919,0.0007773277
39856000,0.0031004758,-0.0017085377,-9.8055725,-0.00020248488,3.4782246e-05,-0.0005751009
39860000,0.00022575146,-0.0033184788,-9.793144,-0.0006366566,0.00045287385,0.0003132597
39864000,0.0008218847,-0.0074510197,-9.800349,-0.00062185945,0.00029861543,0.0007994419
39868000,0.0013125008,-0.00012652486,-9.804064,-0.00083778676,0.00069523265,0.00040116505
39872000,0.003368596,0.007090469,-9.799196,-0.0017948374,0.0001692139,4.0298095e-05
39876000,0.0055014724,0.0042687543,-9.80493,-0.0019912308,-7.7061806e-05,7.430102e-05
39880000,0.0025637718,0.00031864,-9.806677,-7.7592784e-05,-0.000101369566,-0.00028382268
39884000,0.0024333186,0.000909376,-9.805744,8.346017e-06,0.000114857285,-0.0004994987
39888000,0.005656993,0.0033911432,-9.804415,-0.00035364725,0.0006659533,-0.0008967762
39892000,0.0001994234,0.0022995474,-9.801439,0.00061510416,0.00022234894,-0.0010136485
39896000,-0.0027162954,0.004797762,-9.8011055,0.0003737033,0.00011576968,0.0002210794
39900000,-0.0023728511,0.006465214,-9.802759,-8.014672e-05,-9.9837074e-05,-0.0002082238
39904000,-0.003936333,-0.0025679837,-9.8015585,0.00038135322,-0.00038721523,-0.00085638836
39908000,-0.0032981988,-0.0017513979,-9.802429,0.00047024727,0.00040855963,-0.00047020213
39912000,0.005918567,-0.002120676,-9.796951,0.00045203758,0.0013423701,0.00015385661
39916000,0.0015209201,-0.0071791485,-9.794649,0.0007219218,0.0006624899,6.840834e-05
39920000,-0.0053596203,-0.0021851384,-9.800309,4.518111e-05,-0.00021838574,-0.00082793593
39924000,-0.0034901635,-0.0022814975,-9.802914,0.0006062872,0.001355517,-0.0006612296
39928000,-0.00565372,-0.0011984891,-9.803127,0.0017966508,0.0020341654,-0.0002645557
39932000,-0.004157589,0.006485244,-9.798157,0.00088129734,3.87454e-05,0.00037132372
39936000,-0.007780954,0.0051689483,-9.796265,-1.7651959e-05,-0.0011218339,0.00093352457
39940000,-0.0036986687,0.0018582908,-9.800768,2.7904525e-05,-0.0008492627,0.0012068321
39944000,0.0030509587,-0.0006863271,-9.802107,0.0001563715,-0.00068195566,0.0008142601
39948000,0.0031739539,-0.0063570817,-9.804561,-0.0006545548,-0.00035082418,-0.00010527353
39952000,0.0056598764,-0.0027915898,-9.805047,-0.0010473178,0.000101994585,-0.00055173226
39956000,0.0067246035,0.0021555633,-9.801042,0.00019446586,-0.00014748248,-0.00022208567
39960000,0.003023012,-0.0023593956,-9.799965,0.00062648545,-4.4099757e-05,-0.0004337944
39964000,0.008418433,-0.007185542,-9.802401,-0.00010953248,0.0008354506,-0.001465894
39968000,0.010320365,-0.0032627098,-9.802403,-0.00019714939,0.00022705023,-0.00045207352
39972000,0.0023326748,0.0014058562,-9.795649,-0.00064960436,-0.0008719169,0.0006016763
39976000,-0.0016152814,0.0064898133,-9.791359,0.00030927794,3.9380953e-05,0.00029566116
39980000,-0.002097884,0.0044853953,-9.79684,0.0007754757,0.000457561,0.0001203701
39984000,-0.00013651513,-0.000576365,-9.79615,2.817455e-05,-0.00018002329,0.00034446747
39988000,0.004060883,0.0069144242,-9.80159,0.00023651167,-0.0015261241,0.00037789604
39992000,0.0003491771,0.004942184,-9.811241,-2.7372802e-05,-0.0018825985,0.0007691858
39996000,0.0012628369,-0.0035725995,-9.811501,-0.00029069427,-0.0012311182,0.00085337873
40000000,0.002407528,-0.0030321656,-9.806666,-0.00046763726,-0.0011823007,0.0009481515
40004000,0.00020237968,0.0045657144,-9.80702,-0.0006002375,-0.0012412305,0.00037949366
40008000,0.0048789578,0.0062538753,-9.808105,-0.000989381,-0.00077953143,-0.0004498028
40012000,0.002175995,2.5158588e-05,-9.798974,-0.0006230672,0.00056022295,0.00063959137
40016000,0.0012204006,-0.0034369787,-9.798439,0.0009867435,0.0007303747,0.0010253632
40020000,0.0013312988,-0.00088533986,-9.792578,-7.239084e-05,0.00039610986,0.00053037517
40024000,0.0032767165,-0.000116402065,-9.791735,-0.0011037124,0.0008777163,-1.680424e-05
40028000,0.003284905,-0.0072000865,-9.803777,0.0002631025,0.0010868046,-0.00092186197
40032000,-7.420595e-05,-0.009967397,-9.8053875,-8.133901e-05,0.0009584271,-0.00097351405
40036000,0.0037169883,-0.004630568,-9.805859,-0.00047814354,0.0010531365,-6.5340646e-05
40040000,0.004487584,0.00055788195,-9.804157,-0.00053256575,0.0001328983,0.00025857586
40044000,0.0049645547,0.000919548,-9.796299,0.0003773799,-0.000989723,1.1914515e-05
40048000,0.004406637,0.0011076886,-9.797152,0.00081232795,-0.00040522887,-0.00036582403
40052000,0.0027539586,0.0015891013,-9.798859,-0.00022033986,0.0005606123,7.0766764e-05
40056000,-0.00373542,0.0034928056,-9.7986145,-9.363594e-05,0.0006157773,0.000458762
40060000,-0.011994941,0.00025246566,-9.801353,0.00042448603,0.00028347032,-0.00048449237
40064000,-0.00609625,-0.0041470197,-9.799946,0.0006740168,-0.00020557227,0.00029809875
40068000,0.0001798769,0.0009780576,-9.799055,-9.55885e-05,0.00044002105,0.0012687381
40072000,-0.00201183,-0.0017753756,-9.797793,-0.00050323276,0.0010074342,0.00088990136
40076000,-0.009535395,-0.0044757975,-9.795715,0.0004023879,-0.00040186927,0.0005626583
40080000,-0.0025414457,-0.0022945409,-9.798197,0.00058861345,-0.0016407379,-0.00021825773
40084000,0.0069044065,-0.0030722315,-9.801638,0.00019014813,-0.00066171563,-0.0005365411
40088000,0.001312349,0.00012576398,-9.806176,0.00093193335,0.0006551419,-0.00080577505
40092000,-0.0023488747,0.0011365124,-9.807785,0.00021494532,-0.000100643876,-0.0006288499
40096000,0.00061922835,0.0070947893,-9.803577,-0.000818631,-0.000693758,0.0004773068
40100000,0.0024717387,0.0090810405,-9.808928,6.1986546e-05,3.5473244e-05,0.00034051767
40104000,0.0036442475,-0.001722105,-9.802877,0.00081283465,0.00021008463,-0.0004407593
40108000,0.0012810703,-0.006680359,-9.789722,0.000104208535,0.00022367579,-0.00022025678
40112000,-0.0015810524,0.0008975413,-9.791403,-0.0004441382,0.00043601487,0.0004890728
40116000,0.0024434181,0.0018559188,-9.798996,-0.0003048984,0.00041914184,0.0005460833
40120000,-0.0047763847,-0.00414912,-9.801162,0.00028131154,-0.0003556476,6.128157e-05
40124000,-0.0050469046,-0.002798561,-9.793615,0.0014221192,-0.0011666062,-0.0004232706
40128000,-0.0016404972,-0.007272711,-9.792803,0.00046560148,-0.0009777767,-0.00029615866
40132000,-0.004635558,-0.0108402325,-9.795662,-0.0008381601,-0.00037354,-0.0006793092
40136000,0.0004074216,-0.002758211,-9.799696,7.301186e-05,0.00014005149,-0.00094196806
40140000,0.0032829577,-0.0033844667,-9.802889,0.001183767,0.000955508,-0.00029896796
40144000,0.002108528,0.00030609657,-9.800543,0.00035894924,0.0012112282,-0.00024637187
40148000,-0.004706648,0.0032266409,-9.793039,0.00025758156,-0.00014082536,-0.00094145385
40152000,-0.007544386,-0.0040587396,-9.796007,0.0005686408,-0.00072124787,-0.0005715641
40156000,-0.000876611,-0.0038975782,-9.804155,-0.00020660281,-0.0008444572,0.0002452443
40160000,0.00015145971,-0.0017066183,-9.796984,1.9456282e-05,-0.0002533825,0.0005142536
40164000,0.0010525271,-3.0446663e-05,-9.796936,2.554321e-05,0.0012574798,0.0005530095
40168000,-0.0056290515,-0.001898603,-9.798403,-0.00065294234,0.0004977881,0.0003833794
40172000,-0.0044389823,0.0013377678,-9.798254,0.00014686624,-0.0001458532,0.00082205306
40176000,0.009388406,0.0016430286,-9.803156,0.0008994218,0.00067975244,0.00036106573
40180000,0.0064987,-0.0034111086,-9.8011265,0.0010632984,0.00053557876,0.0002695349
40184000,-0.0009779632,0.00082593056,-9.798912,0.0009538038,0.00082555716,-2.5961765e-05
40188000,-0.0071229297,0.0059536374,-9.801277,0.00032778218,0.0015704493,-0.0009767048
40192000,-0.004941405,0.0008235631,-9.803442,-0.0005094916,0.00073581905,-0.00048743407
40196000,-0.0023284915,0.0055923094,-9.802807,-0.0006823223,-0.000817554,0.00046412466
40200000,-0.0031762305,0.006927165,-9.7972355,-0.0006885461,-0.00064772414,0.000437882
40204000,0.0013915565,0.0029115158,-9.795105,-0.000599711,-6.1267914e-05,8.206386e-05
40208000,0.0052331127,0.009379345,-9.798851,-0.0002633358,0.000117093805,-0.0011388775
40212000,-0.0043778233,0.0051465523,-9.80226,0.00023992149,0.00061494403,-0.0019690297
40216000,-0.005469933,-0.00011459771,-9.804343,0.000575105,0.0005838841,-0.0006466291
40220000,0.0024799812,-0.0026953884,-9.801385,0.00017607183,9.9484576e-05,0.00044760504
40224000,-0.0028231204,-0.0046530226,-9.800314,0.00039240965,-0.0007521493,0.0008537666
40228000,-0.004626626,-0.0051620817,-9.802238,-0.00050883926,0.00025815686,-0.00026211905
40232000,0.0028332793,-0.00028501157,-9.803572,-0.0014214874,0.0008907383,-0.001700216
40236000,0.0022049872,-0.0011806567,-9.796826,-0.0010969604,-0.00015189315,-0.00040685327
40240000,-0.003255155,-0.0035570806,-9.800369,0.00013924857,-0.00079469103,0.0002988183
40244000,-0.0012466941,-0.00023689202,-9.80615,0.00083505677,-0.0007779333,-2.2813538e-05
40248000,0.004687198,0.0038299796,-9.798916,0.00014314835,-6.19383e-05,-0.00014714057
40252000,0.008189002,0.006097107,-9.799316,-0.00024319286,0.00018354869,0.00011358792
40256000,0.0018361927,0.006193724,-9.802644,0.00034331158,-0.000234783,0.000479451
40260000,-0.0010091609,0.0062985155,-9.806288,0.00051520724,9.252758e-05,-0.00046634919
40264000,0.0019453167,-0.0017579552,-9.798308,0.00041872007,0.0005385079,0.000724379
40268000,0.00102559,-0.010410146,-9.794579,0.00094112457,0.0004609239,0.00085124595
40272000,0.0011900523,-0.0086867185,-9.803664,0.00032764545,-9.353213e-05,0.00028132543
40276000,0.0046768244,-0.0064024213,-9.808533,-0.00034340928,-0.00051642774,0.0007957443
40280000,-0.0017925964,-0.007099609,-9.805607,0.00047822914,0.00025832895,0.00016068983
40284000,0.0021105958,-0.0046579693,-9.80055,0.0012090893,-3.932308e-05,-0.00053896726
40288000,0.0059887115,-0.0040095346,-9.800876,0.00063727505,-0.00012155662,-0.00085399597
40292000,-0.005025865,-0.004838325,-9.806105,-0.00010251902,0.00070383865,1.5889978e-05
40296000,-0.003918097,0.0015891092,-9.80751,-0.001192704,0.0011068784,0.00011163613
40300000,0.0039413734,0.004929783,-9.803103,-0.00059591664,0.0015793542,-0.00021714659
40304000,0.007185379,0.0059091654,-9.804638,0.00020903311,0.0011951436,-0.00016362846
40308000,0.0057045147,0.0031556787,-9.802517,-0.0005537375,0.00019626017,0.0005548356
40312000,0.011130591,-5.83433e-05,-9.797952,-0.0001381163,-0.00090149377,0.0012090723
40316000,0.0026343684,-0.0023099645,-9.795486,0.00047738536,-0.00033918757,4.5888286e-05
40320000,-0.0050248667,-0.006259669,-9.796599,0.00019402489,0.00032677563,-0.0011031807
40324000,-0.0020721473,-0.0035824226,-9.794985,0.00015449463,-0.00036769875,-0.0005073976
40328000,-0.007850694,-0.009709097,-9.798035,-0.000109942375,0.00022640535,0.00010370938
40332000,-0.0055603613,-0.0071233143,-9.801026,-0.0010753444,0.00060483604,0.0008642569
40336000,-0.004985051,0.0013779579,-9.798527,-0.00034949003,0.00019847293,0.0006699712
40340000,-0.0054352856,-0.0047506276,-9.794558,-0.00015005145,-0.00037911133,-0.0009804232
40344000,-0.0056250887,-0.0030383405,-9.796471,-0.00049941364,-0.0010240729,-0.0016652661
40348000,0.0014140552,0.00023285388,-9.80084,-0.0003690206,-0.00011851484,-0.0007060339
40352000,0.00776235,0.002089854,-9.795424,0.00013814011,0.00062487286,9.3585644e-05
40356000,0.0005222686,0.010297746,-9.789379,0.0010885334,0.00039111046,-0.00054588367
40360000,0.0034483748,0.007877044,-9.79558,0.0010988463,0.0005048756,-0.00012973469
40364000,0.00421157,9.11699e-05,-9.801142,-7.179095e-05,0.0002966842,-0.00047531672
40368000,-0.0023993698,-0.0036951632,-9.804581,-0.0005331067,-0.00031972703,-0.0006315427
40372000,-0.002658831,0.001995245,-9.806427,-1.549742e-05,-0.0007602508,-0.0008653783
40376000,-0.0010623801,0.008260755,-9.798193,-0.0005105697,-0.0010627526,-0.0011179263
40380000,-0.0044111563,0.0024310274,-9.802118,-0.00082314096,-3.3234013e-05,-7.094087e-05
40384000,-0.0036917236,-0.008696699,-9.807101,-0.000500427,0.0006264412,0.0005674602
40388000,0.00653846,-0.0053776368,-9.800665,-0.00061548175,-0.0004953606,-8.28953e-06
40392000,0.007129,0.007828145,-9.798407,-0.0009666185,-0.0007376248,-0.0005253914
40396000,1.3928164e-05,0.0076057953,-9.799072,-0.00039745262,-5.317953e-05,0.00057788665
40400000,-0.0045893686,0.00075342495,-9.8003025,-0.00041298312,-2.7797481e-05,0.00017802382
40404000,-0.002723684,0.0017083191,-9.802931,-0.00065406144,2.1369535e-05,-0.0014710834
40408000,0.009101408,0.0024165902,-9.79663,-3.6913134e-05,0.00036329054,-0.0011100925
40412000,0.009500231,0.0011404887,-9.7948475,0.00019539653,-0.00011368923,-3.3534605e-05
40416000,0.006998324,0.0004629192,-9.800226,0.0008368241,-0.00024288676,0.00043056745
40420000,0.0038528328,-0.0032261298,-9.801636,0.00036750373,-0.00010798176,0.00026484166
40424000,-0.0028995336,-0.01015593,-9.795336,-0.00072165934,-6.8143922e-06,0.00010848663
40428000,0.00579759,-0.008723055,-9.789364,0.00010533834,0.00059089914,9.0490845e-05
40432000,0.0042540776,0.0029187212,-9.798843,0.00072722393,0.0002043292,0.00016740125
40436000,-0.0013728238,0.0042867986,-9.801344,0.0005426223,-0.00034166302,0.0003854233
40440000,0.0030669868,-0.0033311285,-9.801002,0.0002136468,0.00059680006,-0.00089981686
40444000,0.0058029643,-0.0010854475,-9.801158,-0.00039678588,0.0011462806,-0.0003386766
40448000,0.0055474127,-0.0019031046,-9.792594,-0.00017643189,0.00019838451,0.0006485283
40452000,0.0022262796,-0.002404299,-9.789751,0.00012716014,-0.00062141934,0.00015355628
40456000,0.0026928214,0.0032110026,-9.797995,-0.00045939215,-0.00035842517,-0.0007809977
40460000,0.0011616054,0.0038937537,-9.804938,-0.00027900466,-0.0012501191,-0.0002503931
40464000,-0.001414533,0.005952095,-9.802006,0.0012470068,-0.0015102931,0.00037788218
40468000,-0.0046471125,0.0067136907,-9.79162,0.00092717406,-0.00024223812,-0.00042509608
40472000,-0.003767323,0.00500893,-9.793232,-0.00026128688,2.795234e-05,0.00028414864
40476000,0.0024798827,0.0002815021,-9.799739,0.00021012005,-0.00050871924,0.00063966593
40480000,-0.001980558,0.004620414,-9.800184,0.00047453912,-0.00061510305,-9.3625e-05
40484000,-0.0044513945,0.006567079,-9.800565,0.0007285647,-0.00034635546,0.0002248927
40488000,-0.0013059883,-0.0053557563,-9.795256,0.00021236982,-0.0003441399,0.0005942557
40492000,0.003776718,-0.0057821893,-9.796336,0.0001661368,-0.0012625537,-0.00018052624
40496000,0.006130348,-0.0028429916,-9.794909,-0.00011649412,-0.00040049775,0.00029059165
40500000,-0.0030364844,-0.006448286,-9.795176,-0.0007932684,0.0007527038,0.00067862245
40504000,0.00043277448,-0.001977637,-9.799215,-2.6915552e-05,-5.87656e-05,0.0007237147
40508000,0.002609161,0.005954838,-9.805746,0.00020482988,-0.00030492814,0.0010776935
40512000,0.0015330655,0.0013668953,-9.806718,-8.351917e-06,-0.0005719913,0.0011844696
40516000,0.0037467685,-0.00065380096,-9.798252,-0.00017777653,-0.00024948816,0.00062829757
40520000,0.003841229,0.0014018958,-9.799599,0.0001705313,0.00047572827,-0.00045348506
40524000,0.00521305,-0.004865686,-9.7979145,0.0011016796,0.00059254613,-0.00041160942
40528000,0.0029699197,-0.0036449002,-9.798705,0.00035718293,0.00042133682,-0.0006792972
40532000,0.0005074638,-0.0012842158,-9.802376,-0.00019898188,4.571726e-06,-0.00016188672
40536000,-0.0037769931,-0.0015879305,-9.796564,0.00013883291,-0.00019452751,0.00026042722
40540000,-0.00055786874,0.0010231788,-9.794115,-0.00018778695,0.00017292774,0.00013034025
40544000,0.0026298424,-0.005205747,-9.803872,-0.00047858624,-0.00047715372,0.000576239
40548000,-0.0020589263,-0.00817007,-9.806416,-0.0008388251,-0.00010116624,0.0005166458
40552000,-0.006104655,-0.0043337247,-9.8035965,0.0003598609,0.00040506438,0.0006124573
40556000,-0.005223725,-0.0065363566,-9.804855,0.0014277453,-5.1229817e-05,0.0003091074
40560000,0.0032145185,-0.0050266134,-9.800176,0.0009101851,0.0009252785,-8.712532e-05
40564000,0.0069180415,0.0014365547,-9.797569,0.00064231775,0.00046415004,-0.0006226944
40568000,-0.00050518755,0.002594619,-9.797904,0.0004123197,3.073013e-05,-0.00028950942
40572000,-0.0037510735,0.010295923,-9.800959,0.0008937103,-0.0002015445,7.7332596e-05
40576000,-0.005189006,0.010060372,-9.7951565,0.0016370602,-0.0008255414,-3.268213e-05
40580000,-0.0086399745,0.001695194,-9.790312,0.0014331726,-0.000160962,-0.0005757857
40584000,-0.0011153002,0.0008881456,-9.797562,0.00029896616,0.00026765242,-0.0006068082
40588000,0.0009419314,0.0056418316,-9.794771,0.00034908892,0.0006718743,0.00022915454
40592000,-0.0027637663,0.0018389019,-9.795412,0.00066312484,-0.00014891486,0.00026110467
40596000,-0.001391669,-0.004809823,-9.79832,0.0011748838,-0.0011332125,0.00013712632
40600000,-0.00077725784,0.0037424725,-9.7937355,0.0014123493,-0.00040362077,0.00020058878
40604000,0.0004959497,0.0057171644,-9.798714,-5.4195083e-05,0.0002761428,0.00058251
40608000,-0.00032518007,0.005183592,-9.801767,-0.00024366571,-0.00046729465,0.00020170114
40612000,0.00029181957,-0.0018974321,-9.799781,-0.0006023583,5.3900625e-05,-0.00066005246
40616000,0.00020928477,-0.0057764384,-9.801365,-0.0014178031,0.0008391806,-0.000773139
40620000,0.0036290186,-0.0004058922,-9.80349,-0.00063338823,-0.00019477117,-0.00058580254
40624000,0.00063030736,0.0010712447,-9.802193,0.00064779463,-0.00055262924,-0.00012074629
40628000,-0.0034623176,0.001822995,-9.795367,0.00023991447,7.923577e-06,-0.00041644176
40632000,0.0011489005,-0.007957126,-9.796751,-0.0001181851,0.00054417306,-0.00029846115
40636000,0.0006357699,-0.008383878,-9.797977,0.0006319245,0.00054036203,0.0005631151
40640000,-0.0059074424,4.2004736e-05,-9.794975,0.0006244941,0.00013816071,-1.5938183e-05
40644000,-0.00940584,-0.0038587786,-9.80019,6.175554e-05,-0.0003147066,0.00038209144
40648000,-0.0070239576,-0.005463105,-9.798173,0.00022887225,0.000116372554,0.0011870845
40652000,-0.0076452834,-0.002506695,-9.7972355,0.0005313222,0.00028146154,0.00053747074
40656000,-0.0058721127,-0.002862479,-9.807263,-0.00022831069,-0.00021585428,0.00019969145
40660000,0.00026850437,-0.0028828897,-9.809221,-0.0003810129,-0.000501417,0.00027565332
40664000,0.007155149,-0.0013253059,-9.800568,0.00023600053,0.00047841383,0.00016605984
40668000,0.009855749,-0.006141014,-9.798458,0.00020151645,0.0013227013,0.0006956046
40672000,0.0046847523,-0.010271634,-9.803148,-0.00051039085,0.00033715394,0.0005040527
40676000,-0.000880181,-0.004737182,-9.797754,-6.543375e-05,-0.0005314286,-0.00030348348
40680000,-0.0010417197,-0.00014249358,-9.799787,0.00059367414,-0.00059868844,0.00026169012
40684000,-0.002876236,0.002909117,-9.805845,-0.00030090474,-0.00059868046,0.0006158965
40688000,-0.0034810868,0.0074437256,-9.798325,-0.0011429087,-4.5065623e-05,0.00012391659
40692000,-0.0016180177,0.00867902,-9.798271,-0.0007844896,0.00018350418,-0.00042127832
40696000,-0.0006469487,0.002814688,-9.797352,9.926893e-05,0.0001482228,1.7158705e-05
40700000,-0.0016173675,0.00582399,-9.801243,0.00060477783,0.0001614097,2.8993101e-05
40704000,-0.006599206,0.01271155,-9.817169,-0.00030818654,0.0003134065,-0.00032497957
40708000,-0.0031352693,0.0029373213,-9.841431,0.00017323944,0.0006958913,5.6858655e-05
40712000,0.0005651758,0.0013137145,-9.867355,0.0017987244,0.00090736453,-0.0001389443
40716000,-0.0029598153,0.0037241965,-9.885963,0.0018048172,0.0023416046,8.657698e-05
40720000,-0.0019986287,-0.0013654269,-9.905907,0.0023780873,0.0027577411,0.0009990109
40724000,0.0016115549,0.0015745246,-9.920623,0.0029146841,0.0030536524,-0.00016989114
40728000,0.0027592147,0.003674857,-9.935173,0.00411014,0.0029652664,-0.00079811376
40732000,0.0014762692,-0.0016877411,-9.946348,0.004129288,0.0023113429,0.00014965385
40736000,0.0024370118,-0.0031475967,-9.964331,0.0022116797,0.002752885,-0.00048596287
40740000,0.0030477704,0.006066466,-9.996121,0.0021408359,0.0029903424,-2.9204124e-05
40744000,-0.005238845,0.0009782441,-10.025522,0.0025836758,0.0036531663,0.0005282847
40748000,-0.0065182876,-0.005049802,-10.049172,0.0023313102,0.003943411,-0.00059818313
40752000,-0.001380028,0.0011668089,-10.074333,0.0022928817,0.0036611843,0.00016011928
40756000,-0.002083499,0.0020256955,-10.093894,0.002700014,0.0035648113,0.0013088351
40760000,8.1264414e-05,-0.0009243625,-10.103119,0.002773454,0.0042080954,0.0008299495
40764000,-0.004859776,-0.007858319,-10.110367,0.0026119798,0.0042252704,0.0002430595
40768000,-0.009852869,-0.005794964,-10.121003,0.0028493474,0.0026763668,9.54648e-05
40772000,-0.0010748438,0.0065656095,-10.13593,0.0025893038,0.0024079215,0.0006473685
40776000,0.006951159,0.0013326701,-10.140522,0.0016549869,0.0026906154,0.00080439344
40780000,0.0084189065,-0.00072747446,-10.160227,0.0010278779,0.0026401212,0.00053431786
40784000,0.00038708188,0.0059743985,-10.19233,0.0011491819,0.0032949802,0.00048189817
40788000,-0.0061483104,-0.0014139528,-10.212137,0.0014733451,0.0030143375,-0.00015092551
40792000,-0.0042360723,-0.005531754,-10.230986,0.0012635535,0.0016171413,-0.0002788602
40796000,0.0016486897,-0.002416961,-10.245718,0.00088238256,0.0020112456,0.00056643074
40800000,0.002552276,-0.00042876328,-10.263636,0.0009862678,0.003031809,0.00048465823
40804000,-0.002276015,-0.005055271,-10.2719,0.000648565,0.0021796632,0.00011063029
40808000,0.0014533495,-0.0010742067,-10.277771,0.0005342603,0.0011732626,0.00053870876
40812000,0.0012562749,0.0041496917,-10.285654,0.00017392055,0.001134395,0.00052058394
40816000,-0.0004096111,-0.004058734,-10.282978,-0.0003440977,0.001091618,-0.00094018533
40820000,0.0030190586,0.004020583,-10.301368,0.00052917463,0.0017429462,-0.00076625013
40824000,0.0030776402,0.011181563,-10.335739,0.0011636645,0.0020333244,0.00083434844
40828000,-0.005480754,0.0016143629,-10.363138,0.0005473445,0.0017263296,0.0007555952
40832000,-0.008999748,0.003670731,-10.375019,-0.00062549894,0.0017014436,0.00011593075
40836000,0.004335176,0.0033766597,-10.382204,-0.0009992147,0.0014193369,-0.001179126
40840000,0.008713178,0.00029125615,-10.381355,-0.0012741862,0.0021666288,-0.0008699641
40844000,0.0029602943,0.0033237392,-10.382631,-0.0018246283,0.0026914875,0.00025174968
40848000,0.00043638534,-0.0009094678,-10.3887,-0.0021996708,0.0017928769,-0.0004094159
40852000,0.0004255834,-0.003420077,-10.39361,-0.0027528545,0.002316793,-0.0006404892
40856000,0.0012684353,-0.0026952045,-10.398975,-0.0017933991,0.0026711503,-0.00053163554
40860000,-0.0043720873,-0.00026224382,-10.411221,0.00027170626,0.0028213228,-0.0002923869
40864000,-0.0077368915,0.0033053013,-10.43535,0.00037787607,0.0033606025,0.0005299214
40868000,-0.0016629861,0.0004074064,-10.455364,-0.0010295855,0.0022015052,0.0010589829
40872000,0.0041939556,-0.0016571269,-10.467381,-0.0014101944,0.0014331015,8.5584084e-05
40876000,0.00036276464,-0.0011163225,-10.47419,-0.0007791411,0.000969002,-6.639915e-05
40880000,0.0025395383,-5.448017e-05,-10.486378,-0.00029447413,0.0003651064,-0.00019027854
40884000,0.003709726,-9.4847266e-05,-10.491653,-0.0018889428,0.0011487135,-0.0005456476
40888000,-0.0059763007,0.0025010111,-10.489689,-0.002718551,0.00056012283,-0.00018560802
40892000,-0.0032986745,0.0023515832,-10.485366,-0.0024717646,-0.00013126884,0.00020787818
40896000,-0.0037396497,0.0021881675,-10.485247,-0.0027795876,-7.921635e-05,0.00020315162
40900000,0.000711991,0.0017012837,-10.509758,-0.0023358765,-0.00014905521,-0.0006566067
40904000,0.011413334,0.0012732595,-10.526326,-0.0031701126,0.001154334,-0.0012049861
40908000,0.009340264,0.0006937338,-10.532459,-0.0035089373,0.0005853129,-0.0011865697
40912000,0.0037353858,-0.0030215804,-10.5492115,-0.0028776047,0.00012716741,0.00026390734
40916000,-0.0020568934,-0.0030050147,-10.553181,-0.0034015523,7.811887e-05,0.00037862285
40920000,-0.00423284,-0.0004786045,-10.55583,-0.0038077286,-0.00063854194,-0.0002749591
40924000,0.0042212745,0.001272773,-10.557303,-0.003943392,3.749774e-05,0.00018183485
40928000,0.0072912434,0.0006277919,-10.561005,-0.0039854883,0.0005605372,0.0003691674
40932000,0.005353801,0.0051318305,-10.558788,-0.0036480827,0.00046289383,-0.00037813277
40936000,0.005597797,0.0063098064,-10.558176,-0.0032448915,0.00088823045,-0.0005535661
40940000,0.0021394503,0.005269206,-10.584215,-0.0032066572,0.0005626348,-6.015758e-05
40944000,0.0024267493,0.006212369,-10.6029625,-0.0032806275,-0.0001319544,6.6878106e-06
40948000,-0.0015896497,0.005531837,-10.611485,-0.0026785687,9.6727636e-05,0.0006424275
40952000,-0.0045447927,0.0065911743,-10.616751,-0.0026400483,0.000744671,0.0005039743
40956000,0.004040546,-0.00087699835,-10.619733,-0.0045268517,0.00057420635,0.00030493477
40960000,0.0026537823,-0.0041966722,-10.617088,-0.0048543736,0.00023777779,3.3033277e-05
40964000,-0.00031693006,0.0028044484,-10.605644,-0.0042199744,-0.00031160197,-0.00032460774
40968000,0.005194913,0.0048813717,-10.603252,-0.0039938507,-0.0002826339,-6.8082154e-05
40972000,0.0016187582,0.0013203926,-10.606213,-0.0041411784,-0.00044795685,3.6617905e-05
40976000,0.0056760297,-0.003464707,-10.602423,-0.0047263694,-0.0010775541,-0.00016209803
40980000,0.009908657,-0.0046242676,-10.612635,-0.0042752796,-0.0003393491,-0.00048636599
40984000,0.0034395198,-0.0033282663,-10.631668,-0.0035364295,0.00016564489,-5.968429e-05
40988000,-0.00096701045,-0.0067248372,-10.641109,-0.003797876,-0.00026883467,0.0005073354
40992000,-0.0014809702,-0.006767816,-10.650921,-0.0041033598,-0.00075780216,0.00020270895
40996000,0.0012756069,-0.0035192186,-10.656851,-0.0027611053,-0.00046349538,-8.755431e-05
41000000,0.00539439,-0.0057640336,-10.657261,-0.002728866,0.00016615623,-0.00047067535
41004000,0.0032630027,-0.006032641,-10.652477,-0.0042041093,0.0006910204,-0.00056963024
41008000,0.0013389572,-0.0010068555,-10.648795,-0.0036776306,0.0007177227,-4.824612e-05
41012000,-0.0054915156,0.0008897845,-10.645295,-0.0036818043,-3.5360637e-05,0.00025821922
41016000,-0.008171274,0.0003828825,-10.63803,-0.004780714,0.00010097956,0.0005375792
41020000,0.0038008634,0.0014465335,-10.648087,-0.0046827565,0.000384538,0.0010988218
41024000,0.007171139,-0.0041516093,-10.667863,-0.0052832286,0.00024852518,0.0013039206
41028000,0.0026577783,-0.0058023958,-10.670307,-0.0048689647,0.00014465825,-9.848122e-05
41032000,-0.0038093165,0.003498245,-10.676359,-0.0038686586,-0.00032158697,-6.2372383e-06
41036000,-0.0066343816,0.0016948179,-10.685278,-0.004763688,-6.239147e-05,0.00031530453
41040000,-0.00031865248,-0.0028997513,-10.682853,-0.0049956134,-0.0011623278,-0.00045566238
41044000,-0.0021719565,0.001054774,-10.679003,-0.004492348,-0.0024186342,0.00034531232
41048000,-0.0063779256,0.0035923014,-10.674591,-0.0052636354,-0.0010010973,0.0002823344
41052000,-0.0067013744,0.004903574,-10.669081,-0.005515903,-0.00048439854,-0.0006554552
41056000,-0.004167814,0.0038805015,-10.667702,-0.004567844,-0.001257533,-0.0007790456
41060000,0.0038305488,-0.0010056698,-10.677253,-0.003941405,-0.0012068329,-0.0005512492
41064000,0.0007734854,-0.0027036732,-10.693659,-0.0031158777,-0.0009472269,0.00019323386
41068000,0.00047442858,0.0023708434,-10.701017,-0.002923051,-0.0008471338,-6.722325e-05
41072000,5.818066e-05,0.0037680091,-10.695776,-0.0028339417,-0.0011967937,-0.00061227335
41076000,-0.0005976901,0.0049585933,-10.696083,-0.0025380426,-0.0009047362,-0.00046698633
41080000,0.004849344,0.0005910021,-10.701336,-0.0030039726,-0.0012441113,0.0006113213
41084000,-0.0040651946,-0.0044175545,-10.697145,-0.003031252,-0.00089183723,0.00023011542
41088000,-0.010770144,-0.005199158,-10.6963005,-0.0038769261,-0.00046157968,-0.0010954894
41092000,-0.007994334,-0.002930107,-10.690802,-0.004368516,-0.0009653386,-0.00080411567
41096000,-0.002813065,-0.001362312,-10.676014,-0.0051081637,-0.0009790395,-0.0003378174
41100000,0.0035388255,-0.0027457296,-10.68436,-0.005037503,-0.0006457784,8.384896e-05
41104000,0.012473492,-0.001256089,-10.706375,-0.0041492707,-0.00020503544,-0.00024475172
41108000,0.011588733,-0.007930727,-10.719891,-0.004675514,9.281851e-05,-0.00037609346
41112000,0.00057598035,-0.0058697667,-10.722641,-0.004968342,0.00066765456,0.00035310278
41116000,-0.006585616,0.0018233445,-10.72374,-0.005162892,-0.00026683422,0.00023742772
41120000,-0.0077438,0.000732254,-10.721952,-0.005422454,-0.00081049564,-0.00023665655
41124000,0.002834132,0.0005926831,-10.712675,-0.0050443276,-0.00077683956,0.0004994694
41128000,0.0043186895,0.00127611,-10.711054,-0.004265356,-0.0007508635,0.0013166758
41132000,-0.0007812625,-0.0028712933,-10.707638,-0.0035941736,-0.0014316731,0.00052601093
41136000,-0.0005252793,-0.0020303633,-10.695759,-0.0030795906,-0.0024114987,-0.0006565923
41140000,0.00021347305,0.0014959681,-10.700451,-0.00313991,-0.0027224442,-0.00053962093
41144000,0.0011619296,-0.0017097056,-10.715441,-0.003620565,-0.0025868402,0.0006221257
41148000,0.0011891045,-0.002867743,-10.720257,-0.002841344,-0.0023349985,0.00033795382
41152000,-0.0005290854,0.005832893,-10.729134,-0.002806289,-0.002605486,-0.00050531846
41156000,0.0008514511,0.0066734743,-10.736115,-0.004102442,-0.0020970118,-0.0006057461
41160000,0.0017651482,-0.0031765592,-10.728247,-0.0040247324,-0.0017805953,-0.00065735506
41164000,-5.705229e-05,-0.004228103,-10.718765,-0.0045048366,-0.0009855432,0.00010808409
41168000,-0.0001999728,-0.0067534545,-10.710553,-0.0050150156,-0.00067656237,9.77934e-05
41172000,-0.0020465197,-0.0051460983,-10.702427,-0.00401156,-0.000845933,0.0005404377
41176000,0.0005817686,0.0033700983,-10.688604,-0.0038475145,-0.0007659546,0.0004969162
41180000,0.0036873457,0.005079067,-10.698416,-0.0042252787,-0.0011754028,-0.00037618825
41184000,0.0009276098,0.002719726,-10.724596,-0.0037494998,-0.0017606871,-0.0006003079
41188000,-0.005145056,0.00015415381,-10.732873,-0.004081495,-0.0019508143,-0.0009458023
41192000,-0.0029534078,0.0029151284,-10.7336,-0.0047152573,-0.00071290566,-0.00039866002
41196000,0.0046423934,0.0015583428,-10.731075,-0.0047579305,-0.00033580803,-0.0005821644
41200000,0.0027136572,-0.0016881878,-10.725189,-0.0038073377,-0.0013557955,-0.0011062808
41204000,-0.002866542,0.0029096645,-10.716117,-0.0025857964,-0.0015549392,2.3873547e-05
41208000,-0.0051948517,0.007310771,-10.712288,-0.0031676395,-0.0014598626,0.0003497069
41212000,-0.0041402075,0.0021596877,-10.705158,-0.0039670155,-0.0019924338,0.00016457919
41216000,-0.00074328156,-0.0021985609,-10.692677,-0.0034882023,-0.0014075132,0.00071803987
41220000,0.00096739066,0.0007489644,-10.702417,-0.003818663,-0.0014984912,0.00017760503
41224000,-0.0050400696,0.00077878434,-10.719429,-0.0034663524,-0.0014472821,-0.00036745184
41228000,-0.0056679733,-0.002662039,-10.72533,-0.003538904,-0.0006663384,-0.00029007916
41232000,-0.004357308,-0.003958471,-10.72448,-0.004135713,-0.00031593005,-9.6774645e-05
41236000,-0.001077622,0.0024242096,-10.7223425,-0.0033304342,-0.00027939037,0.00023743366
41240000,0.0007683417,0.002323129,-10.728078,-0.003499127,-0.00017140522,-0.00082732685
41244000,-0.0041489354,-0.0021229626,-10.727062,-0.0034032925,-1.562258e-05,-0.0011902727
41248000,-0.0072885365,-0.003278035,-10.717407,-0.0028938684,-0.0005940449,-0.0011927142
41252000,-0.009826507,-0.001515716,-10.710775,-0.0013477291,-0.0012115082,-0.0006618515
41256000,-0.006434259,0.0023410043,-10.7063465,-0.0019151077,-0.0017088184,0.0013868912
41260000,-0.0030582997,0.0022859415,-10.706184,-0.0034366664,-0.0020937128,0.0005642009
41264000,0.0010539829,-7.150674e-05,-10.720334,-0.002857129,-0.0016698403,-0.00084246177
41268000,0.0026377218,0.0024298609,-10.724581,-0.0034632613,-0.0018059375,-4.8440117e-05
41272000,0.00071344734,0.003393787,-10.719323,-0.0035223116,-0.0023469247,0.0007729528
41276000,0.0031719853,0.0042764232,-10.725801,-0.0037643497,-0.0013177693,-0.00039771144
41280000,0.0027948897,0.004665045,-10.727465,-0.0036925196,-0.0016291353,-0.00078227685
41284000,-0.006280042,0.007658513,-10.725513,-0.003301291,-0.0016750122,-0.00013430882
41288000,-0.007322794,0.005707479,-10.710999,-0.0036270441,-0.0012914669,-0.00012572888
41292000,0.0001637912,-0.0019005898,-10.694342,-0.00359673,-0.0018174215,-0.00018184635
41296000,-0.0015603923,0.0006195904,-10.693651,-0.0028196243,-0.0010268809,-0.0002081127
41300000,-0.0019424228,0.0050345296,-10.702301,-0.00242318,0.00020902613,-0.0005304052
41304000,0.004718567,0.006777672,-10.718332,-0.0033111193,-0.00077018695,-0.00090528454
41308000,0.009285029,0.0013359851,-10.728747,-0.0033785873,-0.0015266696,-0.00013798682
41312000,0.0032928265,0.001788181,-10.721513,-0.0029696529,-0.0013615055,-0.00022106036
41316000,0.0009627299,0.0056888093,-10.714811,-0.0020299524,-0.0012010426,-0.0008204111
41320000,0.0018348157,0.0011202673,-10.721642,-0.0014481066,-0.0009328587,-0.00095004466
41324000,0.0022564111,0.0024544213,-10.716591,-0.0017966777,-0.001602294,-0.0002849496
41328000,0.00650796,0.00018257146,-10.702945,-0.0027610299,-0.0016568156,-2.225201e-06
41332000,0.005298053,-0.00021935614,-10.693451,-0.0022627306,-0.0013782874,0.0005866965
41336000,0.0011547322,0.0072565074,-10.682818,-0.0019741093,-0.001949664,0.0010142481
41340000,0.0023669298,0.0035130116,-10.688404,-0.0035257665,-0.002515648,7.509758e-05
41344000,0.0001629852,-3.1769836e-05,-10.712063,-0.0032455013,-0.0017413204,-1.9026554e-06
41348000,-0.006870354,0.0026613784,-10.716592,-0.0038119254,-0.0011980562,0.00042521954
41352000,-0.008783168,0.007152617,-10.71181,-0.0038764565,-0.0017057047,-0.00026554154
41356000,-0.0063279206,0.0021864949,-10.713907,-0.002626239,-0.0015010816,-0.0006235929
41360000,-0.005322575,-0.0044361777,-10.712744,-0.0030786598,-0.0017119996,-0.00032208822
41364000,-0.0025826679,-0.002880276,-10.714232,-0.0034833213,-0.0016887478,0.00020002187
41368000,-0.00247287,-0.0024753173,-10.70145,-0.0031493013,-0.0011610396,0.00035881583
41372000,-0.0009385311,-0.002956555,-10.690115,-0.003417424,-0.0014207435,0.00033688734
41376000,0.00620725,-0.0008062817,-10.675237,-0.0026535075,-0.0013867157,0.0011168799
41380000,0.0026019164,-0.0008013392,-10.673384,-0.0015947043,-0.00040364635,0.0009353363
41384000,-0.003665489,-0.0015427446,-10.695152,-0.0028163788,0.00037053422,0.0009245312
41388000,-0.0023894138,0.0027104174,-10.702127,-0.003346401,-0.00058745255,0.00047315418
41392000,-0.0017664736,0.003087424,-10.705624,-0.002813555,-0.0013287435,-0.00017132086
41396000,-0.0072780214,0.0014770955,-10.706386,-0.0032195686,-0.0012075533,-0.00014782227
41400000,-0.0069185337,-0.005024036,-10.712835,-0.0025556458,-0.0012063286,-8.926482e-06
41404000,0.0042051226,-0.002195444,-10.709482,-0.0021219011,-0.0009283252,5.746128e-05
41408000,0.0066048834,0.0002200513,-10.698614,-0.0025461037,-0.00037195714,-7.29371e-05
41412000,0.00026597848,-0.0053323796,-10.687563,-0.0028890138,-0.0012364361,-0.00038349436
41416000,0.006867827,-0.004994127,-10.6706705,-0.0030147815,-0.0013412033,-0.0005494177
41420000,0.009901767,-0.0062207715,-10.683239,-0.0018071729,-0.0015576637,-0.00036967278
41424000,0.00016212766,0.0025506557,-10.699934,-0.0020019098,-0.0014500343,-0.00051093166
41428000,0.00060345896,0.010351468,-10.697338,-0.0026062203,-0.00053716864,0.00024879916
41432000,0.0017596,0.009575256,-10.700851,-0.0021710473,-0.0005901495,0.0004207526
41436000,-0.0025701653,0.002550228,-10.701691,-0.0025293198,-0.00080349453,-0.0005414005
41440000,-0.0024742903,-0.0005499114,-10.697514,-0.002977325,-0.0009801305,-0.0003944139
41444000,-2.9869028e-05,0.0065634726,-10.694639,-0.0019522513,1.4148707e-05,-3.0073978e-05
41448000,0.0026973435,0.006614358,-10.691684,-0.0021734138,-3.541892e-05,-0.00011549862
41452000,0.00097463885,0.0026341693,-10.683219,-0.0030232966,1.2780356e-06,0.00032772296
41456000,0.005754096,0.00213816,-10.667743,-0.0018560048,-0.0004392571,-0.0003849319
41460000,0.0027800319,0.0010729212,-10.669849,-0.0014418045,-0.0013789219,-0.0005710025
41464000,-0.008984979,0.0041841697,-10.688345,-0.0017919792,-0.00069823605,0.00037397648
41468000,-0.0056560114,0.0057744677,-10.703487,-0.0020779676,-0.0007120975,-0.0004819493
41472000,-0.0046593854,0.00088184816,-10.700693,-0.0020714363,-0.0015418616,-0.00023326636
41476000,-0.0028667795,-0.003404501,-10.688274,-0.0020198587,-0.0012351924,0.0006054184
41480000,0.0034867325,0.00061228266,-10.693394,-0.002375462,-0.0016099012,-0.0005770724
41484000,0.00761202,0.0075712902,-10.697315,-0.0027473844,-0.0015325076,-0.00052946113
41488000,0.0018664799,0.007807199,-10.683676,-0.0024036241,-0.0005253628,-1.0913646e-05
41492000,-0.0069173984,0.002063121,-10.664232,-0.0024498445,-0.0001768406,0.00010877629
41496000,-0.0061510094,0.00041732285,-10.644527,-0.0020364365,-0.00092832977,-0.00040015386
41500000,-0.0038517236,0.0064897374,-10.648381,-0.0017030824,-0.0015401397,-0.00023203564
41504000,0.00041771232,0.004055685,-10.679333,-0.0017432902,9.0412665e-05,0.00066629174
41508000,0.0018650875,-0.0042912876,-10.686344,-0.0016860873,0.00029887477,0.00081571686
41512000,-0.0015948992,0.00043021314,-10.687803,-0.0019987721,-0.00095379446,0.00024871773
41516000,-0.0025052004,0.005300288,-10.699957,-0.001242877,-0.0013393743,-0.0005240039
41520000,-0.00086427183,0.002602341,-10.686617,-0.0015780514,-0.0013108912,-0.0005778141
41524000,-0.00032222143,0.0011698814,-10.677421,-0.001511151,-0.00015313049,0.00012459344
41528000,0.0036561028,-0.00550356,-10.67884,-0.00068423274,0.0005684201,0.00088077714
41532000,0.0059168134,-0.0062674982,-10.6680155,-0.0016264005,-0.0003115364,0.00068588083
41536000,0.005313315,-0.00024014196,-10.656406,-0.0032497454,-8.779469e-05,0.00056265586
41540000,0.0020663976,-0.0022912158,-10.657412,-0.0033123472,0.0010937811,5.9377395e-05
41544000,-0.0044919583,-0.001794359,-10.668973,-0.002650205,0.00021223944,-0.00028470912
41548000,-0.002958262,0.0023525187,-10.682625,-0.0021291722,-0.0009327868,-0.0005595487
41552000,-0.0044082887,0.00058108574,-10.688378,-0.0020960525,-0.000333554,-0.0008441217
41556000,-0.0036422177,0.0023819448,-10.684822,-0.0014955043,-0.00043594697,-0.0006317423
41560000,-0.0011978076,0.0011439256,-10.682096,-0.0017143248,-0.000817665,-6.0382317e-06
41564000,-0.004363269,-0.0009803032,-10.680494,-0.0025374189,1.5405185e-05,-0.00095182733
41568000,-0.00017235361,0.002607262,-10.674244,-0.0019045245,-0.0003588013,-0.0004217978
41572000,-0.0007274046,-0.0016773108,-10.66271,-0.0018650217,-0.0006124692,0.0007685096
41576000,-0.00034602295,-0.006893734,-10.646044,-0.0015117719,-4.808697e-05,-0.0002845863
41580000,-0.00022797124,-0.002951124,-10.645409,-0.0010578071,-0.00028781808,0.00014256833
41584000,0.0018589231,-0.0013771489,-10.6659355,-0.0009794421,-0.00059783045,0.0003910251
41588000,0.0046801735,-0.008191468,-10.672552,-0.00097427994,-6.204006e-05,0.00059975113
41592000,0.0021747812,-0.009445658,-10.67239,-0.0007616105,8.8662666e-05,0.0003751009
41596000,0.004046532,-0.002204834,-10.67351,-0.00014068284,-0.0005360425,-0.0010057744
41600000,-0.0066459947,0.000922652,-10.673584,0.00012639063,0.00017230494,-0.00078221445
41604000,-0.008368941,0.00035931874,-10.668052,-0.00019671707,0.000632982,8.717727e-05
41608000,-0.0011855895,-0.0011092789,-10.657305,-0.00058390223,0.0003823625,-0.00042372043
41612000,-0.0025195277,0.0016810204,-10.655891,-0.0009513295,0.000790141,-0.0006691642
41616000,0.0029989253,0.0038268585,-10.637447,-0.0011133102,0.0005854581,0.00027303072
41620000,0.0004008722,-0.0014150385,-10.634043,-0.0013244794,-0.00047216596,0.00074140436
41624000,-0.008116603,-0.002507275,-10.664503,-0.0011935624,-0.0009023423,0.00020365196
41628000,-0.009666767,-0.003678006,-10.677465,-0.00068558776,-0.00022103544,-0.0005629022
41632000,-0.014792968,-0.0069134585,-10.670143,-0.0005675963,-0.00019299549,0.0001178543
41636000,-0.007289812,-0.0035990505,-10.662373,-0.00029519576,-0.0008664347,0.00020679076
41640000,0.008319795,-0.0026997474,-10.661396,0.00044525726,-0.00063642627,0.0004428671
41644000,-0.0004670751,-0.0040247077,-10.656738,0.0010151,-0.0003985394,0.00032926584
41648000,-0.006192514,-0.0011129888,-10.641786,0.0010081608,-0.00051593006,-0.00056031067
41652000,-0.00028307515,0.0024129045,-10.63354,0.0009330558,-0.00097600755,0.00062048004
41656000,-0.0061293985,0.003031783,-10.627647,0.00090869184,-0.0010099651,0.0007589034
41660000,-0.004807814,0.0025135737,-10.63471,0.0016638429,-0.00059281394,0.00014762639
41664000,-0.0010866558,0.0039227996,-10.652844,0.0022673518,-0.00030111818,0.00016321124
41668000,-0.0008037273,-0.0013868028,-10.663086,0.0020367089,-0.00020154129,0.00019897468
41672000,0.0020715173,-0.0037567257,-10.667227,0.0013233741,-0.00034475926,0.00040805226
41676000,-0.0017114006,0.003991952,-10.662313,0.001116797,0.00021026653,0.00060030236
41680000,-0.0017551832,0.004529232,-10.661662,0.0014839753,0.0005188319,0.00046103817
41684000,0.0012161828,0.0064404705,-10.657179,0.001660485,0.00076372566,0.0007061894
41688000,0.0039742114,0.0037814511,-10.642824,0.001689542,0.0007410368,-0.0004531383
41692000,0.00040752976,-0.0010896345,-10.634684,0.001102966,0.00071316067,-0.0011320292
41696000,0.005184794,0.004785288,-10.625248,-0.00024706888,0.0014781515,2.440722e-05
41700000,0.012545051,0.0053427727,-10.625241,-0.00024850853,0.0017185151,-0.0001520177
41704000,0.0017175509,0.005883147,-10.644045,0.0006942472,0.00063516386,0.00016903412
41708000,-0.0055346284,9.472957e-05,-10.6509285,0.0012570979,-0.00010889281,0.00034876642
41712000,-0.0003581706,-0.0041751354,-10.654737,0.0013466106,0.0011681467,6.252994e-05
41716000,0.00059229636,0.0058337906,-10.658882,0.0013315562,0.0012573736,0.00012801365
41720000,-0.004427087,0.009388451,-10.658562,0.0024936679,0.0007521184,-0.00023704208
41724000,-0.0017005205,-0.0014058203,-10.653093,0.0031969387,0.0013931307,0.00022369558
41728000,0.0037994615,-0.002705916,-10.630691,0.0024741418,-0.00011486767,0.0005068779
41732000,0.00038004067,0.005213346,-10.612968,0.0018766628,-0.0007892753,0.00010119139
41736000,-0.001732307,0.0026784216,-10.60508,0.0033569944,0.0010771456,0.0007123196
41740000,0.0020311903,0.008413694,-10.610764,0.0041740593,0.00091689185,0.0009958887
41744000,0.0015832821,0.010489104,-10.632416,0.00434731,0.0010076619,0.00029820375
41748000,0.0018269517,-0.0003942463,-10.646836,0.004123505,0.0016067513,0.00061134784
41752000,-0.00023493651,0.0034133703,-10.6553955,0.0035217805,0.0014995075,0.0006570929
41756000,-0.0015531864,0.0046602627,-10.657076,0.0036826092,0.0013230257,0.0007310555
41760000,0.00091619854,-0.0039254674,-10.649794,0.003999059,0.0012482678,0.00035175506
41764000,0.004013559,-0.0022435784,-10.642195,0.0042936467,0.0019597814,-0.000802257
41768000,0.006187291,5.4644268e-05,-10.633154,0.0036015168,0.0025156124,-0.0005879575
41772000,0.00841558,-0.0021271545,-10.61825,0.0039702724,0.0018147473,-9.881465e-05
41776000,0.008454202,-0.00856649,-10.6025,0.004442942,0.00041635273,-9.618025e-05
41780000,0.0039653713,-0.00114011,-10.595137,0.004354189,0.0011182401,-0.00014279594
41784000,-0.0009757993,0.0063203066,-10.590181,0.0057211705,0.0021589661,-0.0008456322
41788000,0.0047238017,0.0030649013,-10.581285,0.0065370346,0.0019784449,-0.00023679702
41792000,0.003616229,0.0015069722,-10.570829,0.006384488,0.0015746393,0.00012160763
41796000,-0.006565023,0.003693705,-10.553022,0.006480477,0.0015561501,0.0002789499
41800000,-0.005591115,0.003460701,-10.528309,0.0064988118,0.0017564041,0.00074164284
41804000,-0.0013079041,0.00072737754,-10.503019,0.00658106,0.0012944776,-0.00015707046
41808000,0.0011329165,0.0062676296,-10.47477,0.007136877,0.0015991087,-0.00029432523
41812000,-0.0046402384,0.004384587,-10.444578,0.0071686157,0.0013930507,-4.61302e-05
41816000,-0.006106026,-0.00047661012,-10.422807,0.0069539743,0.0015722358,0.000105333456
41820000,0.0010656735,-0.0028763416,-10.409302,0.0070882887,0.002593311,9.589621e-05
41824000,-0.0010315522,-0.004177105,-10.392532,0.0070316265,0.0019821452,0.000770506
41828000,-0.001121866,-0.0070133866,-10.373039,0.008030041,0.0014025926,0.0009102415
41832000,0.0045310585,-0.008751455,-10.355925,0.008943825,0.0024737916,0.0005860702
41836000,0.0037434762,-0.005425948,-10.339389,0.009574244,0.003348404,0.0003679212
41840000,0.004334719,0.0024791462,-10.319977,0.0107283555,0.0031834117,0.00049937645
41844000,0.002594804,0.0015589743,-10.293606,0.011436233,0.0035545041,0.00055399875
41848000,0.0028331997,-0.0050889086,-10.268259,0.011508485,0.0036511451,0.00055834895
41852000,-0.0001269712,-0.003849335,-10.232948,0.012465771,0.0033929003,0.00082212145
41856000,0.00017009329,0.0021709756,-10.20743,0.014275285,0.0037103256,0.00023615354
41860000,0.0023202808,0.0078096483,-10.200712,0.015470102,0.0041584587,-0.0005414368
41864000,-0.004034523,0.0053915633,-10.186817,0.016245658,0.0051042684,-0.0007667617
41868000,0.0014506152,0.007300201,-10.1720295,0.01730915,0.0054085683,0.00032690272
41872000,0.0014778983,0.005568216,-10.155111,0.018747207,0.0050197854,0.00075457763
41876000,-0.00040487974,-0.004241352,-10.135588,0.02018902,0.0053772125,-0.0010176862
41880000,0.0058059907,-0.010700828,-10.114384,0.021355383,0.0049288985,-0.0009657085
41884000,0.001744235,-0.008811398,-10.09997,0.022432555,0.00499279,0.0001821513
41888000,0.0022435202,-0.0023135685,-10.081923,0.024019036,0.0044794544,-0.00073078054
41892000,-0.0021149593,-0.0016158071,-10.05881,0.026582196,0.0043853363,-0.00026838467
41896000,-0.004124041,-4.924434e-05,-10.041264,0.027370596,0.0055351676,-0.00017660632
41900000,7.649769e-05,0.006572306,-10.023094,0.027815867,0.0049910103,-0.0005353085
41904000,0.0016745615,-0.0005683801,-10.006544,0.029791826,0.0057088975,0.00033381055
41908000,0.002624338,-0.006471372,-9.994556,0.031363077,0.006442023,0.00039383885
41912000,-0.007981431,-0.00033622995,-9.977834,0.03292062,0.00601019,0.00021647611
41916000,-0.006936595,-0.0025120168,-9.958008,0.033915766,0.005861994,-0.00023646302
41920000,0.0020551598,-0.0048733,-9.946356,0.03408567,0.005855892,0.00024482922
41924000,0.008169166,-0.0016779607,-9.93046,0.03390365,0.0051782993,0.0010870093
41928000,0.01218391,-0.0018202746,-9.903976,0.0349723,0.005231483,0.0006903991
41932000,0.0072839446,0.002756599,-9.886978,0.03575827,0.006155228,0.0010376887
41936000,0.0005248138,0.0044755572,-9.869319,0.036868475,0.0057711247,0.0012770585
41940000,-0.0011907101,0.001981327,-9.857943,0.03699639,0.0055887927,0.0006812407
41944000,-0.005070905,-0.0023114039,-9.869204,0.037381597,0.0058412454,0.0005419173
41948000,0.001244395,-0.0027149764,-9.872452,0.037648827,0.0063133207,5.929759e-05
41952000,0.0056587174,0.0011726696,-9.869162,0.03692079,0.006808191,-0.0004785744
41956000,-0.0032655913,0.00470268,-9.883818,0.037588675,0.005874967,-5.6131143e-05
41960000,-0.0044516693,0.0042068535,-9.896386,0.0371688,0.00595759,0.00016246532
41964000,-0.0020135746,-0.005092208,-9.901438,0.03599158,0.0060321824,-0.00080092263
41968000,0.00023966137,0.0030283635,-9.899031,0.035536148,0.0058051846,-0.00014772483
41972000,-0.00032417482,0.007318047,-9.892732,0.035908297,0.0054528173,0.00052905804
41976000,-0.0028101911,0.0015821838,-9.88665,0.035258863,0.005029874,3.0705847e-05
41980000,-0.008834841,-0.0033147647,-9.90316,0.033707704,0.005974475,3.4230285e-05
41984000,-0.006911917,-0.010688511,-9.935913,0.032665372,0.0060078115,-1.8671735e-05
41988000,0.0008646023,-0.0030361766,-9.954163,0.032206904,0.0065448787,0.0010219492
41992000,0.0013749868,0.008296529,-9.965146,0.031319275,0.0058966395,0.0013596105
41996000,0.00011810474,0.00342122,-9.972059,0.03135436,0.004933927,0.0006956851
42000000,-0.0013295594,-0.0020921435,-9.969802,0.030370064,0.0048169238,-0.00054781674
42004000,-0.0008307776,-0.0011407747,-9.962286,0.02902709,0.003983893,-0.0004417808
42008000,-0.00211375,0.0018799035,-9.956429,0.029579012,0.0040994813,0.0010108221
42012000,-0.0028231698,0.0031321784,-9.953371,0.029270422,0.004593174,0.00091617263
42016000,0.0048055886,0.009102976,-9.947903,0.028478071,0.0041757873,0.0006226214
42020000,0.0049755354,0.0032732682,-9.952421,0.028398385,0.004199197,-0.000106359905
42024000,-0.00059432106,-0.00080966874,-9.9714,0.028563173,0.0043648314,-0.0008146123
42028000,0.0061273496,0.004257069,-9.981533,0.028503934,0.004247366,0.00028755583
42032000,0.0065770624,-0.0005369565,-9.984505,0.026872728,0.0048520104,0.0009156653
42036000,-0.0069090566,0.0069239447,-9.992606,0.025566239,0.004246344,0.0010565248
42040000,-0.00074723735,0.0022012496,-9.997333,0.02498496,0.0037362948,0.00053498865
42044000,0.006159695,3.5733643e-05,-9.989117,0.023443652,0.0042898655,-0.00038466617
42048000,0.001234976,0.00947055,-9.9790125,0.022378733,0.0048724255,-0.00070761476
42052000,0.0044457773,0.0027058842,-9.968615,0.022249829,0.004979322,-0.00088093325
42056000,0.0006657577,-0.001900172,-9.95561,0.022464208,0.0041873115,-0.0009450729
42060000,-0.00099244,-0.0055281394,-9.972323,0.02127064,0.0040538455,-0.0005016571
42064000,0.007785262,-0.0073551065,-10.004545,0.02002984,0.0035647766,0.00074581505
42068000,0.009261759,-0.00038986828,-10.012579,0.018464312,0.0033787126,0.00067204755
42072000,0.0026481608,0.0061534364,-10.020527,0.016082203,0.0038621116,0.0005608321
42076000,0.00021669493,0.0080291955,-10.01939,0.015135041,0.0033230989,0.00041502016
42080000,-0.006793498,0.0034973666,-10.017534,0.014323254,0.002759374,-0.00033537738
42084000,-0.0017993997,0.00079296675,-10.016853,0.0134569,0.0020328413,-0.00089673186
42088000,0.0033031215,0.0054512736,-10.006401,0.012197428,0.0016123193,-0.00077292137
42092000,-0.0057800077,0.009771677,-9.995329,0.011395651,0.001780865,0.00019657679
42096000,-0.008111173,0.010113239,-9.987762,0.011030755,0.001951128,0.0010675975
42100000,-0.0037849594,0.00721398,-9.997987,0.0093343165,0.0014945712,-0.00019319107
42104000,-0.00028534076,0.0036845466,-10.01363,0.007679457,0.0013045152,0.0002461558
42108000,-0.0016012606,0.002109706,-10.028685,0.0069621964,-5.440963e-05,0.0007005213
42112000,-0.0040687467,0.0019773794,-10.031759,0.006426674,-0.0025994116,-0.00055784814
42116000,-0.009350917,0.006450997,-10.032659,0.0043495707,-0.0036398787,0.00031288923
42120000,-0.008677017,0.0062829866,-10.036249,0.002381009,-0.004907029,0.00010007876
42124000,-0.0035441054,0.0019072397,-10.025455,0.0017457138,-0.006509571,0.0007793738
42128000,-0.001215737,-0.00091505004,-10.01719,0.00033579348,-0.0073358384,0.0012853456
42132000,-0.002307335,0.005913981,-10.01492,-0.001802501,-0.008572665,0.0003885011
42136000,0.0018982325,0.0025675963,-10.005614,-0.0024134982,-0.01038543,0.00026669982
42140000,0.0049477266,-0.00066813966,-10.013478,-0.003730045,-0.010918468,0.00024588892
42144000,-0.0019904273,0.005442364,-10.030886,-0.005586572,-0.01025921,-0.0004971836
42148000,0.004056095,0.004340957,-10.039803,-0.0063130534,-0.010542352,-0.0006002619
42152000,0.0057981084,0.0060564955,-10.047064,-0.008169224,-0.011422312,9.0390284e-05
42156000,-0.004252602,0.0049085338,-10.051685,-0.010085114,-0.010866337,-0.00018846334
42160000,-0.0009037261,0.004288662,-10.053023,-0.012294281,-0.011128612,-0.00035642573
42164000,0.0054984353,0.005394614,-10.042494,-0.013325011,-0.012244876,-0.00047705026
42168000,0.0022295732,-0.00021610307,-10.024483,-0.014048143,-0.01322343,-3.625809e-05
42172000,-0.0039435676,0.0033530402,-10.018352,-0.015890682,-0.013621199,0.00054176495
42176000,-0.0009985825,0.007272282,-10.008937,-0.017334776,-0.01367839,-0.00025949528
42180000,0.003066999,-0.00027023596,-10.013395,-0.018938327,-0.015321879,0.00037654143
42184000,0.0012098295,0.0030945898,-10.042086,-0.019849371,-0.015758226,0.0006837896
42188000,-0.004128178,0.008359823,-10.05715,-0.022271356,-0.015118484,-0.00050586084
42192000,-0.0075176023,0.008155411,-10.055017,-0.02525465,-0.015586091,-0.00015708509
42196000,-0.0025326612,0.00296857,-10.050699,-0.02654965,-0.016757028,-0.00016802225
42200000,0.0032813842,-0.0014166805,-10.04859,-0.028435819,-0.017351048,0.000108710476
42204000,0.0015951694,0.0019051738,-10.042534,-0.030253582,-0.016904343,0.0006381965
42208000,0.00041370845,-0.0017732872,-10.0405445,-0.031509344,-0.016152713,-0.00015265022
42212000,0.0006155834,0.0003477261,-10.034189,-0.033341464,-0.01725713,-0.00072274415
42216000,0.0016616584,0.0072801234,-10.019361,-0.03519313,-0.017848084,-0.00048522174
42220000,0.0008395583,0.00038463948,-10.029895,-0.036136657,-0.017059369,-0.00015854632
42224000,0.0004178905,-0.0005423358,-10.051287,-0.03689638,-0.01663106,-0.0011325261
42228000,-0.00086083414,0.0043197214,-10.062438,-0.038217332,-0.018174788,-0.0004980596
42232000,-0.0057766316,0.007392293,-10.074785,-0.039528526,-0.01977002,0.0004939017
42236000,-0.0017268807,0.005807934,-10.07761,-0.040776443,-0.019480523,-0.00010167406
42240000,-0.0025052768,0.011737776,-10.073551,-0.04187082,-0.019181797,-0.00045492392
42244000,-0.008033004,0.013245063,-10.060055,-0.043064076,-0.019203596,-0.0011540541
42248000,-0.0012734379,0.0048734974,-10.054728,-0.045038816,-0.019919433,-0.0005753391
42252000,0.0010681446,0.0019255244,-10.045144,-0.046596177,-0.020280724,4.1582978e-05
42256000,-0.00065541954,-0.00035446972,-10.024658,-0.047793526,-0.020219363,-0.00067119184
42260000,0.0016243783,0.003702421,-10.032545,-0.049504273,-0.02023016,-0.00069568923
42264000,-0.0032614458,0.009681112,-10.062089,-0.051212557,-0.02208153,-0.0008605883
42268000,-0.008866493,0.009098398,-10.07409,-0.05202395,-0.022030424,-0.0008594634
42272000,-0.006877743,-0.00096103485,-10.074131,-0.051513772,-0.020272078,0.00041151603
42276000,-0.0042148223,0.0015968088,-10.069738,-0.051927377,-0.021101257,-4.312802e-05
42280000,-0.0046620383,0.0074209888,-10.060588,-0.05320694,-0.021633893,-0.0012656295
42284000,-0.0040650433,-0.0013210158,-10.060274,-0.054326244,-0.021691319,-0.0013374262
42288000,-0.004449773,-0.0040983795,-10.05168,-0.055271164,-0.021956882,-0.0007212879
42292000,-0.0030312873,9.0949165e-05,-10.04035,-0.056185827,-0.020744067,-0.00058922573
42296000,-0.0008665043,0.0069136447,-10.030066,-0.056706227,-0.020221328,-0.00066632347
42300000,0.001356968,0.0053440724,-10.039408,-0.05708546,-0.020879062,-0.00072184124
42304000,0.0027668574,-0.00067512406,-10.062082,-0.057106145,-0.020091988,-0.0007283459
42308000,-0.0038085305,0.004563745,-10.068034,-0.05739746,-0.020124696,1.5541456e-05
42312000,-0.009820452,0.0049859383,-10.066512,-0.058760915,-0.021134706,0.00021074203
42316000,-0.0060232948,0.001635042,-10.062788,-0.05977849,-0.020568097,0.00028388062
42320000,-3.769138e-05,0.0033725186,-10.060865,-0.06028543,-0.021207385,0.000135501
42324000,0.00021765308,-0.00075834815,-10.060801,-0.06041688,-0.021053879,-0.0003561639
42328000,-0.0010889337,-0.004097791,-10.055771,-0.059984874,-0.020888496,0.00016758624
42332000,-0.00067872193,-0.0075080367,-10.044647,-0.059095703,-0.021936104,6.423245e-05
42336000,0.0076149763,-0.002501194,-10.029538,-0.059361976,-0.022153465,-0.0005807839
42340000,0.0077867787,0.0061813965,-10.03446,-0.059488565,-0.021468323,-0.00039233032
42344000,-0.0058614495,0.004505106,-10.061642,-0.059218224,-0.020661492,0.0005144173
42348000,-0.0059671486,-0.0021394754,-10.069712,-0.059517927,-0.021568138,0.0007396885
42352000,0.0023699005,0.0005933759,-10.06796,-0.06060641,-0.022338126,4.035303e-05
42356000,0.0038736463,0.002233692,-10.067905,-0.060425054,-0.022604743,0.00037129337
42360000,0.0039748196,0.0005335693,-10.063784,-0.059009776,-0.02217162,1.7910334e-05
42364000,-0.0020218936,0.0054337005,-10.060144,-0.05877925,-0.021564743,-0.0004512539
42368000,-0.0051512257,0.0055247433,-10.052837,-0.058891855,-0.021498173,-0.00031408315
42372000,-0.0014688357,0.0054918258,-10.040331,-0.057573028,-0.021003298,-0.0010799926
42376000,-0.002125681,0.0017584298,-10.027594,-0.055994663,-0.020579444,-0.00070075126
42380000,-0.00014036804,0.0014876504,-10.033706,-0.0547961,-0.019755676,0.00022264439
42384000,0.0029988599,0.004892046,-10.057589,-0.052963134,-0.018699715,-9.697368e-05
42388000,-0.0031102812,0.0020102842,-10.070789,-0.050970268,-0.017636215,-0.0007999233
42392000,-0.005756438,0.0030643567,-10.0667515,-0.048456714,-0.016483635,-0.0007361091
42396000,0.0022554677,0.00070430554,-10.058437,-0.046640605,-0.016379885,-0.00040439138
42400000,0.008366944,-0.001887975,-10.06064,-0.04420699,-0.016009057,-0.00020007144
42404000,0.006735835,0.0066957786,-10.056991,-0.040741913,-0.014342143,-0.0005687038
42408000,0.0007310372,-4.9978204e-05,-10.048592,-0.0383749,-0.012199501,-0.0007320404
42412000,0.0012646918,-0.00952127,-10.0425625,-0.036119875,-0.010891738,0.00010036013
42416000,-0.005489652,-0.0021836297,-10.030949,-0.03290922,-0.009109129,-0.00023241942
42420000,-0.006635775,0.0043176683,-10.035441,-0.03024005,-0.007526804,-0.0010346969
42424000,-0.0034840677,0.00055848033,-10.056582,-0.028556593,-0.006535156,-0.0009333518
42428000,-0.00044099387,-0.003111464,-10.063975,-0.025897764,-0.0042484715,-0.00029252784
42432000,0.003197009,-0.0036340433,-10.070747,-0.022946991,-0.0024008136,-0.0002116004
42436000,0.0014568046,-0.0043590274,-10.073039,-0.021699421,-0.0012219567,-0.00010483257
42440000,0.0070431577,-0.008008672,-10.060537,-0.019423485,0.00040412054,0.00017805483
42444000,0.0073943436,-0.012673029,-10.054293,-0.01668616,0.0013797792,0.00012351341
42448000,0.0060721748,-0.0049049747,-10.046797,-0.014748862,0.002558959,-0.00055732316
42452000,0.0018204657,0.0019336801,-10.0358715,-0.0126664005,0.0051086824,-0.0005979891
42456000,0.0002175245,0.0006506192,-10.015147,-0.011080604,0.0064629633,0.0001279701
42460000,0.0071494756,-0.0004156234,-10.025949,-0.008852823,0.0069669667,2.7988868e-05
42464000,0.008743097,0.0022785058,-10.056763,-0.006906648,0.007201853,-0.00029808737
42468000,0.003162788,0.0031547362,-10.062608,-0.00481084,0.007859223,-1.1149974e-05
42472000,0.0025375737,-0.0069781807,-10.059265,-0.0033837168,0.009523843,0.000565044
42476000,0.0030148472,-0.00658107,-10.0618,-0.0025554795,0.010368846,0.0005164271
42480000,0.002074669,-0.004726282,-10.062433,-0.0011813928,0.01041666,0.0007434427
42484000,-0.0015667418,-0.0064524612,-10.0507765,-5.9456984e-06,0.010377788,0.0007522729
42488000,0.003144682,-0.00056811253,-10.038795,0.0010674197,0.011170918,0.0005540294
42492000,0.009764425,0.00075905124,-10.022329,0.002201747,0.011367346,0.00033426617
42496000,-0.00052799296,0.0035628376,-10.01486,0.0039059797,0.01028692,0.00039107565
42500000,-0.0006969222,0.011495267,-10.029034,0.00488399,0.011849269,0.00027754458
42504000,0.004193142,0.010427131,-10.0518,0.0052452586,0.013077811,-0.00047939847
42508000,0.0006828216,0.003820563,-10.064575,0.005433295,0.012716609,-0.00047266847
42512000,-0.0017203959,0.005366131,-10.0577965,0.0062209284,0.013785509,-0.0007291986
42516000,0.0004176175,-0.0031769744,-10.052228,0.008015641,0.014369473,-0.0007508927
42520000,-0.002461126,-0.004586388,-10.051662,0.008843304,0.014347827,-0.0002740799
42524000,-0.0028826036,-0.002392708,-10.046133,0.0074410643,0.014198641,-2.1817546e-05
42528000,0.0017517048,-0.0026808751,-10.031881,0.008024443,0.014338989,-0.00020500142
42532000,-0.00046462356,-2.62197e-05,-10.021889,0.010105191,0.014354832,-0.00015316058
42536000,-0.0008213818,-0.002294826,-10.01429,0.010538827,0.014395648,0.00016193905
42540000,0.0031695522,-0.0026196681,-10.015314,0.010510913,0.015227209,-4.077113e-05
42544000,0.010847148,-0.002563467,-10.040746,0.010980227,0.015377355,3.9071558e-05
42548000,0.008376489,0.0030547215,-10.060503,0.012379004,0.01599813,-0.0014155544
42552000,-0.0031089627,0.00029322892,-10.065855,0.012946052,0.016113928,-0.00093997887
42556000,-0.0012066993,-0.004999178,-10.062864,0.013015806,0.015337346,0.00054772897
42560000,0.003220459,-0.0069789216,-10.063018,0.013706836,0.015584655,0.0004717292
42564000,0.0015311127,-0.007990881,-10.055834,0.014074041,0.01563636,0.00013860287
42568000,-0.0029369388,-0.005277699,-10.04587,0.013543615,0.015250847,0.0001564007
42572000,0.0033461316,-0.0034936876,-10.030132,0.012901786,0.015033229,-0.0003595073
42576000,0.006101337,0.0007572373,-10.010865,0.01274982,0.014824374,1.0748343e-05
42580000,0.00091547455,0.00031228366,-10.025085,0.012795266,0.015043508,0.0012584067
42584000,0.0018505323,-0.0056786197,-10.052605,0.01301694,0.015237698,0.0007335519
42588000,0.001574123,-0.0042599826,-10.060928,0.0138750775,0.014887558,0.0001210155
42592000,-0.0029731086,0.0040339082,-10.05464,0.014682738,0.014312876,4.422309e-05
42596000,2.4728946e-05,0.006773595,-10.045507,0.014718522,0.013899352,0.0006355953
42600000,-0.0024260986,0.0016241933,-10.036385,0.013986223,0.014143313,-2.1374779e-05
42604000,-0.00657765,-0.0064898655,-10.03355,0.01433807,0.015028407,0.00024162701
42608000,-0.0050741085,-0.00995607,-10.032298,0.014262996,0.014153522,0.0008015407
42612000,-0.011807458,-0.004570034,-10.026466,0.014850304,0.013467052,-0.00021095852
42616000,-0.012960767,0.002067218,-10.010923,0.015738847,0.01448588,-0.0003610442
42620000,-0.01023207,-0.0011368688,-10.012636,0.014630407,0.014814901,-0.0010589315
42624000,-0.005634876,-0.0005341269,-10.039457,0.01452164,0.0147461435,-0.00048329905
42628000,-0.0037903222,0.006813232,-10.046072,0.015418511,0.01425933,0.00013852485
42632000,-0.0042635077,0.0020837483,-10.04917,0.015524542,0.0147124175,-0.00012967718
42636000,-0.0067091454,-0.0006462787,-10.05345,0.015194495,0.01437128,0.00058516517
42640000,-0.008625555,0.0033761675,-10.050907,0.014967523,0.0138844745,0.00073441176
42644000,-0.0035152251,0.003995358,-10.046147,0.014826861,0.013925518,0.00045796612
42648000,-0.0028841647,0.0059729684,-10.032541,0.014453607,0.013388256,-0.00023170156
42652000,-0.0019744707,0.0019329624,-10.027208,0.014869291,0.0133963935,0.00011287673
42656000,0.00085434964,0.0004889598,-10.027368,0.015646834,0.012597171,0.000383086
42660000,-0.004239583,-0.0010818489,-10.023256,0.014752315,0.011938441,0.00040912695
42664000,-0.0045999177,-0.0029732871,-10.024378,0.014129589,0.01254314,0.0007130405
42668000,-0.0014438792,0.004082446,-10.031234,0.01544267,0.012047873,-0.00021597973
42672000,-0.0042855907,0.006304346,-10.035103,0.015632927,0.01238137,-0.0006713277
42676000,0.0009634637,0.0054439846,-10.034624,0.013819969,0.01287439,0.000512386
42680000,0.0033719845,0.0030746174,-10.028909,0.014074121,0.012422512,0.0014476372
42684000,-0.0062799715,0.00422814,-10.022733,0.014472458,0.013109919,0.0009635732
42688000,-0.0024577165,0.0044613183,-10.02261,0.013879695,0.011685719,-0.0006494568
42692000,0.0029872723,0.0019857867,-10.012325,0.014350653,0.010284288,-0.00140549
42696000,-0.0016156845,-0.0012720419,-9.9940605,0.014215891,0.010500689,-0.00055325776
42700000,-0.0034945412,-0.004387954,-10.004908,0.013597316,0.010210868,0.0006335748
42704000,-0.0041606883,0.0017699613,-10.028297,0.013680628,0.009698528,0.0005092383
42708000,-0.0013595102,0.008283349,-10.042934,0.0142967645,0.009371491,-0.0006579674
42712000,0.0030440185,0.0054898453,-10.046598,0.014937901,0.009728531,-0.00058206555
42716000,0.004008079,-0.003627875,-10.034187,0.015159041,0.010205885,0.0004942822
42720000,0.004777777,-0.0053176587,-10.029507,0.013768475,0.010709767,0.0009901252
42724000,0.011579396,0.0029158995,-10.020632,0.013114484,0.011015378,0.0008245788
42728000,0.01642888,0.0052519585,-10.01087,0.01386648,0.010953814,0.001202206
42732000,0.004536313,0.0004704022,-10.011374,0.014010327,0.010797917,0.00081193185
42736000,0.0026712588,0.00086832244,-9.997429,0.013487938,0.010575284,0.0004835702
42740000,0.0052804737,0.007148974,-10.002527,0.012681742,0.010312377,0.0001892412
42744000,0.0029165614,0.0034122085,-10.032998,0.013533258,0.011654095,-0.001211227
42748000,0.002779951,-0.002009968,-10.0373535,0.01400908,0.011829362,-0.00047198727
42752000,-0.0049784635,0.0027449708,-10.033125,0.013151652,0.011165968,0.0011234381
42756000,-0.0017357953,0.006320296,-10.033833,0.01316275,0.010383182,0.0005676907
42760000,0.002942432,0.0032878602,-10.028565,0.013512325,0.009957992,9.578456e-05
42764000,0.004231769,-0.0018228213,-10.0280075,0.012914171,0.010054607,0.0006907044
42768000,0.008041359,0.00023343341,-10.022453,0.013047275,0.009788712,-3.705505e-05
42772000,0.0037676946,0.0031600532,-10.007872,0.013448738,0.00900098,-0.00012374642
42776000,-0.0023047477,0.0019169427,-9.999468,0.012842686,0.008014918,-0.0002991943
42780000,-0.0036099637,-0.0052354834,-10.011778,0.012914407,0.0085035665,-0.00053837517
42784000,0.0015147062,-0.0025511135,-10.028168,0.013054832,0.008446466,-0.00035368348
42788000,0.0046603284,-0.00017818852,-10.034183,0.012347166,0.008173099,-0.0006023319
42792000,0.0054115355,-0.00059084926,-10.034338,0.012366509,0.009197382,-0.0006010243
42796000,5.667704e-05,0.0068117036,-10.028479,0.0119325975,0.009466913,-0.00015334909
42800000,-0.0056957565,0.0036381031,-10.023563,0.011466682,0.007842787,0.00050109974
42804000,-0.0028022956,0.0007167212,-10.018144,0.011869261,0.007906589,-0.00020644059
42808000,1.6619745e-06,0.004278913,-10.009057,0.011586302,0.008719919,-0.0012238177
42812000,0.0001879499,0.0031548608,-9.995806,0.010743504,0.009082222,0.0002542319
42816000,-0.0086907195,-0.004271977,-9.99072,0.011313024,0.009702723,0.0011312835
42820000,-0.0095143635,-0.0015620465,-9.998449,0.011351901,0.009538847,0.00023141273
42824000,-0.0056166025,0.0029730531,-10.012245,0.009903227,0.0089537,0.0006146163
42828000,-0.0021534448,0.0019243188,-10.017086,0.009978012,0.0080963075,0.00010653653
42832000,-0.002595044,-0.00089644187,-10.018795,0.011362394,0.007613097,0.00025685297
42836000,-0.0013100333,-0.004236673,-10.021947,0.011885437,0.007876853,0.0012152309
42840000,0.0004821674,-0.001726207,-10.014578,0.011136566,0.007827699,0.0010115923
42844000,-0.0075408,-0.005771001,-10.002884,0.010871861,0.007780144,0.00034589577
42848000,-0.0060020313,-0.0048111207,-9.99962,0.01181238,0.0074338983,0.00027637105
42852000,0.00044063496,-0.00042999058,-9.998285,0.012565503,0.0071282024,-2.3440869e-06
42856000,0.002054436,0.0030568854,-9.985546,0.012601596,0.007180083,0.00029365002
42860000,0.0041349926,0.007553164,-9.987089,0.01217981,0.007871388,0.00010627548
42864000,0.004468925,0.0027924553,-10.008506,0.011402799,0.0074741803,7.189913e-05
42868000,-0.0010944011,0.006194148,-10.020595,0.011529973,0.007131454,-1.7472119e-05
42872000,-0.0007999705,0.007558185,-10.022652,0.0112781525,0.007341064,7.140628e-05
42876000,0.00060024345,0.0026147997,-10.023421,0.01133401,0.006950789,0.00059115916
42880000,-0.00049391075,0.0005062124,-10.01574,0.011581329,0.0075855507,0.00038210713
42884000,0.003946467,-0.0039774356,-10.006596,0.0108648855,0.007839645,-0.00023602186
42888000,0.004862236,0.0023655337,-9.992563,0.011210104,0.007234478,0.00050650944
42892000,-0.004670288,0.0068213344,-9.978567,0.010946242,0.005622739,0.0016867678
42896000,-0.006426019,-0.0003736087,-9.97232,0.011188685,0.005534479,0.0002933174
42900000,-0.004296143,-0.0034103836,-9.9682865,0.011768825,0.0064096423,0.00011985276
42904000,0.00048800278,0.0071970103,-9.976004,0.011119476,0.0064112674,6.693412e-05
42908000,0.0046693822,0.011807749,-9.986727,0.011063615,0.0061405296,-0.00056188717
42912000,0.0022372017,0.008565908,-9.993803,0.011047086,0.0063597583,0.00048485197
42916000,0.0039047655,0.012014762,-9.996265,0.010781846,0.006139087,0.00085004367
42920000,0.0033087633,0.008276509,-9.991198,0.009987855,0.005641988,0.00016944377
42924000,-0.00054204656,-1.9759684e-05,-9.995962,0.0101107275,0.006054091,-0.0005492433
42928000,-0.0015058741,-0.002838113,-9.997557,0.010938534,0.005608466,-0.0007441549
42932000,0.00043553882,-0.0014611238,-9.980854,0.010614415,0.0053800293,0.00031353306
42936000,-6.004935e-06,0.0028105837,-9.963034,0.010306298,0.0062070624,8.81846e-05
42940000,-0.005968596,0.006688405,-9.970707,0.010746881,0.005958728,-0.0005656226
42944000,-0.0063729538,0.0042270473,-9.999617,0.010949269,0.0060470817,0.00015838955
42948000,-0.004316665,0.0057638087,-10.010019,0.010255232,0.006671585,0.00092846685
42952000,-0.004148181,0.0006924672,-10.0068245,0.009980433,0.0059494837,0.00022061582
42956000,-0.0074196723,-0.0010338385,-10.009823,0.010317436,0.004653583,-0.00087190425
42960000,-0.0084406035,0.0039560166,-10.007744,0.009405143,0.005159844,0.00021522689
42964000,-0.006865602,0.0051716105,-10.004108,0.009129769,0.004907875,0.0012967034
42968000,-0.0038614194,0.006002614,-9.996307,0.010490863,0.0033581392,0.00072932563
42972000,-0.00088663236,0.0047334176,-9.984127,0.010908927,0.0043910774,-3.5995094e-05
42976000,-0.00198447,0.005911817,-9.972935,0.0103146145,0.0048239864,-0.00076844083
42980000,-0.0023235115,0.0020968893,-9.976262,0.010649983,0.0045630643,-0.00043622692
42984000,-0.0039239256,-0.00020912058,-9.995548,0.010448639,0.0043276986,0.0008235358
42988000,0.0006113793,-0.0008235829,-10.008539,0.010006976,0.0041586068,0.00018085483
42992000,0.006500703,-0.0002536494,-10.000769,0.010163192,0.0047279936,-0.0007037773
42996000,0.003206965,0.003277912,-9.990753,0.010032653,0.0053336313,-2.1559317e-06
43000000,-0.003029148,0.002445106,-9.999426,0.010519612,0.0056494195,-0.00031307247
43004000,-0.0024050323,0.0025850153,-10.00145,0.011014121,0.0048013963,-0.0002781493
43008000,0.0032946288,0.0030593628,-9.997177,0.010168113,0.0044678748,0.00048095995
43012000,0.0015045764,0.003327617,-9.979383,0.01034291,0.0057575046,-0.00018556828
43016000,-0.0012938362,0.0035988274,-9.959785,0.010110925,0.00542139,-0.0007671816
43020000,0.0057276776,0.004820361,-9.972513,0.008574312,0.0040438753,-0.000112144226
43024000,0.009209368,0.0030215515,-9.990826,0.00891533,0.0039671804,0.00031041692
43028000,0.0043140547,-0.002625418,-9.998544,0.009789226,0.0042746793,-0.00028193317
43032000,-0.0026853085,-0.00045773803,-10.003342,0.010139061,0.0038992476,-0.00044174548
43036000,-0.009588181,0.0034953635,-9.9999275,0.009654492,0.003616809,0.0008608222
43040000,-0.009876644,0.0050569316,-10.000919,0.008760965,0.0035893787,0.0017314584
43044000,-0.0024488564,0.0044358727,-10.002134,0.009148595,0.003129805,0.00058608653
43048000,0.0015576126,0.00074363715,-9.996055,0.010089544,0.0030124576,-5.5285433e-05
43052000,0.0017903257,-0.00030429027,-9.984279,0.009623462,0.0026001185,1.3345124e-06
43056000,0.0011349262,0.003461565,-9.965155,0.009392431,0.0032766063,-0.00034199256
43060000,0.002618884,0.0039759804,-9.967789,0.010225277,0.0041730744,-0.00016208838
43064000,0.002718267,0.005303217,-9.992439,0.010931326,0.0035132112,-0.0009910003
43068000,0.0019696658,0.0085433405,-10.00618,0.010504859,0.003369601,-0.000992255
43072000,0.0006026329,0.0070297276,-10.005028,0.010131789,0.0029303157,0.0002712435
43076000,0.003907414,0.008274152,-10.005103,0.009395323,0.0025194068,0.00045958214
43080000,0.0069658603,0.011700566,-9.996706,0.008977221,0.0023198288,0.0011392477
43084000,0.003730128,0.009317422,-9.986297,0.009183743,0.0016584314,0.000891444
43088000,-2.2856984e-06,0.0008004057,-9.977321,0.009553303,0.0015591376,-4.8239467e-06
43092000,0.0005908642,0.0022317038,-9.964518,0.010442603,0.0022692236,-0.00021797909
43096000,0.0010419553,0.005732776,-9.957123,0.010116385,0.0032952551,-0.00020797651
43100000,0.00084330013,0.0039298395,-9.967752,0.009643253,0.0032034775,-2.541874e-05
43104000,0.001972672,0.004025328,-9.987438,0.00988865,0.003243711,0.0004736104
43108000,-0.0067734094,0.007976047,-9.988752,0.01120393,0.0027904673,0.00095633854
43112000,-0.008464958,0.007441591,-9.987375,0.011608976,0.002145328,0.00081331615
43116000,-0.0023366944,0.0011074652,-9.98583,0.010233065,0.0027238966,0.0003978795
43120000,-0.009444795,-0.0011521123,-9.98264,0.009102668,0.0031149976,-0.00090245606
43124000,-0.010394881,-0.0058531766,-9.980414,0.008806067,0.0038139913,-0.0005906305
43128000,-0.0032672826,-5.6944024e-05,-9.968795,0.009008493,0.0029848397,-0.00086326536
43132000,0.00027159415,0.0075929076,-9.960013,0.009973846,0.0023313616,-0.0009866182
43136000,-0.00024584355,0.008327641,-9.952723,0.010365085,0.0022411325,0.000105594496
43140000,-0.007944977,0.005383887,-9.960846,0.010062833,0.001807207,0.0003023492
43144000,-0.00046060147,0.0013989849,-9.979186,0.010159623,0.0023985212,0.000185769
43148000,0.010888422,-0.0006201587,-9.995054,0.009599947,0.0027233162,-0.00080608873
43152000,0.0060965717,-0.00452587,-10.001604,0.009511035,0.0026017802,-0.0011705284
43156000,0.0016614792,0.0035565125,-9.993822,0.010032285,0.0017649833,0.00019985843
43160000,0.0029488644,0.006558377,-9.990983,0.010008904,0.0009853791,0.00014073653
43164000,-0.0015144459,0.0022904489,-9.979761,0.009249096,0.0009371178,-0.00048137963
43168000,0.0040475447,-0.0004104043,-9.966538,0.008629929,0.0019881767,-0.00036597735
43172000,0.0036194355,-0.002617459,-9.960058,0.009478431,0.0020622457,-0.00018595415
43176000,-0.0064405883,0.002729564,-9.948051,0.009655263,0.0019902107,8.784762e-05
43180000,-7.378404e-06,0.007930438,-9.952469,0.009665755,0.002234735,0.00038003296
43184000,0.00094107806,0.0046645193,-9.980786,0.010517009,0.0026592524,0.00046167723
43188000,-0.0013467177,-0.0028264527,-9.985598,0.011001456,0.0028624136,-0.0007075905
43192000,0.0060695577,0.007007163,-9.978794,0.010965768,0.0017689002,-0.0006959408
43196000,-0.0005354794,0.012844696,-9.980244,0.010626461,0.0008723885,-0.00026209105
43200000,-0.004342313,0.003888577,-9.976452,0.010564176,0.00036188326,-0.0004993678
43204000,0.0026982536,0.004036791,-9.962307,0.010353039,0.002304941,0.0007359809
43208000,0.00452017,0.0037565066,-9.95323,0.010899692,0.0032610712,0.0017866144
43212000,0.0037195105,0.0068941875,-9.951317,0.01119311,0.002088165,0.0011772002
43216000,-0.00030489967,0.00767026,-9.93679,0.010928696,0.0017796978,0.00052997493
43220000,0.0015379015,0.0009052074,-9.944483,0.009831818,0.0018339031,0.0013180698
43224000,0.0043087946,0.004501536,-9.972956,0.009498352,0.0014378715,0.0013541934
43228000,0.0001494121,0.0056714797,-9.980301,0.010497453,0.00025974138,0.0005846888
43232000,-0.0034849416,0.0023210952,-9.976755,0.010542799,0.00010806658,0.00047814474
43236000,-0.0013712003,0.0032164343,-9.9832,0.010031875,0.0004458327,-0.00044027428
43240000,-0.0030142772,0.0007970111,-9.983892,0.0107375095,0.0013897637,-0.00069595984
43244000,-0.00741323,-0.0017482046,-9.975336,0.011329659,0.0016146228,-0.000479434
43248000,-0.0031075561,0.0033142052,-9.965841,0.0109242415,0.0007329765,-0.0008507924
43252000,-0.0026446576,0.0074835233,-9.953526,0.0111870635,9.9288634e-05,-0.0011623593
43256000,-0.00018610782,0.004113515,-9.939009,0.010974761,0.0005613982,0.00043254026
43260000,0.0028383976,0.001479725,-9.9439125,0.010869121,0.00074753765,0.0012578262
43264000,-0.0039033256,0.007400174,-9.965119,0.010800907,-0.00013488185,0.0002288147
43268000,0.0024978796,0.0020590252,-9.971965,0.010583107,-0.00023145026,-8.658506e-05
43272000,0.005629052,0.0008568196,-9.9740925,0.011127868,0.0006499837,0.00024322091
43276000,-0.0046076854,0.007090374,-9.974621,0.011587346,0.00041335076,8.246518e-05
43280000,-0.0033670445,0.0041778795,-9.970932,0.011017469,-0.0001761531,-0.00019643245
43284000,0.006263625,0.0042376756,-9.963875,0.010562934,-0.00015869379,1.7794478e-05
43288000,0.0055118212,-0.0016359522,-9.95307,0.010157766,-0.0008429306,-1.7806286e-05
43292000,0.0016652102,0.0026712788,-9.937977,0.010522309,-0.0008224232,-0.000120900964
43296000,-0.0025562996,0.014479403,-9.931084,0.011389786,0.00048799318,-5.8025016e-05
43300000,-0.0021669497,0.009068075,-9.944663,0.011251855,0.0009347185,0.00079557183
43304000,-0.00051530835,0.004851193,-9.968127,0.010862798,-0.00047623523,0.0016771269
43308000,-0.00095610676,0.0042770384,-9.981439,0.01153693,0.000590865,0.00037427494
43312000,0.0021375073,0.005293005,-9.980408,0.011382656,0.0017178511,-0.00023967132
43316000,-0.003693143,0.004954926,-9.9754715,0.011061969,0.00064284855,0.0008277183
43320000,-0.0070940466,-0.0015239217,-9.970225,0.010235922,8.325514e-05,0.0007146167
43324000,-0.0037888924,0.0041847453,-9.966168,0.010001682,-0.00040179113,3.313467e-05
43328000,0.0029288053,0.0063185343,-9.956768,0.01063244,8.87306e-06,0.0001304685
43332000,0.0024648407,-0.0015732805,-9.939516,0.0107404115,-0.00029202373,-0.00032402333
43336000,-0.0010090822,0.0006761512,-9.926751,0.010436181,-0.000689187,-0.0012020884
43340000,-0.00117929,0.007598895,-9.936882,0.008493262,-0.0004933489,-0.0009646665
43344000,-0.004779864,0.0057509067,-9.961786,0.009308319,-0.000841256,0.00034246634
43348000,-0.005334299,0.0033134334,-9.97554,0.010686129,-0.0005952215,0.00070370774
43352000,-0.0074527175,0.0067269495,-9.971164,0.009497178,-0.0007621927,0.0001237218
43356000,-0.008226907,0.008381354,-9.96353,0.009411072,-0.0011135888,0.00022480756
43360000,-0.0035071282,0.0036587338,-9.96789,0.009679324,-0.0007232315,-6.1302626e-06
43364000,-0.0024618455,0.0029556602,-9.963958,0.009656401,-0.00052618457,-0.00045656832
43368000,0.0056979964,0.0067638205,-9.95034,0.01015576,-0.00018382714,-0.00012149721
43372000,0.0075818165,0.0021421576,-9.949451,0.00928143,0.0003449705,-0.00029614894
43376000,0.003605024,-0.0030064455,-9.93449,0.008577073,-0.00029873636,-0.00012747
43380000,0.007532754,-0.0011700408,-9.919392,0.00880881,-0.00058787846,-8.656545e-05
43384000,0.00210329,0.00059319887,-9.916666,0.009823158,-0.00026862725,0.0005221682
43388000,0.0031999322,-0.0018317248,-9.914877,0.009257895,-0.000599533,0.00069324696
43392000,0.008385719,-0.0043134983,-9.907879,0.007546891,-0.0015097866,-0.0005629809
43396000,0.0013814322,-0.0012609455,-9.881079,0.008531752,-0.0014537275,0.0004240493
43400000,-0.003562525,0.0057153013,-9.854797,0.009915527,-0.00086729374,0.0010495066
43404000,0.0017160932,0.0068109385,-9.834774,0.009434938,-0.001331491,0.0007298504
43408000,-0.0032880888,0.007741348,-9.809599,0.008695739,-0.00096490554,0.00043718817
43412000,-0.0042926157,0.0026285674,-9.78221,0.008093971,-0.0003219083,0.0002893525
43416000,0.001812796,-0.0062274467,-9.762489,0.0076071257,-0.00041409105,0.0006934532
43420000,0.00270319,0.0025086985,-9.748858,0.007524883,-0.0014621983,-0.00019197991
43424000,0.0074778562,0.006716149,-9.730961,0.007378498,-0.0022627201,-0.00060365786
43428000,0.0029209028,0.0018087914,-9.714523,0.007085126,-0.002128872,0.00067963277
43432000,0.00039720396,0.00488887,-9.700925,0.0068253363,-0.0021546646,0.0007623019
43436000,0.0046882294,0.004531244,-9.675209,0.0068184882,-0.0031185006,0.00049988454
43440000,0.004545998,0.0037959565,-9.648843,0.0069969646,-0.0034493639,0.0009070905
43444000,0.00024001108,0.0046183993,-9.621754,0.006272982,-0.0030329828,0.0013849878
43448000,0.0025104992,-6.978194e-05,-9.596445,0.0061502564,-0.0030606028,0.0012821822
43452000,0.0036170066,-0.0017685527,-9.574982,0.006544508,-0.003436668,0.00036967572
43456000,-0.002426156,0.0033817936,-9.554153,0.005964974,-0.0026904314,-0.0003063501
43460000,-0.0022851739,0.009066897,-9.546328,0.0052617667,-0.001542721,1.437231e-05
43464000,0.0011822165,0.006629319,-9.541447,0.005103781,-0.0021447078,0.0004892134
43468000,0.0015291411,0.0011155682,-9.52878,0.0051849987,-0.0017591531,0.00053863984
43472000,-0.006730156,-0.0026660953,-9.516449,0.004833367,-0.0025216397,0.00081168895
43476000,-0.007387532,-4.5151577e-05,-9.517967,0.004757241,-0.0031403538,0.0005400976
43480000,-0.0032440438,6.68842e-05,-9.503941,0.005343096,-0.0019393774,-0.00023562444
43484000,-0.00074570184,-0.0010766155,-9.477945,0.0057169423,-0.001919422,-3.4640943e-05
43488000,-0.0016503333,-7.241889e-05,-9.461866,0.005020179,-0.002910332,0.0002757792
43492000,-0.0035823102,-0.0012693839,-9.452895,0.004482751,-0.0037110862,0.00018603216
43496000,0.0028879545,0.0010931325,-9.438551,0.004661061,-0.001833635,-5.6427238e-05
43500000,0.0031343433,0.0027186496,-9.438164,0.0046875384,-0.00068987004,0.00023987607
43504000,-0.004447994,0.0039493707,-9.464621,0.0042429613,-0.0019088897,0.0011234398
43508000,-0.005600629,0.0054441076,-9.474241,0.0039831847,-0.0018796455,0.0009196676
43512000,-0.0044640363,0.0058924383,-9.462196,0.003270599,-0.0022235492,-8.919554e-05
43516000,-0.0028516538,-0.002808829,-9.452364,0.0033436993,-0.0025666344,0.0004362509
43520000,-0.00069127185,0.00033812795,-9.451599,0.0037443175,-0.0026922603,0.0011559108
43524000,-0.000112159774,0.012963553,-9.444187,0.0034708376,-0.002619871,0.0005102359
43528000,-0.005498517,0.007211804,-9.433477,0.0030420073,-0.0021590695,0.00043521103
43532000,-0.00663179,0.0057235365,-9.435421,0.00294869,-0.0020962202,0.0002470519
43536000,-0.0015152377,0.0040229857,-9.424685,0.0029256784,-0.0029210083,0.00059337384
43540000,-0.000116093914,-0.0013241478,-9.426566,0.001994002,-0.0031615198,0.0011408483
43544000,0.00095363864,-0.00092483434,-9.456304,0.0024297738,-0.0023661242,0.00018980251
43548000,-0.0047238134,0.0015553783,-9.470059,0.0026463948,-0.002488688,0.00041668248
43552000,-0.0017053226,0.005019282,-9.479035,0.0022470485,-0.002349984,0.00016475678
43556000,0.0014198323,0.00095655606,-9.483229,0.002982521,-0.0020996644,-9.013937e-05
43560000,-0.002649181,0.00041232866,-9.478146,0.00295408,-0.0031837,0.00018441572
43564000,-0.005717929,0.0074570384,-9.463018,0.002136143,-0.0035053457,-0.0006389785
43568000,-0.008998273,0.0055349055,-9.444973,0.0019825588,-0.0028884439,-0.00047976233
43572000,-0.006516586,0.005197966,-9.43895,0.0026630156,-0.0022120695,-0.00022197847
43576000,-0.0070596025,0.010324662,-9.437349,0.002763947,-0.0023187124,-0.0004586043
43580000,-0.007884334,-0.0011619908,-9.451206,0.002620794,-0.003228596,-0.00046321255
43584000,-0.0023579204,-0.005613534,-9.479334,0.002277886,-0.0027538552,-7.2066614e-05
43588000,-0.0016239652,-0.0030456502,-9.495104,0.0018185866,-0.0031535195,0.00093808386
43592000,-0.0025573531,-0.0034198903,-9.491901,0.0017166579,-0.0037784788,0.0013771773
43596000,0.0031632634,0.004917113,-9.491501,0.0011718848,-0.0030814745,0.00088053534
43600000,0.0019836845,0.006005909,-9.489818,0.00026457704,-0.003092256,0.00020029645
43604000,-0.00041718245,0.0016173179,-9.480391,-0.00023246119,-0.0034054692,-0.00013115429
43608000,0.0021051576,-0.0023851313,-9.477333,0.00033641505,-0.0038997815,0.000546628
43612000,0.0029388585,-0.0013676328,-9.468343,0.0006215783,-0.0047701304,0.0005887739
43616000,0.0048233084,0.0022374652,-9.45441,-0.00024556302,-0.004943599,0.0005495179
43620000,0.00131528,0.0034643454,-9.464058,-0.000905499,-0.0050899396,0.0006729958
43624000,-0.002889675,-0.002244124,-9.485245,-0.0004922861,-0.004585687,0.00020596979
43628000,0.0010582597,-0.006919824,-9.49621,0.000637678,-0.0037377037,-9.05909e-05
43632000,3.9408456e-05,0.0010533408,-9.50412,0.00014018394,-0.0033837126,-0.000110549685
43636000,-0.0022634564,0.0035561316,-9.51073,-0.0015494432,-0.00216944,0.0003326014
43640000,-0.0035093345,-0.00013262375,-9.505848,-0.0010938992,-0.0019825944,0.000453082
43644000,-0.0062497426,-0.0014756958,-9.497343,-0.000561893,-0.0022344103,0.00091703306
43648000,-0.0029792616,0.0011108294,-9.485973,-0.0011659962,-0.002312497,0.00057332823
43652000,0.0014540586,0.0074139847,-9.475859,-0.0010156484,-0.0031694702,-0.00029833548
43656000,0.00042103732,0.006172137,-9.468094,-0.00023993663,-0.0031158123,0.0001343296
43660000,0.0034525348,-0.0020304127,-9.477688,-0.00023261989,-0.0025660966,0.00026005544
43664000,0.0034599074,-0.0050507714,-9.508932,-0.00026760108,-0.0025667064,0.00023209023
43668000,0.0016188945,-0.0018315478,-9.525887,0.00024290335,-0.0029957448,-0.00013492693
43672000,0.0032448575,0.0019627037,-9.536767,0.00053109304,-0.003451576,-0.00061004696
43676000,-0.0007708932,-0.0003981117,-9.53613,-0.0003153369,-0.0041189706,-0.00025865977
43680000,-0.00047966512,-0.001037662,-9.520943,-0.00078860344,-0.00435758,0.00041195552
43684000,0.0016223192,0.00243773,-9.502495,-0.0011043443,-0.0038476342,-0.00032785922
43688000,0.0076649766,0.0026200325,-9.500645,-0.0021267943,-0.0032734172,-0.0006695172
43692000,0.008968102,0.0067120427,-9.492947,-0.002090951,-0.0032632689,0.0005930153
43696000,0.0048820716,0.006463951,-9.474247,-0.0021208723,-0.0031808403,0.00070585706
43700000,0.0037090709,-0.00037404182,-9.488964,-0.0021449663,-0.003229814,-3.3657798e-05
43704000,2.0083393e-05,0.0029670359,-9.515682,-0.0016918218,-0.0032613652,0.00015145254
43708000,0.0023881765,0.007032727,-9.527184,-0.0016512743,-0.0035650767,4.3951397e-05
43712000,0.0053520566,0.001131434,-9.530198,-0.0014286719,-0.003987935,-0.0004989779
43716000,0.0024956965,0.0012086565,-9.528406,-0.001840374,-0.003362264,0.0002160829
43720000,-0.00050278567,-0.0010395563,-9.526928,-0.0017939417,-0.0026897844,0.00047981137
43724000,-0.0011693652,-0.013938209,-9.519661,-0.0014819521,-0.002387003,-9.0998394e-05
43728000,-0.00012193111,-0.0068656034,-9.514348,-0.0021998393,-0.00232222,-0.0005553454
43732000,-0.0029835051,0.0049948427,-9.506092,-0.0018462267,-0.0020760782,-0.0008845783
43736000,-0.0034439953,-0.0028756661,-9.493763,-0.0018367879,-0.002371738,-0.0010746814
43740000,-0.00029762057,-0.0070495126,-9.499809,-0.0018238203,-0.0026166127,-0.0012000719
43744000,0.003724791,-0.0031943333,-9.521345,-0.0013149298,-0.0027357445,-0.0006615252
43748000,0.0017673111,-0.0003980467,-9.546446,-0.0017778603,-0.0026513168,-0.00022975558
43752000,-0.0060016913,0.0006150194,-9.54904,-0.0023501902,-0.0030600012,-0.0002048968
43756000,-0.0069429316,-0.00052234536,-9.540108,-0.0021034728,-0.0031155997,-5.7482146e-05
43760000,-0.0021999802,0.0044000945,-9.53735,-0.0021077783,-0.0029472231,-0.00031392172
43764000,-0.004654589,0.004633366,-9.5308895,-0.0026512265,-0.0031278715,-0.0010734673
43768000,-0.0020324641,-0.00024277765,-9.5183525,-0.0025862302,-0.002576456,-0.0005750962
43772000,0.0024984747,-0.0023491175,-9.50383,-0.0022755268,-0.0038126947,0.00035089283
43776000,0.0015889406,-0.0026163135,-9.497571,-0.0027035545,-0.003707702,5.4144137e-05
43780000,0.0043608984,-0.001779251,-9.511023,-0.0035912187,-0.003162687,-0.00056248857
43784000,-0.0017324586,0.0013501194,-9.532854,-0.0027066115,-0.003694745,-0.0005893584
43788000,-0.00030884315,-0.0027243027,-9.545291,-0.0021363308,-0.0029510404,0.0003269541
43792000,0.0054690964,-0.004979401,-9.544547,-0.0030808966,-0.0022770192,-0.0002544618
43796000,0.004340308,0.005030637,-9.539057,-0.0031266855,-0.0021327117,-0.00011069956
43800000,0.0039475146,0.0013007516,-9.532486,-0.002922576,-0.0035089082,-8.663378e-05
43804000,0.006728964,-0.0028455975,-9.533077,-0.0022714678,-0.0038327384,-0.0014534083
43808000,0.0030553648,0.004376523,-9.522814,-0.0018330548,-0.0034713028,-0.0014251394
43812000,-0.00060910534,0.0024432756,-9.507914,-0.0024602283,-0.00335953,-0.0013744149
43816000,0.004548289,-0.00032912006,-9.500965,-0.0027419422,-0.0021722398,-0.0009239351
43820000,9.973884e-05,0.0059375814,-9.508205,-0.0026142448,-0.0023867607,0.00010053054
43824000,-0.0039205123,0.004273123,-9.542213,-0.0030572847,-0.0031587272,-0.00039182536
43828000,0.004573754,-0.00022538989,-9.558891,-0.0028843079,-0.0030237532,-0.00053986115
43832000,0.0059999386,0.0028480028,-9.556894,-0.0021241538,-0.002825231,-0.0002710387
43836000,0.0031841916,0.0040463055,-9.552916,-0.002306353,-0.0025248723,-0.001035424
43840000,0.0032127076,0.0029375113,-9.541292,-0.0027633936,-0.0020414598,-0.00011334602
43844000,0.00019593413,-0.0011989442,-9.538101,-0.002242526,-0.0017770738,0.0008127434
43848000,0.009449548,-0.0033652403,-9.531128,-0.0023916226,-0.0021865538,9.138551e-05
43852000,0.010604811,0.005053363,-9.516988,-0.0028407811,-0.0021239715,-0.0003780552
43856000,0.0013615054,0.0090593705,-9.501251,-0.0027572538,-0.0020781641,-2.804347e-05
43860000,-0.0046599843,0.0036025702,-9.505947,-0.0030849653,-0.0022075365,-5.9383972e-05
43864000,-0.0011246279,0.003052323,-9.545148,-0.0035434277,-0.0015604479,0.001110025
43868000,0.0039754147,0.004412525,-9.562214,-0.0037107433,-0.001749311,0.0008602864
43872000,-8.53354e-05,0.0013446416,-9.5609665,-0.0035567635,-0.0024620395,-0.0010992346
43876000,-0.00013056437,-0.0010379625,-9.559765,-0.003914958,-0.0025273107,-0.0011602521
43880000,0.00046910642,-0.0012610882,-9.547809,-0.0037535673,-0.0026595527,-0.0006833013
43884000,0.0021120622,-0.0012424906,-9.538368,-0.0031765872,-0.0024023184,-7.61119e-05
43888000,0.0063718185,-0.0009786203,-9.5227165,-0.0032045562,-0.001415176,-0.00038273382
43892000,-0.0046095373,-0.0027940734,-9.510743,-0.0025901939,-0.0014272996,-0.0003903688
43896000,-0.0042004767,-0.0009406645,-9.507142,-0.0015759888,-0.0019749803,0.00077989424
43900000,0.008883706,-0.00022577193,-9.518888,-0.0023200584,-0.0025837969,0.0012401507
43904000,-0.00031921268,0.0061658085,-9.54516,-0.0031863542,-0.0029570085,-0.0004584228
43908000,0.00040618802,0.0065730717,-9.559525,-0.0032178382,-0.0020758652,-0.0007440003
43912000,0.0071395217,0.00031915552,-9.556977,-0.002572311,-0.0015400933,-3.999965e-05
43916000,0.000267711,0.00020210144,-9.550745,-0.0031731608,-0.0011065253,4.8193033e-06
43920000,-0.001837487,-0.0007668404,-9.552601,-0.003845295,-0.0019540265,0.0002764397
43924000,-0.0012360421,0.0050892592,-9.547852,-0.003126834,-0.0028878914,0.0003262511
43928000,-0.000664487,0.0023121107,-9.540689,-0.003394417,-0.0016360264,0.00061254523
43932000,0.0039020597,-0.0043159444,-9.530802,-0.0031694614,-0.0016943561,0.00039047556
43936000,0.0022139135,-0.010806795,-9.518392,-0.0040040244,-0.0017803931,0.00062862836
43940000,-0.0042726165,-0.0034335614,-9.523385,-0.004791826,-0.0021437928,0.00033849105
43944000,0.0035009105,0.006665382,-9.545956,-0.004527027,-0.0037150502,-5.302498e-05
43948000,0.006494631,5.2211417e-05,-9.555637,-0.0054129655,-0.0036942405,-0.00041767085
43952000,0.00608682,-0.003963746,-9.562576,-0.005063518,-0.0029936766,-0.00048734894
43956000,0.011303997,0.002354084,-9.569075,-0.004018354,-0.0035423108,-0.00021596348
43960000,0.005505229,0.0020585584,-9.555757,-0.0045692674,-0.0035852115,0.0003056219
43964000,0.0033434646,-0.0008359435,-9.534704,-0.004331583,-0.0026684417,0.0003167417
43968000,0.0045858244,0.0015094621,-9.528299,-0.003543441,-0.0032226648,-0.0006254999
43972000,-0.0014604141,0.002920053,-9.52936,-0.004035086,-0.0032035236,-0.00122677
43976000,-0.007525501,-0.0011982924,-9.51769,-0.003828703,-0.002595705,-0.0012306522
43980000,-0.003967129,-0.00766253,-9.520162,-0.003788838,-0.0032191991,-0.0003163663
43984000,0.0022647874,-0.0034638203,-9.547411,-0.0038063114,-0.0036377355,-6.41609e-05
43988000,0.00034267845,-0.0018727612,-9.563672,-0.003624663,-0.0026324976,-0.00026598058
43992000,-0.002222429,-0.0012373128,-9.569679,-0.0035300397,-0.0024272797,0.00062848773
43996000,0.006837939,-0.00037550018,-9.56918,-0.0035760645,-0.0040001827,0.0016909932
44000000,0.007461347,-0.0053945505,-9.559055,-0.004143086,-0.004112608,0.001271757
44004000,-0.0027928264,-0.0017885978,-9.543825,-0.0036362438,-0.0028409269,-0.00038165672
44008000,-0.0018213552,0.0027120986,-9.53266,-0.0037523906,-0.0019941824,-0.0005634302
44012000,0.002472489,-0.0012634946,-9.529596,-0.004256955,-0.0020450817,0.00034091354
44016000,0.0019492186,0.0014938244,-9.53422,-0.0035813341,-0.0028985117,9.483662e-05
44020000,-0.0020569845,-0.0010646723,-9.549282,-0.00401946,-0.002599673,0.00028748353
44024000,-0.004880257,-0.0017002852,-9.562912,-0.0041910596,-0.0011102705,0.0006217076
44028000,-0.008447214,0.0034211006,-9.570346,-0.0041572396,-0.00087426096,0.0005876438
44032000,-0.00086607784,0.005654418,-9.576469,-0.004553045,-0.0017822273,0.0004519206
44036000,0.0029145982,0.0024980544,-9.57085,-0.004345698,-0.0022242398,0.0001857077
44040000,-0.0022961216,-0.0015020714,-9.558105,-0.0040450003,-0.0026933216,0.00023591093
44044000,0.0063964985,0.005622252,-9.556552,-0.0051191906,-0.0025024472,-6.1230545e-05
44048000,0.0070081926,0.009084944,-9.544552,-0.006349597,-0.0019218235,0.0002866039
44052000,0.006569543,0.0045354706,-9.527296,-0.004980891,-0.0019019417,0.00022642882
44056000,0.0052851676,-0.002353499,-9.515142,-0.0040774015,-0.00234593,0.00064254744
44060000,0.003462668,0.001911116,-9.518681,-0.004453545,-0.0027849989,0.0009772715
44064000,0.001896674,-0.0008331312,-9.537059,-0.0044067767,-0.0023200237,0.00010326786
44068000,-0.003103939,-0.005082204,-9.553766,-0.004031955,-0.0027505048,0.0003525314
44072000,-0.00010562618,0.0063832253,-9.567163,-0.0041023022,-0.0030292175,-0.00053686195
44076000,0.0059526935,0.00082026504,-9.563999,-0.0037454183,-0.0024400966,-0.001020853
44080000,0.0050941706,-0.003974215,-9.548971,-0.0032145677,-0.0031048758,0.00023008432
44084000,0.0010982159,0.0051576234,-9.536783,-0.0030299777,-0.0027023184,4.5958273e-05
44088000,0.0005189589,0.01006167,-9.533811,-0.0034006943,-0.0020649212,-0.0006113234
44092000,0.0015130047,0.0017123597,-9.526484,-0.0044937776,-0.0029457356,-0.00062033837
44096000,0.0048036757,-0.0012664902,-9.51343,-0.0042283093,-0.0028050488,-8.474878e-05
44100000,-0.0030345286,0.0038342383,-9.523819,-0.0041028336,-0.0024033259,-0.00037581992
44104000,-0.009531042,0.0016906192,-9.541104,-0.0047812504,-0.002656498,-0.0007360338
44108000,-0.004042942,0.006161024,-9.5464945,-0.0042989124,-0.0028394952,-0.00016405643
44112000,0.008803269,0.008581155,-9.552397,-0.004841372,-0.0026986343,-0.00017899874
44116000,0.018821206,0.0063385256,-9.553675,-0.0054134866,-0.0024196585,-0.0010498924
44120000,0.008567725,0.0056870333,-9.545068,-0.0050753616,-0.0025799836,-0.0014226413
44124000,0.0015384097,0.00095347763,-9.534349,-0.0050326264,-0.002386301,-0.00048347964
44128000,0.0068161776,-0.0012877112,-9.52908,-0.0042567877,-0.0025749842,0.00034339147
44132000,0.0018891876,-0.0002484804,-9.517725,-0.0041860905,-0.0028007252,0.00038555302
44136000,-0.0048178243,-0.0052068788,-9.500383,-0.0042711506,-0.0023313959,0.0002853117
44140000,0.00012072269,-0.009502283,-9.510454,-0.0036495065,-0.0022441794,-0.0004785308
44144000,0.008532826,-0.004076536,-9.539229,-0.0040158606,-0.0024470135,-0.00035959933
44148000,0.0017687606,0.0011318722,-9.553927,-0.0044559133,-0.0023806926,0.00017082621
44152000,0.0011392334,0.0006702351,-9.54949,-0.004113047,-0.0023137925,-0.00034956486
44156000,0.008088123,0.00265646,-9.543094,-0.0047034826,-0.0032086747,-0.00059424335
44160000,0.0015173112,-0.001107912,-9.546296,-0.004502861,-0.003938443,-0.00060762255
44164000,-0.0047335476,-0.00261792,-9.541557,-0.0042356513,-0.0037181266,1.5998068e-05
44168000,-0.0018264996,-0.0020053824,-9.525745,-0.0044534877,-0.0032490976,0.00015104626
44172000,-6.754768e-05,-0.0010466015,-9.51631,-0.0048246924,-0.0022371346,0.000396643
44176000,-0.0015119007,0.00092743704,-9.503652,-0.005743207,-0.0010578878,0.00079579925
44180000,0.0026942957,0.0008473526,-9.498378,-0.0052727093,-0.001423416,0.00018282636
44184000,0.0029544996,-0.0018794059,-9.519462,-0.0050693173,-0.0008503812,0.00042690526
44188000,0.002252102,-0.0041475347,-9.54566,-0.005019456,-0.0014028592,0.00036404797
44192000,0.00066021807,0.0016653466,-9.551506,-0.004059516,-0.002985071,-0.0002223764
44196000,0.0005611378,0.0022265548,-9.53871,-0.0033461873,-0.0029007546,0.0005435505
44200000,0.0056158653,-0.0016536866,-9.529731,-0.0039505223,-0.0034183867,0.00046738854
44204000,0.0042200657,-0.005212002,-9.527687,-0.0042555565,-0.003474241,0.00019788249
44212000,0.0008732219,-0.0051814,-9.510287,-0.0041792886,-0.0027793255,0.00017620307
44216000,0.001944009,0.00062687736,-9.5049095,-0.0041502505,-0.0035193923,0.000444316
44220000,0.0029587538,0.0044034244,-9.511356,-0.005016527,-0.0047430634,0.0006656366
44224000,0.007315575,0.007975292,-9.525587,-0.0046195607,-0.004661693,-0.00022067936
44228000,0.011539953,0.006355068,-9.534319,-0.004005596,-0.0041150725,-0.0014568566
44232000,-0.0021113814,-0.00053084124,-9.545346,-0.0046923035,-0.0038098984,-0.0008703465
44236000,-0.006003709,0.00020587975,-9.548128,-0.0051136883,-0.0041973297,-0.00019341742
44240000,-0.0063138,0.002309063,-9.5386505,-0.0047775884,-0.0034431196,-0.0003999108
44244000,-0.00026532548,0.0032007268,-9.529028,-0.004858795,-0.0026812823,0.0001341188
44248000,0.009314533,0.00533646,-9.514198,-0.0046988577,-0.0028864034,0.00014136215
44252000,0.0023521231,0.007698586,-9.503103,-0.0050993823,-0.0030292445,0.00014112392
44256000,0.0025166068,0.005925052,-9.498751,-0.0051647853,-0.0021116086,0.000511895
44260000,0.010182635,-0.0033948168,-9.507488,-0.004376085,-0.0017938679,-0.00083880674
44264000,0.0073842723,-0.0016102962,-9.531401,-0.005080316,-0.0015126693,-0.00090647367
44268000,0.007297036,0.0026055563,-9.547749,-0.004810017,-0.0017916176,0.00010778038
44272000,0.006430823,0.0031869027,-9.5526085,-0.003492253,-0.0020103815,8.528064e-05
44276000,-0.004876537,0.0005386728,-9.547182,-0.0038876582,-0.002009388,0.00025360793
44280000,0.0023108628,-0.0026155247,-9.533983,-0.003889132,-0.0027603754,0.00017769853
44284000,0.004253887,0.002459721,-9.525665,-0.0037845033,-0.0030359079,-0.0001967871
44288000,-0.0053942157,0.00021858873,-9.515844,-0.0041676536,-0.0030899262,0.00037431403
44292000,-0.0038935062,0.0018396123,-9.513263,-0.0040658284,-0.0031645494,0.00097137317
44296000,0.0012158429,0.002979185,-9.500939,-0.004555982,-0.0025654125,0.00050859497
44300000,0.005487201,-0.0030737568,-9.49366,-0.005126825,-0.0031907163,-9.853605e-05
44304000,0.0032873903,-0.003362773,-9.519411,-0.004341153,-0.004291364,-0.0003808971
44308000,0.0026981456,-0.0022798989,-9.540178,-0.0034158481,-0.0037459696,0.0002458253
44312000,0.005969065,-0.0065571847,-9.549227,-0.0039447094,-0.004039571,-0.000105755025
44316000,0.009199087,-0.0074193724,-9.546768,-0.0033493214,-0.004634755,-0.0004737264
44320000,0.006911968,-0.0055419304,-9.537498,-0.0023947593,-0.0053424872,0.00048473748
44324000,-0.0004008744,-0.0035589843,-9.528014,-0.0032023564,-0.004983478,0.0015614945
44328000,-0.0005758797,-0.004664291,-9.516092,-0.004331451,-0.0032044703,0.001457034
44332000,0.011452075,-0.009280755,-9.510669,-0.0043746033,-0.0029339693,0.00018990383
44336000,0.011400515,-0.009032627,-9.507526,-0.003869039,-0.0031295188,-2.374759e-06
44340000,-0.0022658322,-0.003908581,-9.509203,-0.0038990064,-0.0032242448,0.00072402024
44344000,0.00039132987,0.0054984014,-9.522005,-0.0043079853,-0.004161747,7.58815e-05
44348000,0.0043180534,0.0068364916,-9.540518,-0.003426169,-0.0036046307,0.0009175245
44352000,-0.0013255768,0.007542954,-9.544265,-0.00425248,-0.0030456462,0.00092782226
44356000,0.0029805927,0.00602038,-9.540298,-0.0053569586,-0.004331468,-0.0007314048
44360000,0.0071127536,-0.0019056881,-9.530916,-0.0040548393,-0.005436826,-1.017324e-05
44364000,0.006089394,-0.0071301837,-9.5174465,-0.0037128457,-0.0060833264,0.0005569757
44368000,0.007888347,-0.0007102096,-9.514715,-0.0035989843,-0.0055829976,-1.1769755e-05
44372000,0.0010363292,-0.004079733,-9.508897,-0.0037653032,-0.0040248088,-5.442336e-05
44376000,-0.006787737,-0.011076077,-9.491329,-0.0032397928,-0.0039682486,-0.00010211112
44380000,-0.002196927,2.2276894e-05,-9.4918785,-0.0020107024,-0.0047799814,9.847068e-05
44384000,1.811795e-05,0.0017560965,-9.513068,-0.002382708,-0.004791471,0.0003813486
44388000,-0.0092970915,-0.0026306855,-9.527708,-0.0035705196,-0.004698981,0.00044804683
44392000,-0.009159697,0.00095565454,-9.536261,-0.0039422996,-0.004892222,0.0007455069
44396000,-0.0006293398,0.0044091577,-9.529047,-0.0033960433,-0.004596103,6.568678e-05
44400000,0.0025207943,0.0027597174,-9.522278,-0.0033881792,-0.0042426297,0.00032886473
44404000,0.0036060743,0.0043052672,-9.520381,-0.0038495492,-0.0045294743,0.00040961057
44408000,0.0056343563,0.0067470046,-9.511197,-0.0035495514,-0.0038419452,-0.00015149129
44412000,0.0030347002,0.0056018503,-9.500949,-0.0034526137,-0.0035880692,0.0006652416
44416000,-0.0017991506,0.00503982,-9.485385,-0.0034819245,-0.0039219577,0.0008210012
44420000,0.0030466896,0.006385801,-9.487095,-0.002905309,-0.004390095,0.00062310277
44424000,0.0043914695,0.006279579,-9.511968,-0.0029848039,-0.0042458647,0.0007289889
44428000,0.0053885053,0.008169488,-9.528302,-0.0026304186,-0.0037850034,0.00011733585
44432000,0.0063567497,0.0047335885,-9.531519,-0.001959651,-0.004955059,0.00032770023
44436000,0.00461792,-0.0024826946,-9.528765,-0.0027436202,-0.005721761,0.00028671918
44444000,-0.0031534724,-0.000886093,-9.509206,-0.0023497283,-0.005900021,-0.00018364342
44448000,-8.1196675e-05,-0.0014622369,-9.504239,-0.002792135,-0.0054294816,-0.000642723
44452000,0.004782403,0.0030093605,-9.495943,-0.001758816,-0.00566311,-0.000520093
44456000,0.0011261958,-8.265929e-05,-9.485849,-0.0022669064,-0.006499618,-0.00020438235
44460000,0.001266795,-0.00096580706,-9.4921,-0.0027538568,-0.006525954,7.309121e-05
44464000,0.0039603566,-4.624152e-05,-9.51421,-0.0028908805,-0.006389388,-0.00027129296
44468000,-0.00403285,-0.0028661594,-9.530754,-0.0031472936,-0.005236256,0.00013596188
44472000,-0.00080928416,-0.002670118,-9.530086,-0.0025053578,-0.0050360966,0.00047810693
44476000,0.00340561,-0.005456068,-9.526054,-0.0020758288,-0.0056858696,-0.00018143732
44480000,-0.0012712621,-0.00227226,-9.519727,-0.0016366248,-0.005158135,-0.00055712624
44484000,2.9448653e-05,0.0011145547,-9.508606,-0.0014063973,-0.0050379625,-6.4108914e-05
44488000,0.0029543957,0.0012148222,-9.506176,-0.00212147,-0.0048293932,0.00088259566
44492000,0.0031865241,-0.002251479,-9.497861,-0.0030215306,-0.004644678,0.0010156222
44496000,0.008224073,-0.003309887,-9.489729,-0.0025845026,-0.003909031,9.7863995e-05
44500000,0.0030585013,0.0043753143,-9.499343,-0.0021350903,-0.0037812688,-0.0005073873
44504000,-0.0041940003,0.0003496297,-9.511325,-0.0019086306,-0.0044565587,7.05436e-05
44508000,0.001057093,-0.0042113634,-9.519823,-0.0020142768,-0.005779914,0.00033646004
44512000,0.002074801,-0.0031454107,-9.530175,-0.0019514548,-0.0061752135,0.00047440265
44516000,-0.0016168831,-0.0029826614,-9.531179,-0.0010926103,-0.0056278985,0.00035071376
44520000,-0.0031092619,0.002359261,-9.524851,-0.0017319527,-0.0061828247,-0.00058998505
44524000,0.0009804945,0.0046001896,-9.511901,-0.001417356,-0.0058935173,-0.0007648808
44528000,0.005405012,-0.0007630058,-9.501017,0.0005935884,-0.0040182173,3.292851e-05
44532000,0.0045464775,-0.004512907,-9.488871,2.0983915e-05,-0.0036763172,-0.0004435261
44536000,0.0026433337,-0.0069061206,-9.474457,-0.00091577385,-0.004969583,-0.0015677885
44540000,-0.0014278371,-0.006387252,-9.486576,7.185884e-06,-0.0053912634,-0.0006126973
44544000,-0.012331615,-0.0003240102,-9.514433,-0.0005628541,-0.005673724,-1.7804296e-05
44548000,-0.008024012,0.0023731883,-9.523346,-0.0013511744,-0.005157516,-0.00062009203
44552000,-0.0021092952,0.006378613,-9.519413,-0.001122482,-0.004636636,-0.0006700094
44556000,0.0009059416,0.004305639,-9.516909,-0.0019463742,-0.0055951406,0.00018088848
44560000,0.0077461163,-0.004971561,-9.507983,-0.002000715,-0.0049058925,4.4800672e-05
44564000,0.0090813935,-0.005620885,-9.500857,-0.0017104533,-0.0034918436,-0.000116532115
44568000,0.0020534873,-0.0005154178,-9.499682,-0.0012971602,-0.0051488336,-0.0007803119
44572000,-0.0012206365,0.0019400895,-9.489046,-8.0535974e-05,-0.0058162515,-0.001245169
44576000,0.0044740606,-0.0003476543,-9.480896,-0.00054336735,-0.0044662855,-0.001733412
44580000,0.004467313,-0.00035245586,-9.495176,-0.0007491052,-0.0046563214,-0.0016485937
44584000,0.000271993,0.0052721403,-9.512735,-0.0011156894,-0.0036718033,9.441845e-05
44588000,-0.0007135306,0.00408644,-9.519751,-0.0015249264,-0.0028869654,0.00035423497
44592000,0.0041264365,-0.003315405,-9.517619,-0.0010087631,-0.0040468746,-0.0004497653
44596000,0.0013606405,-0.0025331052,-9.5134735,-0.001475185,-0.0044215783,-0.0014022706
44600000,-0.004693612,0.00045409927,-9.512483,-0.0022227257,-0.004952019,-0.000646717
44604000,-0.006196923,-0.00088876317,-9.500535,-0.0021529808,-0.005116599,0.00016769023
44608000,0.0029371502,0.0019843478,-9.489885,-0.0016141203,-0.004548081,0.0003663701
44612000,0.01118993,0.002351281,-9.489473,-0.0015204262,-0.0037973009,0.00090581045
44616000,0.0034171045,0.00023983364,-9.476487,-0.002230111,-0.004083467,0.0010107392
44620000,-0.0027519614,0.0032948426,-9.4698515,-0.0014556439,-0.0042377366,0.00031273495
44624000,0.00061096426,0.00026403627,-9.485147,-0.00038442275,-0.0034265416,0.00028100266
44628000,-0.0030636687,-0.0068422705,-9.507875,-0.00092615816,-0.0022311248,0.00010614546
44632000,-0.00025132066,-0.0076509933,-9.513415,-0.0004486761,-0.0017393297,-0.00075956126
44636000,0.0034879202,0.0018902721,-9.506475,-0.00042163464,-0.0032214806,2.6129253e-05
44640000,-2.67094e-05,0.0044083926,-9.502752,-0.00019825388,-0.0035909303,-0.00010521072
44644000,0.0056400187,-0.0005473408,-9.496014,0.0013012101,-0.002911368,-0.0005336998
44648000,0.0065407,0.002079771,-9.4919815,0.0010886451,-0.002232816,-0.00031865944
44652000,0.0011726257,-0.00044623262,-9.481344,-6.930955e-05,-0.0024296166,-0.00021480864
44656000,-0.00016739391,-0.006142512,-9.471985,-0.00032778113,-0.0032231677,0.0003639302
44660000,0.0025434084,-0.003519069,-9.48292,-0.00080331747,-0.0029262374,0.00020650677
44664000,0.004306551,0.0008976628,-9.504977,-0.0014759672,-0.0028272485,0.0002384676
44668000,0.001048519,0.001815734,-9.519407,-0.0013185579,-0.0033217892,1.574443e-05
44672000,-0.00032020645,0.0023059915,-9.528906,-0.0014388855,-0.0023452323,-0.00043878454
44676000,-0.0005128188,0.0052895634,-9.532511,-0.00080701633,-0.00170988,-0.0005191626
44680000,-0.0022281287,0.00042632798,-9.51811,-0.00037168842,-0.003009819,-0.0007253719
44684000,-0.0013972376,-0.0059337686,-9.504459,-0.0004055523,-0.0030776896,0.0001618249
44688000,-0.0009303265,-0.010072122,-9.501583,-0.00039515656,-0.0014740555,0.00074807357
44692000,-3.9047154e-05,-0.009799723,-9.49663,-0.00060173793,-0.0010150253,5.6183646e-05
44696000,-0.000318464,-0.0038285744,-9.480896,-0.00077968906,-0.001913501,-0.00025261682
44700000,-0.0022322761,-0.0047292593,-9.487147,-0.0005530599,-0.0019183928,-1.8329543e-05
44704000,0.002822942,-0.00094203535,-9.5049515,-0.0001950138,-0.001018735,0.001138689
44708000,0.006995108,0.008805991,-9.518759,-0.000646683,-0.0011343864,0.001439006
44712000,0.0067727277,0.00695496,-9.5354,-0.0008230083,-0.0012411992,0.0005768388
44716000,0.0013185029,-0.0035161115,-9.5283165,-0.00094288035,-0.00065550854,9.461289e-06
44720000,-0.0023422842,-0.006748952,-9.51177,-0.00091288495,-0.0011783855,0.00013753846
44724000,0.002183774,-0.003190164,-9.503196,-0.00014298389,-0.0015435484,0.00011121142
44728000,0.007412376,-0.00048487805,-9.495883,-4.566863e-05,-0.0013510361,-0.0006974826
44732000,0.0035475192,-0.003710852,-9.480999,-0.0009621867,-0.001376564,-0.00039954536
44736000,0.0034972604,-0.0041655675,-9.471401,-0.0005877159,-0.001790716,-0.00072619936
44740000,0.008040609,-0.0008781294,-9.48406,-0.00019593796,-0.0017173908,-0.0010784887
44744000,-0.0006544002,0.003360431,-9.506921,0.00019448604,-4.603007e-06,-0.0010340177
44748000,-0.008917716,0.0043180473,-9.520377,-8.689437e-05,-0.00030108803,-0.0016063631
44752000,-0.01017135,0.0026062555,-9.521103,-0.001295266,-0.0013449874,-0.0010176979
44756000,-0.003960334,0.0029213787,-9.520614,-0.0009791328,-0.0007499405,-0.001252229
44760000,0.0037570526,0.0016281323,-9.512857,0.0002956633,0.000113885886,-0.0013050378
44764000,0.004352028,-0.0022878705,-9.506912,0.0006993116,0.0008829215,-0.0005009216
44768000,-0.00018706618,0.00050469843,-9.498959,0.00065721653,0.0004573506,-0.001067906
44772000,0.0019023429,0.0034468316,-9.483797,0.0009941726,3.374662e-05,-0.0002680669
44776000,0.0037758094,0.0010863951,-9.470739,-0.00038685527,-0.00010364757,5.2334603e-05
44780000,0.0012889272,0.0024938807,-9.47146,-0.00088700984,0.00031145697,-0.0003187613
44784000,0.000116272844,0.001843051,-9.494011,-0.0010039785,0.0005369666,0.0002754391
44788000,0.0014611587,0.005107297,-9.51216,-0.0004900661,-0.000488772,0.0010808702
44792000,0.0035567055,0.0037893183,-9.519249,0.00067408296,-0.0014769102,0.00087553775
44796000,0.005517452,-0.0043577887,-9.519107,0.000656679,-0.00071300997,-0.00012021822
44800000,0.0064575435,-0.006294392,-9.507614,0.0007640113,5.7688438e-05,-0.00024197425
44804000,0.005046786,-0.0036749423,-9.4973755,0.0010301799,0.00034371065,0.0003362315
44808000,0.0016988233,0.0050058435,-9.491631,6.5081425e-05,0.00088080444,0.00041186804
44812000,-0.0006947858,0.0040120594,-9.476403,-0.0006659322,0.0010397286,-0.0004963556
44816000,0.0010789547,-0.0038939083,-9.466446,0.0002391767,0.0009205915,-0.0007499756
44820000,-0.0046125245,-0.009798849,-9.474268,0.00056313974,0.0013233396,-0.00036889318
44824000,-0.00026866986,-0.007009786,-9.495262,0.00029611465,0.0015695951,-0.00011587026
44828000,0.0032628104,-0.0017283396,-9.511023,0.0002475668,0.00081664487,-0.00030575652
44832000,0.00023110563,2.0859527e-05,-9.511141,0.0008655309,0.0009808126,7.529839e-05
44836000,0.002166694,-0.0006825617,-9.511269,0.0014426437,0.0011120844,0.00046776544
44840000,-0.008984121,-0.0051411917,-9.506623,0.0005781868,0.0005352822,-3.5066456e-05
44844000,-0.008366446,-0.00095107337,-9.487603,0.000118482065,0.000935629,-0.0005051852
44848000,-0.0035588015,0.0019509648,-9.481506,-8.698784e-05,0.0008503332,-0.0001927489
44852000,-0.001226882,-0.0007237713,-9.48724,-0.00056389626,-5.8705253e-05,-0.00037602676
44856000,0.0023405529,0.0014055133,-9.47426,0.00041052248,0.0005365639,-0.0006525115
44860000,0.00065798964,-0.0037466814,-9.471693,0.00030015665,0.00019790114,4.404979e-05
44864000,0.00038586673,-0.009026012,-9.494679,-0.0003399609,-1.1155496e-05,-0.00032183775
44868000,-0.002217949,0.0012738456,-9.507694,-0.00044693908,-0.00022792503,0.00022962864
44872000,0.00026780908,0.0015486584,-9.516182,-0.0004609811,0.00026510918,0.0012393907
44876000,-0.00453802,-0.0009767733,-9.523546,-0.0002896088,0.001450913,0.0006948357
44880000,-0.00430065,0.0072760284,-9.513234,4.665694e-05,0.0006765972,0.00070579606
44884000,0.0019296892,0.0052662166,-9.496395,0.00042871095,0.0002498174,0.0008720289
44888000,-0.00067795493,0.0011863811,-9.481575,0.0007480413,0.00045225146,0.00011922177
44892000,-0.0030270172,0.002446988,-9.472914,0.0009384683,0.0008314907,-9.212752e-05
44896000,-0.0004006878,-0.0029846127,-9.465885,0.00055250013,0.0012622818,-6.564834e-06
44900000,0.00040734548,-0.011727922,-9.474773,0.0004343491,0.0018820968,-0.0003164787
44904000,-0.006686831,-0.0104170535,-9.495535,0.00038317055,0.0027218238,-0.00043992317
44908000,-0.0058739395,-0.004242036,-9.512908,-5.5956334e-05,0.0030326461,-0.00054897385
44912000,-0.0032231794,-0.005385517,-9.525238,-0.00022807842,0.0025769225,0.0007359596
44916000,-0.0011914802,-0.0057597742,-9.523912,-0.0002796047,0.0019406918,0.0020353526
44920000,-0.00427579,-0.0044117575,-9.514198,0.00038298755,0.0022187147,0.0011257936
44924000,-0.007950875,-0.0020938106,-9.502939,-0.00016447897,0.0020475462,-0.00015777258
44928000,0.00072383776,-0.0044962247,-9.4920025,-0.0008146606,0.0008581989,0.00028489882
44932000,0.0066813068,-0.0020114658,-9.476243,-1.0234775e-05,0.0007291654,0.0013465307
44936000,0.0022453167,-0.0011727453,-9.465874,-0.00021232752,0.001103002,0.0005209064
44940000,-0.0009941666,-0.005261532,-9.478468,0.00054914074,0.00069670833,8.394556e-05
44944000,-0.00018667453,-0.005172808,-9.501559,0.0008918558,0.00068606535,-5.753927e-06
44948000,0.0027527588,-0.0039607943,-9.5085125,0.00097469694,0.00075292494,-0.00035972625
44952000,0.005494643,0.0017699668,-9.512707,0.0015859583,0.0009756085,0.00024278759
44956000,0.0025170948,0.005253589,-9.511689,0.00044696784,0.0017646817,0.00042999606
44960000,-0.00031752433,0.0011166191,-9.503029,-1.022452e-05,0.0016819917,0.0012343116
44964000,-0.002840471,-0.004393764,-9.484776,0.0007354422,0.0014884034,0.001416938
44968000,-0.003605899,-0.0023098802,-9.474376,0.0011008884,0.0004032578,0.00042868132
44972000,-0.0009406799,-0.00011632189,-9.474327,0.0011363723,0.0005691366,0.0004804527
44976000,-6.9319154e-05,-0.001849938,-9.466976,0.00040770622,0.0016670813,0.0003334929
44980000,-0.0031207367,-0.004640418,-9.47982,0.00040214937,0.0019352558,0.0008838306
44984000,-0.0024489292,-0.0042756964,-9.501833,-0.0001920372,0.002222629,0.0010204022
44988000,-0.0008464677,-0.0056245057,-9.508203,0.00040290004,0.0022033234,0.00015508546
44992000,0.00018386732,-0.0017942525,-9.516182,0.0019555397,0.002059359,0.00089408515
44996000,0.004139109,0.0051217093,-9.519119,0.0015689986,0.0012215319,0.0007469918
45000000,0.0041906466,0.0062584835,-9.503336,0.0018893821,0.0014080955,0.0005411826
45004000,0.0010468634,0.008780247,-9.490917,0.0014663896,0.00188711,0.000997635
45008000,0.0042404574,0.0062029865,-9.480846,0.0015623587,0.0011604924,0.00036985544
45012000,0.010966796,0.004295311,-9.470968,0.0019813848,0.00082645525,-0.00034531608
45016000,0.011586899,0.0012687519,-9.468821,0.0016502832,0.0013877547,0.00012953216
45020000,0.008608796,-0.0033342855,-9.481251,0.0014273804,0.00090968003,0.0015051547
45024000,5.775923e-05,-0.001883874,-9.494241,0.0027030208,0.0011321328,0.0012595583
45028000,0.0040260633,-0.003366427,-9.501834,0.0034090693,0.0011527333,-0.00019616818
45032000,0.009864932,-0.007319076,-9.503796,0.0025231007,0.0019098984,0.00017799299
45036000,0.0030184365,-0.005503571,-9.501259,0.0022484097,0.0022589858,0.0009067418
45040000,-0.00237542,-0.00091484765,-9.496035,0.0025506883,0.0010825727,0.00074001006
45044000,-0.0006414851,-0.0018150083,-9.492119,0.003165788,0.0011044235,0.0005293521
45048000,0.0016736325,-0.001735194,-9.479704,0.002526473,0.0011142663,-0.00025200317
45052000,0.00112419,-0.0015830626,-9.469569,0.0016743825,0.00086905883,0.00027155995
45056000,0.007385165,-0.0007049945,-9.473899,0.0013533403,0.0003484682,0.0011438631
45060000,0.0018602805,0.006906927,-9.475548,0.0013182203,0.0008333585,0.00070722034
45064000,-0.003469864,0.0012990254,-9.487976,0.0013833736,0.0006904822,0.000806458
45068000,-0.0076951366,-0.005721395,-9.507204,0.001603995,0.0010500352,0.0013801481
45072000,-0.010288806,-0.0017694555,-9.51979,0.00166234,0.0017514915,0.0016390077
45076000,-0.00010754191,-0.0026203305,-9.5185795,0.0014540285,0.0011321069,0.0013863874
45080000,0.005899824,-0.0011339682,-9.499451,0.0020791776,0.0012912235,0.0012801053
45084000,0.007698631,-0.0009900803,-9.485596,0.002801102,0.0019311799,0.0014764301
45088000,0.005749467,-0.004388057,-9.486937,0.0032746103,0.0013193279,0.0011250046
45092000,0.0035514138,-0.0028829887,-9.475309,0.0032391548,0.0011634541,0.0011746326
45096000,0.0012440644,-0.007800795,-9.461786,0.0030178353,0.0011869841,0.00030800467
45100000,-0.0031979743,-0.007353873,-9.470974,0.0032589885,0.0006179769,-0.0006379269
45104000,-0.0045907395,-0.0042607263,-9.488364,0.0023885786,0.0009813661,0.00077457784
45108000,-0.0036677052,-0.0045866943,-9.505726,0.0014144431,0.0022062545,0.00095041486
45112000,0.00036440394,-0.0022542987,-9.513589,0.001900029,0.0022717055,-0.0004190312
45116000,-0.0020582338,-0.0023826757,-9.505245,0.0014399823,0.00082872564,-0.00029930985
45120000,-0.0026102187,-0.0027569581,-9.497112,0.0014592904,0.0006899258,6.4467255e-05
45124000,0.005850504,-0.006520619,-9.488865,0.0018818678,0.0015301558,-0.00034325788
45128000,0.0035558275,-0.0048087426,-9.47845,0.0008761876,0.0012158907,0.00015448328
45132000,-0.0011645182,0.0006526865,-9.467579,0.00058996724,0.001155663,0.00064995175
45136000,-0.00067785673,0.0017993129,-9.456487,0.0012581097,0.0019999433,0.00052017625
45140000,-5.7425903e-05,-0.0031235148,-9.469634,0.0017550372,0.0015415865,0.00041626906
45144000,-0.0027646807,-0.0076173283,-9.491163,0.0021838406,0.000804752,0.00030116618
45148000,0.0032373327,-0.010467806,-9.494881,0.0013685689,0.00055382523,0.00033158826
45152000,0.006415597,-0.0045773904,-9.498181,0.0015642998,0.00023402748,2.0151449e-05
45156000,0.0003424717,0.0016508005,-9.49547,0.0024879663,-5.2536663e-05,0.00045615685
45160000,0.00038648548,-0.00049940177,-9.489826,0.0016245871,0.00052270945,0.0011747488
45164000,-0.0029345085,-0.0054622693,-9.486364,0.0016071383,0.0016650425,0.00022255375
45168000,0.0020231237,-0.0092796665,-9.4796715,0.0015634643,0.0012338998,-0.00074035773
45172000,0.008434019,-0.003038408,-9.475668,0.00036387524,0.00023020236,-0.00016913387
45176000,0.0016444146,0.003930986,-9.464341,0.0010062843,0.0007086966,0.0009416322
45180000,0.004759049,-0.00022288162,-9.47007,0.001869727,0.00041813444,0.00018957097
45184000,0.002766267,0.004792769,-9.493303,0.0019299127,0.00035742033,0.00039485394
45188000,-0.003947745,0.010371128,-9.50082,0.0023495473,0.00078962644,0.0010233596
45192000,0.0036554849,-0.00026726225,-9.50655,0.001994037,8.040824e-05,0.00026858333
45196000,0.0036191645,-0.004514471,-9.508179,0.0014346128,-3.633468e-05,8.189062e-05
45200000,0.005080995,-0.0060201935,-9.506529,0.0011994888,0.0010004039,0.00070551
45204000,0.0009635985,-0.0033040817,-9.489664,0.0012313554,0.0013119527,0.0010224574
45208000,-0.00069565757,-0.0020062365,-9.46926,0.001763161,-0.00027454997,0.0002181674
45212000,9.592625e-07,-0.0008357834,-9.468735,0.0015746254,0.00059987936,0.00045246157
45216000,-0.0020234184,0.0016897494,-9.45491,0.00058846787,0.0022276733,8.0397134e-05
45220000,0.0041586184,-0.0021943524,-9.460373,0.0011539008,0.0016865236,0.00045791766
45224000,0.00036021747,-0.0049958085,-9.49549,0.001526377,0.00086565927,0.0013259338
45228000,-0.006663028,-0.003419607,-9.505764,0.00068997324,0.00015303431,0.00046467572
45232000,0.00013792145,-0.0037635842,-9.505308,-7.586383e-05,0.0002871044,0.00044287884
45236000,0.00815532,-0.0011049672,-9.501497,-9.722405e-05,-0.00014074812,0.0008169187
45240000,0.0026174805,0.0075155445,-9.492943,0.00081873825,-0.0007150336,0.00057415577
45244000,-0.0059589334,0.0001712752,-9.488972,0.0016050087,-0.00040160323,0.0004362069
45248000,-0.0014871592,-0.0013952161,-9.476762,0.00049355166,-0.00050390355,0.00090255536
45252000,0.0101735545,0.0012535021,-9.468826,-0.00017779217,0.00032000503,0.0010259994
45256000,0.008999298,0.0011322678,-9.466823,0.0010611457,0.00095754454,0.0014165394
45260000,0.001341183,-0.00038603245,-9.475857,0.0013632268,0.00014118351,0.0013193564
45264000,-0.0016069004,0.0006116535,-9.490509,0.0012455308,0.00054068124,0.00033548402
45268000,0.0001894036,0.0015015139,-9.499619,0.0017066651,0.0008194669,0.0005931731
45272000,-0.0011475036,0.001456949,-9.506779,0.0013661687,0.00011182862,0.00077846175
45276000,-0.0016684529,0.0080516655,-9.50952,0.0009261281,0.0008096035,0.00013308445
45280000,-0.0047949,0.004932949,-9.5075865,0.00059516466,0.0011242372,-0.00061916484
45284000,-0.0017897421,0.0037885045,-9.504219,0.0004514322,0.0008366651,-0.0006251241
45288000,6.233204e-05,0.0027841693,-9.501934,0.0003277121,0.0007075984,-0.00033965407
45292000,-0.0044670384,-0.0015459694,-9.497351,-0.00016992641,0.0008397093,0.0006531469
45296000,-0.002970269,-0.0021828543,-9.492697,-8.985827e-05,0.001297565,0.0017192794
45300000,-0.010118303,-0.001892548,-9.484432,0.0001877283,0.00072600314,0.0012053536
45304000,-0.0095409285,-0.00955041,-9.46481,0.0003336549,-0.00030330374,0.0004923428
45308000,-0.0022663274,-0.007289461,-9.444138,-0.0005860103,-0.00031179038,0.00059092615
45312000,0.005849961,0.00080205535,-9.427483,-0.0010468762,9.3001836e-05,0.00037387788
45316000,0.011348458,-0.0027177793,-9.412277,-5.555105e-05,0.00013023819,0.00028182234
45320000,0.0031847418,-0.0031680523,-9.3887825,5.70341e-05,-0.00037624696,0.0005573204
45324000,-0.005980772,0.0052626864,-9.359525,-8.0038895e-05,-0.00037804485,0.0004128584
45328000,-0.0034636126,-0.0005175405,-9.343316,0.0005392146,0.00080324564,0.0010115372
45332000,-0.0023315325,-0.010121163,-9.327432,0.000534951,0.001245993,0.00074535765
45336000,-0.0025264272,-0.0041057807,-9.313871,-0.00010803756,0.0017999726,0.0005063209
45340000,0.0050537325,-0.0010889473,-9.288277,-0.0008739849,0.0022268929,0.0008020337
45344000,0.0017077508,-0.0050644907,-9.256201,-0.0006187212,0.0028881324,0.00041241403
45348000,-0.0012272337,-0.008854696,-9.2296295,-7.351105e-05,0.003247973,0.0010595516
45352000,0.0009169629,-0.0057476717,-9.209606,-0.0010984829,0.0033204528,0.000680679
45356000,0.00030174243,-2.8415609e-05,-9.196743,-0.0013869706,0.004156649,0.00044946745
45360000,0.006124636,-0.0020459227,-9.169613,-0.0018833579,0.004972904,0.001304989
45364000,0.0090622725,-0.0032918127,-9.140018,-0.0009948661,0.0040019746,0.0015283516
45368000,0.00076100964,-5.129814e-05,-9.125674,0.0003047302,0.0039776107,0.0014700545
45372000,-0.0035886224,0.00071684195,-9.112379,-0.0010721792,0.004876343,0.0009961408
45376000,0.0007477673,-0.0019788267,-9.094793,-0.0018891926,0.005740141,0.0008929969
45380000,0.0019204983,-0.0047198315,-9.074188,-0.0017172167,0.007514213,0.00047494273
45384000,0.004222066,-0.001012488,-9.042077,-0.001462664,0.0072574615,0.00035593737
45388000,0.0021782778,-0.00011734467,-9.017397,-0.0011737471,0.0076661333,0.00043103434
45392000,-0.00014078163,-0.006675668,-9.000002,-0.0009381148,0.008100603,1.0503656e-05
45396000,-0.0016850202,-0.0016037867,-8.973821,-0.001262817,0.008282746,0.00086154847
45400000,-0.0047268826,0.0054882537,-8.940038,-0.0012094075,0.009476088,0.0014783553
45404000,-0.0005576657,0.0038572943,-8.9097395,-0.00076352136,0.009368736,0.0012251671
45408000,0.0063644964,0.0024027673,-8.896755,0.00023830646,0.008972171,0.0012833943
45412000,0.008174194,-0.0038512067,-8.886749,0.00065256865,0.008923909,0.00041577552
45416000,0.0026118555,-0.0053067757,-8.872311,-0.00019868003,0.008875504,0.0006284553
45420000,0.0037786956,-0.0077620824,-8.849592,-0.00076447555,0.009042153,0.0011363679
45424000,0.0034844722,-0.0045781666,-8.816511,-0.0010165931,0.009177346,0.00082687405
45428000,-0.0029986042,0.0007700547,-8.799473,-0.0012438383,0.00915497,0.0008499245
45432000,-0.0058697346,-0.0031400546,-8.780385,-0.0018150287,0.008913359,0.0011382954
45436000,0.0032680344,-0.0065551377,-8.752598,-0.0016126882,0.008779635,0.0008748543
45440000,0.010335593,-0.0055709626,-8.729853,-0.0013825935,0.00793873,0.00027337443
45444000,0.0068026553,-0.0032335003,-8.714893,-0.0016564034,0.0074721044,-0.0001119515
45448000,0.0019630673,0.0014083744,-8.697252,-0.0009599518,0.0084469635,0.00027980417
45452000,-0.0012624736,0.004606985,-8.680419,-0.0015681426,0.008908993,0.00033468247
45456000,-0.0005865646,-0.0069154757,-8.6718445,-0.0026473715,0.008946233,-0.000434398
45460000,0.00019363705,-0.011369259,-8.652235,-0.002048963,0.008538932,0.00031074588
45464000,-0.00091802335,-0.005798298,-8.624968,-0.0017987874,0.008324003,0.00032790413
45468000,0.0017417355,0.00018483125,-8.592944,-0.0015772282,0.008306067,9.634977e-05
45472000,0.0022558067,-0.0038639363,-8.576887,-0.0005520113,0.00880198,0.00018299562
45476000,0.0033515932,-0.008806384,-8.5609455,-0.0006436811,0.009769289,-0.00034157385
45480000,0.0034331316,0.0009109885,-8.531778,-0.0014209193,0.009337939,-0.0002000062
45484000,-0.0014538914,0.0023779273,-8.507357,-0.00050006056,0.009121254,0.0004953321
45488000,0.0012524968,0.005873461,-8.496576,0.00015444618,0.009259639,-3.314559e-05
45492000,-0.0012480766,0.006383353,-8.497801,-0.0005901894,0.009140019,0.00016079337
45496000,-0.0072324714,-0.0019112431,-8.49238,-0.00096054724,0.009009212,0.0014675201
45500000,-0.0005302881,-0.002913956,-8.475336,-0.0012859366,0.008078261,0.0009876706
45504000,0.007770587,6.622563e-05,-8.442732,-0.0022321253,0.0076440945,-0.00018213913
45508000,0.0027012671,-0.0036078012,-8.420284,-0.0023156013,0.0070843217,-0.0002093795
45512000,-0.0005158641,-0.007200606,-8.408427,-0.001398827,0.0067433408,0.00020040513
45516000,0.0040619355,-0.0050156466,-8.388344,-0.0013686768,0.0071040303,0.00094333186
45520000,0.0069864183,-0.010166312,-8.365768,-0.0022329749,0.0068402467,0.001495237
45524000,0.011392901,-0.009784116,-8.350591,-0.0024294858,0.0074713193,0.00039673943
45528000,0.0041864933,-0.0074413735,-8.3405285,-0.0019202757,0.0078021092,-1.7097063e-05
45532000,-0.003849766,-0.0012651809,-8.330838,-0.0015135187,0.006802758,0.0005805627
45536000,-0.00015678571,0.004180035,-8.327073,-0.0016585955,0.0061717695,-0.00051028776
45540000,-0.000101419166,0.0034633123,-8.3102455,-0.0017042932,0.006431348,-0.0010115344
45544000,-0.004257413,0.0021641268,-8.277493,-0.0016137147,0.006999735,-0.00076023047
45548000,-0.0011223904,0.00015020571,-8.258757,-0.0016992053,0.007362025,-0.0009382674
45552000,0.0033009509,-0.007935877,-8.249487,-0.0017158074,0.0069107506,-0.0008318928
45556000,-0.00153459,-0.013501432,-8.236304,-0.001830915,0.0072812084,-0.00096761086
45560000,0.00022371163,-0.005432,-8.223159,-0.0020438037,0.007989059,-0.00093957933
45564000,-0.0015437056,-0.0068924865,-8.220003,-0.0017899409,0.0073454543,-0.0004754264
45568000,-0.005937566,-0.0116447555,-8.223843,-0.0014165153,0.0067024874,-0.00046516568
45572000,-0.00022720674,-0.007570928,-8.23625,-0.0019211682,0.0064709564,-0.000120918114
45576000,-0.0011669827,-0.0025910218,-8.255997,-0.0023776854,0.0064509017,-0.0002725827
45580000,0.001398524,-0.0008975014,-8.279083,-0.0027995503,0.006073486,-0.0007951054
45584000,0.0024002213,-0.0048247604,-8.30073,-0.0036567717,0.005360224,-0.00022080114
45588000,-0.00207261,-0.008018894,-8.319167,-0.0031464042,0.005290732,-6.4187654e-05
45592000,-0.0032566807,0.00047083976,-8.339831,-0.0023849031,0.00464145,-0.000700323
45596000,-0.0017859556,0.008352023,-8.365774,-0.0025681893,0.005125096,-0.0009878117
45600000,0.005678894,0.0037769764,-8.397797,-0.0014147804,0.0060974895,-9.243436e-05
45604000,0.00394384,0.0039470335,-8.429163,-0.0017839035,0.005800271,-9.9241406e-05
45608000,-0.0050916304,0.0007361614,-8.46259,-0.0015688944,0.0057246066,-0.00093239336
45612000,0.0009695161,-0.005219595,-8.489584,-4.2551022e-05,0.005718742,-0.0005755863
45616000,-0.0023496607,0.0023828726,-8.521329,-0.0008919986,0.0058512203,0.0001655119
45620000,-0.009715421,0.010824903,-8.551011,-0.0018322924,0.0066095865,-0.0007686604
45624000,-0.00015735207,0.0054038553,-8.577674,-0.0024903235,0.007168536,-0.0014135141
45628000,0.00021750704,0.0031764163,-8.609573,-0.0029299671,0.006905763,-0.00123288
45632000,-0.0046175634,0.0024811965,-8.638198,-0.0024664574,0.006210246,-0.00092094374
45636000,0.004137356,0.00012062554,-8.667013,-0.0022922715,0.0053291516,0.00036540403
45640000,0.0087762065,0.0008142031,-8.69153,-0.0035276308,0.0045707277,-9.572769e-05
45644000,7.2207777e-06,-0.0072416426,-8.718288,-0.0025432238,0.0047682333,-0.0010885154
45648000,-0.0034352872,-0.009116689,-8.745273,-0.0016763444,0.004494568,-0.000446426
45652000,-0.00026010815,-0.0049167443,-8.76713,-0.0021721025,0.004316592,-0.0008930993
45656000,0.0015250447,-0.004031807,-8.794517,-0.0020457515,0.004488714,-0.0003433199
45660000,0.0023440898,-0.009323767,-8.829866,-0.0021462732,0.0044874246,0.00017787125
45664000,0.001084867,-0.010241589,-8.856075,-0.0023353582,0.0042459015,-0.0005992847
45668000,-0.0028794203,-0.0013148616,-8.880951,-0.0032625648,0.0035331517,-0.00065953773
45672000,-0.00041078968,0.0028304083,-8.91263,-0.0031120009,0.004113874,-0.0010886617
45676000,0.005363784,-0.002847506,-8.939543,-0.002660314,0.005081672,-0.0007193654
45680000,0.004219279,-0.0057540946,-8.9672575,-0.0039621633,0.005312921,-0.00047154498
45684000,0.0026763324,-0.0011845041,-8.984793,-0.005019877,0.005201543,-0.0013492149
45688000,0.0038677182,0.004249214,-9.003587,-0.0044139065,0.005170671,-0.0015142963
45692000,-0.0035502398,-0.0016545287,-9.029771,-0.0034699477,0.0045297737,-0.00088939705
45696000,-0.004878562,0.00094564003,-9.052111,-0.0028807102,0.003961252,-0.00070421805
45700000,0.0017063132,0.008153457,-9.080265,-0.0035457104,0.0036781467,-0.0011322588
45704000,-0.001096495,0.00072174025,-9.110449,-0.0044153286,0.0024333394,-0.0008498133
45708000,-0.004062427,-0.005258362,-9.131813,-0.0051364517,0.0030931502,-0.0010125877
45712000,0.004340115,0.0013401466,-9.151774,-0.0049151727,0.00414337,-0.0010743912
45716000,-0.0012946802,0.0039480375,-9.178354,-0.0042016157,0.002970265,-0.0007698234
45720000,-0.007089022,0.0027395168,-9.203285,-0.0036045217,0.002685082,-0.0010571145
45724000,-0.0037280165,0.0034886857,-9.22579,-0.003524278,0.0033634522,-0.00080121297
45728000,-0.0073655127,-0.004748878,-9.24338,-0.0038286813,0.0031716705,-0.0009836762
45732000,-0.005398714,-0.003570577,-9.263534,-0.0030951248,0.0034836517,-0.00082553696
45736000,0.00021716606,-1.4196575e-05,-9.280582,-0.0030252433,0.0043984707,-0.00092818553
45740000,0.005935677,-0.002461348,-9.293712,-0.003080749,0.0034324036,-0.0012144081
45744000,0.0005806277,0.001577204,-9.322277,-0.004276776,0.0030126977,-0.000714389
45748000,-0.0007381593,-0.0022763256,-9.356121,-0.00543436,0.004416402,-0.00058436365
45752000,-0.001718258,-0.0042035673,-9.372497,-0.0052062497,0.004210838,-7.784088e-06
45756000,-0.003925679,0.0013600439,-9.391407,-0.004617819,0.0029524788,-0.00047144122
45760000,-0.0021099756,-0.0032463106,-9.412193,-0.0049043717,0.0019879276,-0.0005006259
45764000,0.0005877506,-0.009424046,-9.422684,-0.0054809595,0.0023085945,-0.00016435409
45768000,-0.0045334045,-0.0055841454,-9.441769,-0.0051049273,0.0026088818,-0.00045075282
45772000,-0.006509722,0.0013882731,-9.461265,-0.005749522,0.0016053676,-6.0554903e-05
45776000,0.0033283434,0.0017354117,-9.480038,-0.0052178013,0.000891976,-0.000683549
45780000,0.0018329511,0.0015648003,-9.497144,-0.004153025,-0.0006816809,-0.0012496051
45784000,0.0016956566,4.5223773e-05,-9.512922,-0.004597157,-0.0020098095,-0.0011581556
45788000,0.0021924125,-0.006086949,-9.533745,-0.004814989,-0.0023981696,-0.0011033434
45792000,0.0046112384,-0.009294792,-9.547531,-0.004329731,-0.0022315274,-0.0017116463
45796000,0.0073259287,-0.00212916,-9.563305,-0.0034867213,-0.0021949916,-0.001445592
45800000,0.0014199459,0.003516405,-9.583184,-0.0037522633,-0.0023918431,-0.0016298353
45804000,-0.0059670927,0.002193678,-9.606071,-0.0040378883,-0.0030028927,-0.001751967
45808000,-0.007819549,0.0023894324,-9.620818,-0.003504107,-0.0043139714,-0.0012846211
45812000,-0.001584833,0.0058348556,-9.626752,-0.004204002,-0.0046690013,-0.0021290665
45816000,0.003004878,0.0053852014,-9.639505,-0.005256765,-0.004796302,-0.0012399644
45820000,0.0033685635,0.0048570153,-9.65609,-0.0047797365,-0.0053221807,-0.000714061
45824000,0.0038881698,0.0035731257,-9.6723,-0.0052220286,-0.005347876,-0.0010544593
45828000,-0.002870916,-0.0014217407,-9.689802,-0.0064200815,-0.004845656,-0.00094746193
45832000,-0.002810862,0.0009359396,-9.70972,-0.005897836,-0.005356466,-0.00024902372
45836000,0.0073833363,-0.003344226,-9.726927,-0.005419069,-0.005980203,0.00017389334
45840000,0.005274989,-0.006954366,-9.742277,-0.0052871695,-0.006398388,0.00017870226
45844000,-0.0035247856,-0.0038860175,-9.751896,-0.0048775673,-0.0068494636,-0.0008773925
45848000,-0.0042958586,0.00089134776,-9.766892,-0.0045771864,-0.0061375475,-0.00219853
45852000,0.0039634947,0.006278069,-9.779371,-0.0049002874,-0.006399069,-0.0020335254
45856000,0.0028759402,0.0049715233,-9.774872,-0.0050204587,-0.007024541,-0.001930978
45860000,-3.92343e-05,0.0035517453,-9.785341,-0.0053968285,-0.00681751,-0.00093741145
45864000,0.0027393408,0.00035271948,-9.819251,-0.0054417346,-0.007283362,-0.0011144748
45868000,0.0070918775,-0.0033034086,-9.836519,-0.004715315,-0.00795826,-0.0016287488
45872000,0.008202164,-0.0018694511,-9.846051,-0.0046140477,-0.0075862813,-0.0011521492
45876000,0.0031543998,0.0021536043,-9.86272,-0.004939279,-0.00779701,-0.0015467779
45880000,0.0009949584,-0.00408334,-9.880697,-0.00419733,-0.0073501407,-0.0008948241
45884000,-0.0018289243,-0.0026412695,-9.889042,-0.0040178737,-0.0070021036,-0.0006765029
45888000,-0.0005817037,-0.0008764776,-9.890917,-0.0045136395,-0.00827216,-0.0022461053
45892000,-0.0029796148,-0.0029027872,-9.898563,-0.004813604,-0.00796084,-0.0016068796
45896000,0.00055502215,0.001002847,-9.905475,-0.005980987,-0.00830272,-0.000584913
45900000,0.004160516,-0.003083528,-9.914394,-0.005446222,-0.008073556,-0.00043626947
45904000,-0.0045308904,-0.0043731285,-9.933798,-0.0046620746,-0.00801522,-0.0005456971
45908000,-0.0078988,-0.0028033643,-9.938135,-0.005357098,-0.009547498,-0.002000459
45912000,-0.007910725,-0.0028588024,-9.94063,-0.0057991855,-0.010244294,-0.0027096458
45916000,-0.0091079045,-0.007316521,-9.964901,-0.0049665663,-0.009866825,-0.0017920586
45920000,-0.0013796987,-0.004686454,-9.979298,-0.003946591,-0.009702228,-0.0009839091
45924000,0.0033469086,-0.0027095024,-9.98503,-0.0041679842,-0.009355004,-0.0009915215
45928000,-0.0003893947,0.001704126,-9.985214,-0.0044275788,-0.008799531,-0.0012671337
45932000,-0.0002798858,0.012258681,-9.991987,-0.005408421,-0.009294674,-0.0013365437
45936000,0.0013267819,0.0060274145,-10.004417,-0.005224186,-0.009148468,-0.0019675887
45940000,-0.0026167785,0.0013076552,-10.010672,-0.0038127715,-0.0092299,-0.0023337442
45944000,-0.0077054044,-0.00043830133,-10.017174,-0.004031759,-0.009382018,-0.0019961803
45948000,-0.0046246736,-0.0024875125,-10.035192,-0.0034429114,-0.009168026,-0.0021030884
45952000,-0.0020515858,0.0009048844,-10.043544,-0.0027890964,-0.009161051,-0.0012153446
45956000,0.000324409,-0.0004530057,-10.046112,-0.004086648,-0.009555476,-0.0015696278
45960000,0.0025726084,-0.0024134568,-10.062539,-0.004015099,-0.008819266,-0.0020044479
45964000,0.005413425,-0.0022453382,-10.067139,-0.0037947262,-0.00845422,-0.0017739357
45968000,0.0077859084,0.00011597351,-10.063975,-0.005439277,-0.008998861,-0.0013491967
45972000,0.0015154624,0.0040933387,-10.066624,-0.0048497366,-0.0085876975,-0.0010655826
45976000,0.003269272,0.0045146006,-10.070238,-0.0044865725,-0.009424278,-0.0010965718
45980000,0.0036942028,-0.0002406353,-10.076081,-0.0054290625,-0.0098298285,-0.0013455041
45984000,-0.0028982451,-0.00164038,-10.091287,-0.0046775606,-0.009318027,-0.0017651494
45988000,-0.002693441,0.0016713965,-10.094743,-0.00513016,-0.008583809,-0.00066685263
45992000,-0.0019857949,-0.00037348803,-10.088036,-0.0056348243,-0.009278129,-0.0006839489
45996000,-0.0032342165,-0.006975931,-10.098973,-0.00374921,-0.009820296,-0.0016992836
46000000,0.00322547,-0.00605612,-10.110716,-0.002465555,-0.008115914,-0.0018332565
46004000,0.010891161,0.0052761924,-10.112005,-0.0025733556,-0.008208195,-0.001874775
46008000,0.0040074405,0.007566701,-10.108332,-0.0029037856,-0.0076339575,-0.001907893
46012000,0.0032540555,0.0036676093,-10.115876,-0.00312827,-0.0066543627,-0.0023113939
46016000,0.004795476,0.0016616978,-10.112894,-0.0034506,-0.006437674,-0.0024046325
46020000,-0.002556868,-0.002958107,-10.105328,-0.003709694,-0.0065450543,-0.0020736149
46024000,-0.0014551631,-0.0023437804,-10.12014,-0.004264283,-0.0072194394,-0.0021502879
46028000,0.005712162,0.004396638,-10.122221,-0.004303334,-0.007881573,-0.0011362887
46032000,0.0063228644,0.0039738785,-10.117029,-0.003765179,-0.008190759,-0.0013662954
46036000,0.0026262505,-0.0025624894,-10.121315,-0.0035727124,-0.007913991,-0.001693092
46040000,-0.0009627304,-0.0014766934,-10.127163,-0.0032710452,-0.008386028,-0.0011660329
46044000,-0.0031764924,-0.0003680289,-10.125069,-0.003939514,-0.009226287,-0.0013015833
46048000,-0.005862546,-0.00039159923,-10.128262,-0.0050599985,-0.009167708,-0.0021323396
46052000,-0.0059635113,-0.0019731394,-10.127641,-0.004049439,-0.007942039,-0.002322085
46056000,-0.0015825809,-0.0062662973,-10.123306,-0.0031748363,-0.007011185,-0.0015313607
46060000,-0.001285635,-0.0059109204,-10.118607,-0.0040984447,-0.0074358946,-0.0010265452
46064000,0.00084046216,-0.0019633947,-10.1105,-0.00487799,-0.00768269,-0.0010040862
46068000,-0.004400697,0.00028658131,-10.109117,-0.0048788036,-0.00760518,-0.0015979395
46072000,-0.0024757348,-0.004106818,-10.104534,-0.004374697,-0.0075876266,-0.0019026946
46076000,-0.00079097704,-0.004288633,-10.092714,-0.0047978167,-0.00762222,-0.0017033891
46080000,-0.0014154101,-0.0006790297,-10.088854,-0.004334194,-0.00753989,-0.0003666869
46084000,0.0083908085,-0.008069015,-10.092726,-0.00284329,-0.0069357795,-0.00049806875
46088000,0.00919549,-0.008986079,-10.087893,-0.0026639586,-0.00602746,-0.0018452617
46092000,0.0074957656,0.002107869,-10.079234,-0.0026566274,-0.006000165,-0.0020616488
46096000,0.0085360035,0.0016526799,-10.073193,-0.0025901557,-0.0057538114,-0.0024203537
46100000,0.009384935,0.0035944602,-10.072403,-0.0027832177,-0.0050369888,-0.0017846281
46104000,0.0035860443,0.0048992904,-10.0746355,-0.0038196587,-0.0055051977,-0.0015815027
46108000,0.0012165441,-0.0026465915,-10.062778,-0.0040143775,-0.005643294,-0.0021190627
46112000,-0.00196725,0.0021800757,-10.044638,-0.0031612618,-0.004994902,-0.0016331527
46116000,-0.0101912,0.00978169,-10.036995,-0.0027729908,-0.004551053,-0.0007415226
46120000,-0.007992632,0.008657998,-10.030241,-0.0026904733,-0.004276351,-0.00088037667
46124000,-0.0023148363,0.0039480277,-10.028104,-0.0024200096,-0.004358233,-0.0018873115
46128000,0.0010347568,0.0032972763,-10.021578,-0.0026086175,-0.0038958746,-0.0018631025
46132000,0.0022975204,-0.00082304527,-10.013889,-0.0027856976,-0.0049183867,-0.0016859862
46136000,0.0011601713,-0.0074299346,-10.01144,-0.002414187,-0.00530756,-0.0026344145
46140000,0.0024895477,-0.0016849056,-10.003645,-0.0024066977,-0.004434091,-0.0025068598
46144000,0.0012718306,-0.0031185558,-9.994747,-0.0024765658,-0.0039639645,-0.0017997973
46148000,-0.001361449,-0.00032545245,-9.984356,-0.0010319783,-0.0034652506,-0.0024864504
46152000,-0.0019264913,-0.0020307903,-9.98412,-4.3998178e-05,-0.004433261,-0.0023072949
46156000,0.00024911063,-0.007294313,-9.976669,-0.0015379612,-0.0037726944,-0.0014717277
46160000,0.00026693998,0.0020579882,-9.960618,-0.002529994,-0.0027590736,-0.0009017798
46164000,0.0017279148,0.0024901498,-9.947243,-0.0028142082,-0.0018355381,-0.0010632061
46168000,0.004830321,0.0010365788,-9.943855,-0.0027939104,-0.0011093951,-0.0015335318
46172000,0.003373743,-0.0007962017,-9.942331,-0.002503475,-0.00051550876,-0.0011538026
46176000,0.005386302,0.0008505889,-9.92852,-0.0028214564,-0.0006331436,-0.0012437011
46180000,0.0039545237,0.0070364815,-9.920464,-0.0029159528,-0.00045969177,-0.0011881909
46184000,-0.0015507806,0.005516417,-9.909713,-0.0015713458,0.0008659031,-0.0016779426
46188000,0.0025384738,0.0013069191,-9.902891,-0.0010615714,0.000748301,-0.001506082
46192000,0.0012765173,-0.0026521394,-9.898738,-0.0015865195,0.00085542665,-0.0010951781
46196000,-0.0035047824,-0.0032952938,-9.88696,-0.001434378,0.0027819648,-0.0020604178
46200000,-0.002613915,0.004647844,-9.885925,-0.00071141723,0.0030682362,-0.0023128842
46204000,-0.0022428378,0.0017895642,-9.883746,-0.000772702,0.00365629,-0.001847941
46208000,-0.0005974885,-0.009729752,-9.873167,-0.0016287537,0.005158219,-0.0014101572
46212000,0.0016012897,-0.0074827163,-9.870696,-0.0009747542,0.0039386926,-0.001885925
46216000,-0.0010446402,-0.005774965,-9.863785,-0.0012951574,0.0034699289,-0.001874059
46220000,-0.0061348686,-0.00699373,-9.849846,-0.0017634492,0.0038526854,-0.00077675626
46224000,-0.00021551413,-0.010000752,-9.843522,-0.0013905336,0.0046124626,-0.000994765
46228000,0.004620592,-0.0062743304,-9.8388405,-0.0016806644,0.0056465482,-0.0011448248
46232000,0.00062014326,0.003611064,-9.834517,-0.0013157321,0.006181023,-0.0010766784
46236000,0.00062253745,0.00016694514,-9.829611,-0.0006754349,0.0057225884,-0.0015526424
46240000,0.0016999368,-0.0047178725,-9.830217,-0.00055987167,0.0048546204,-0.0007958785
46244000,0.0026811785,-0.0045929453,-9.827372,-0.0014261962,0.004601915,-0.00030330053
46248000,-3.1087548e-05,-0.006038567,-9.809202,-0.0012853678,0.004721388,-0.00028417283
46252000,0.0051657083,-0.002892522,-9.81016,0.00018766827,0.0052207364,1.2384288e-05
46256000,0.0038617922,-0.001957473,-9.811756,0.00012842478,0.0046280427,1.3101383e-05
46260000,-0.0061317934,0.0006432961,-9.797096,-8.1309925e-05,0.004348999,-0.000757936
46264000,0.0039215647,0.005292533,-9.793906,0.00021953355,0.0037496549,-0.0011073003
46268000,1.5753787e-05,0.0011823877,-9.795254,0.000269806,0.0033342657,-0.00028028383
46272000,-0.0069928956,-0.001785659,-9.786701,5.2117986e-05,0.004008904,8.399195e-05
46276000,-0.006614791,-0.0024494387,-9.778936,-0.00011255489,0.004817876,4.5542005e-05
46280000,-0.0045459634,-0.0007310011,-9.775977,0.00057631684,0.0046183597,-0.00090915774
46284000,-0.0010899667,0.0012504221,-9.773507,-0.00024921435,0.0044091954,-0.0018730259
46288000,-0.007140064,-0.0016678293,-9.768375,-0.00058594346,0.003444971,-0.0014381174
46292000,-0.005891709,-0.0010461682,-9.7613535,0.00031706388,0.002518492,-0.00080565945
46296000,-0.0023534375,0.0037473007,-9.761843,3.655827e-05,0.0041038543,-0.0007639841
46300000,-0.0035193926,-0.0006488289,-9.75918,0.00033864824,0.0037755417,-0.0014837476
46304000,-0.000635865,-0.0076681706,-9.754969,0.00077299634,0.0038303633,-0.0013582287
46308000,0.0033992138,-0.006588682,-9.754042,0.00078952656,0.0047026435,-0.0008141573
46312000,-0.007537611,-0.0036634791,-9.7494335,0.0013642157,0.0043041273,-0.0014567308
46316000,-0.0085823,-0.004042071,-9.745682,0.0018831802,0.0045072325,-0.0014267595
46320000,0.0037978264,-0.003503683,-9.7383,0.0014842652,0.0050495607,-0.0015182926
46324000,0.000803816,0.001590888,-9.733608,0.00030125625,0.0045981943,-0.0011784392
46328000,-0.002427875,0.0056193764,-9.738306,0.0008765063,0.0042025107,-0.00024088539
46332000,0.0004597488,0.0072635105,-9.737707,0.0022896484,0.004168193,-0.0008604733
46336000,0.005358271,0.0011934882,-9.738701,0.0014697353,0.0039250823,-0.00095500925
46340000,0.00041557715,-0.000601816,-9.737216,0.00027042977,0.004265943,-0.0008387503
46344000,-0.00089257234,0.0028729066,-9.729092,-0.00013463208,0.0030367374,-0.0013570697
46348000,-0.0033446082,-0.0010263073,-9.726465,-0.00024322829,0.0018072552,-0.0013437555
46352000,-0.005943027,0.00096559594,-9.722764,-3.249584e-05,0.002066668,-0.00045470105
46356000,0.005693402,-8.211837e-05,-9.715886,-7.20601e-05,0.0016729096,-0.0014962136
46360000,0.003951228,-0.0027421948,-9.706139,0.00088353944,0.0015037449,-0.0016523501
46364000,-0.0003837915,-0.003208722,-9.698098,0.00088617386,0.0010603811,0.00016768092
46368000,0.006000892,-0.0053580343,-9.686893,9.010945e-05,0.0015673041,0.00027327667
46372000,0.002096468,-0.0034382718,-9.6736145,0.00021410079,0.0020089347,0.0002353022
46376000,0.0048239985,0.002029152,-9.667965,0.00016835562,0.0014624964,0.0008293367
46380000,0.008593711,0.008196046,-9.671802,0.00036254505,0.0021561321,0.00037174692
46384000,0.006456482,0.0061843502,-9.676847,0.00053808495,0.0017945196,-0.00046188544
46388000,0.0064020003,0.0056954334,-9.683668,0.00083443034,0.0017496537,0.00025173422
46392000,-0.0049008485,-0.00030054423,-9.6910715,0.0014258805,0.0026777901,0.000720665
46396000,-0.0025089982,-0.008022379,-9.687033,0.0017644415,0.002219464,-0.00028334238
46400000,0.0013418775,-0.005238287,-9.679377,0.0015994218,0.0023697063,-0.0013807062
46404000,-0.0018836063,-0.0042415867,-9.680091,0.0018261152,0.0025767637,-0.0015152846
46408000,-0.002525233,-0.0016729842,-9.680355,0.0029460746,0.0023564883,-0.0014554263
46412000,-7.9486985e-05,-0.0060277544,-9.685881,0.0030298578,0.0021782822,-0.0012220414
46416000,-0.0007308676,-0.009866725,-9.690735,0.0011115554,0.0018612402,-0.0013750419
46420000,-0.0051248684,-0.010278968,-9.68755,0.001110758,0.0026932352,-0.0004622131
46424000,9.671645e-05,-0.013357727,-9.683139,0.0013552958,0.0026118907,1.7836312e-05
46428000,0.0070968205,-0.010151948,-9.6805725,0.00046284584,0.002188368,-0.0008059218
46432000,0.0006797896,-0.0065189106,-9.679181,0.0010331324,0.0014797682,-0.00093833636
46436000,-0.0055232765,-0.0023283765,-9.676176,0.00057229126,0.0008152938,-0.0004634579
46440000,0.0025594966,-0.00028713446,-9.680943,0.00020009393,0.00019393959,0.00018453816
46444000,-0.0005460764,-0.0017738525,-9.683954,0.000536045,-6.597134e-05,0.0004352408
46448000,-0.005394756,0.003125293,-9.682047,0.00014507487,0.0013130534,-0.00055447535
46452000,-0.0037156525,0.0069219135,-9.676802,0.0005646811,0.0020992672,-0.00047474596
46456000,0.0042411583,-0.002085958,-9.674898,0.00086801866,0.0012798529,7.7888006e-05
46460000,0.008350882,-0.01007852,-9.673284,0.0004684676,0.0011970538,-0.00090895634
46464000,0.0018036198,-0.005467806,-9.672255,0.0008348679,0.001385238,-0.0007322952
46468000,0.0016744749,-0.003722031,-9.675945,0.001695604,0.0007759534,-0.00062817184
46472000,-0.0039375816,-0.005033083,-9.677398,0.0012435209,4.616866e-05,-0.00050528307
46476000,-0.00770391,-0.004187544,-9.6769905,-1.568634e-05,-0.00014509373,-0.00037600528
46480000,-0.003860292,-0.0022908265,-9.676582,0.00095063244,0.00037619693,-0.00033428718
46484000,-0.00096943165,0.0062767356,-9.672379,0.0025105146,0.00045743815,-0.00042522565
46488000,-1.08593595e-05,0.0029103567,-9.670317,0.0013774479,0.00053564634,-0.0011399571
46492000,-0.003566039,-0.0007328815,-9.666273,0.00037723445,-0.00058173516,0.0002223457
46496000,-0.007240915,0.000115572555,-9.661886,0.0003156167,-0.0004127201,0.0014865324
46500000,-0.0056104665,-0.002440531,-9.6636715,0.00036052876,0.0008706354,0.0007272179
46504000,0.0045145573,-0.0018130345,-9.67214,0.0009898993,0.001335588,-0.00014507212
46508000,0.007055996,0.0038539688,-9.670126,0.0015274105,0.0013028949,-0.00022188571
46512000,0.00143298,0.0068841246,-9.660253,0.0008080491,0.0013194706,0.00085953996
46516000,-0.0039753104,0.0006985655,-9.662675,0.0012358589,0.002219403,0.0011330105
46520000,-0.008429451,0.00060800294,-9.659765,0.0018237501,0.001650445,-0.00018926745
46524000,-0.0025728722,0.007364183,-9.655766,0.0008068405,0.0010006815,-0.0006449003
46528000,-0.001859618,0.0064106015,-9.657486,0.000763913,0.0023685393,-0.00018328565
46532000,-0.0025848455,0.001272966,-9.656419,0.0012758496,0.003489577,-0.00036964685
46536000,0.0026915972,-0.0034850806,-9.659737,0.002192265,0.0030350962,3.0070229e-05
46540000,0.0049256515,0.0001475714,-9.662664,0.0025798734,0.002248615,-0.00010206975
46544000,-0.003078145,0.0063414457,-9.665064,0.00096279767,0.0014801649,0.0004366586
46548000,-0.0025387993,0.0020608758,-9.667881,0.00087110954,0.0017642798,0.0009512589
46552000,-0.0016101275,-0.0038860762,-9.662186,0.0013716627,0.0029504905,0.00029456703
46556000,-0.002399624,-0.002512053,-9.654621,0.0005545535,0.0025633397,0.00053613796
46560000,0.00035209936,1.9879559e-05,-9.658916,0.00021660954,0.0017778766,0.00050867174
46564000,-0.0009142972,0.00015144554,-9.665657,0.00012281805,0.0018327874,0.00033161053
46568000,-0.0032401858,0.0033748453,-9.661525,8.9945235e-05,0.0017873438,-0.0002846238
46572000,6.692577e-05,0.0049057985,-9.654379,0.00071934477,0.0017537001,-0.000206924
46576000,0.004685233,0.0027841122,-9.652601,0.0010514343,0.0018361789,0.00023261215
46580000,-0.0027081543,0.0006470004,-9.655966,0.0010844374,0.0014814194,-0.0002712814
46584000,-0.0004929368,0.0013040086,-9.656435,0.0011600658,0.0013714607,0.00023318452
46588000,-0.0024650216,-0.0001656562,-9.653345,0.0005361432,0.0016955141,0.00033516876
46592000,-0.007757536,0.0038202384,-9.655321,0.0008679002,0.0009239278,-0.000246441
46596000,-0.0008374882,0.005079064,-9.654621,0.0007816542,0.00062751153,-0.0003961767
46600000,0.0007462894,0.003723155,-9.650444,0.0008164751,0.0009711042,-0.00025415243
46604000,0.0030901427,0.0015582847,-9.657363,0.0012821836,0.00086245034,0.0004382597
46608000,0.0064974152,-0.006760077,-9.660461,0.00072515337,0.0019006173,0.0008168124
46612000,0.0014345489,-0.0047309673,-9.658878,0.0010743514,0.0018487484,-0.0001776382
46616000,0.0005483882,0.0033890663,-9.660301,0.0016482766,0.000828044,-0.0005810783
46620000,-0.0016666795,0.0018230609,-9.653446,0.0013550117,0.00061336125,0.0003821568
46624000,0.0018174276,0.0034259914,-9.648654,0.002066668,0.0003659435,0.00042254102
46628000,0.0070273355,0.0058160764,-9.653986,0.0010959888,0.00031575718,0.0006722684
46632000,0.010864848,0.0059508784,-9.653304,-3.4966964e-05,-4.0195897e-05,0.0005302778
46640000,-0.0024500263,0.0029440036,-9.658527,0.000700967,0.00027534264,-6.0876202e-05
46644000,0.00027728395,0.0006412813,-9.656979,0.0010420483,1.1835509e-05,0.0005541029
46648000,-0.005139781,0.00093699165,-9.659218,0.0009949751,0.00015186182,0.0010435852
46652000,-0.0014860164,0.0051363097,-9.656496,0.0003423447,-0.00013282476,0.0010328013
46656000,0.0008395042,0.0034568598,-9.654213,3.7007012e-05,-0.00136239,0.0005636265
46660000,-0.0038308953,-0.005917705,-9.657332,-0.00024918918,-0.0009391998,0.00020215125
46664000,-0.0023721745,-0.0029990023,-9.648487,0.00010969183,0.00014049112,-0.000390079
46668000,-0.0049271025,0.0013154953,-9.652664,0.00027984873,-0.00026098595,9.935713e-05
46672000,0.0033921315,-0.00026148884,-9.675932,0.0004501833,1.8098752e-05,0.0005849038
46676000,0.0037857562,0.00024141136,-9.685583,0.0006532478,0.00050985883,0.0014275245
46684000,-0.0046018735,-0.0047514965,-9.693222,0.00030162354,0.00048686008,-0.00022324531
46688000,-0.0013596588,0.0011758659,-9.685614,-3.8927487e-06,0.0005457493,-0.00021613736
46692000,0.0014501641,0.008599582,-9.677229,-0.00085792114,6.1022973e-05,-0.000846971
46696000,-0.001076987,0.008463213,-9.664288,-0.00066544116,0.0004926547,-2.6297934e-05
46700000,-0.0037514823,0.0059905797,-9.647549,-0.00021492895,0.00065740774,0.0006902072
46704000,-0.00040809397,0.008463826,-9.635227,-0.0004022394,8.008251e-06,-0.00035261674
46708000,-0.003009873,0.0035720882,-9.631454,-0.00048488157,0.0005215762,0.00024132714
46712000,-0.0005066792,0.0013905304,-9.618479,-0.0002766026,0.00016197581,0.0011879147
46716000,0.007148729,0.006587531,-9.608505,-0.0004490955,-0.00061470224,0.00084866135
46720000,0.006357852,0.0015958333,-9.621614,-0.00050351326,0.00026656565,0.00013130574
46724000,0.004508299,0.0017821188,-9.647322,7.914403e-05,0.000589281,0.00034129724
46728000,0.0016499073,-8.353497e-05,-9.659657,0.00058504107,0.00065404165,0.0015192888
46732000,0.0056787957,-0.005931731,-9.664389,0.0007862949,0.00043951132,0.000908651
46736000,0.006017431,0.0008730247,-9.664038,0.000800915,-0.00039158028,-0.00022818575
46740000,0.0063359565,0.0012049349,-9.660691,0.00037958781,-0.000246064,0.00028812955
46744000,0.0055712345,-0.0027196098,-9.656298,-0.00016725139,0.00047575403,0.0010330871
46748000,-0.0014355653,-0.0029295648,-9.653034,-0.0011286687,0.00065949885,0.00080900564
46752000,-4.6475856e-05,-0.0005152306,-9.64898,-0.0014485978,0.00023580725,0.00069165067
46756000,-0.0027869309,0.0011476374,-9.644038,-0.00035753488,-4.1576157e-05,0.0003498323
46760000,-0.006972448,-0.0036819766,-9.648171,0.00011360233,0.0002225381,-0.00016770948
46764000,-0.0004914568,-0.0063027195,-9.64175,0.00024110511,5.7037436e-05,0.0001795435
46768000,0.0007910185,0.005194639,-9.64135,0.0008044398,-0.0006142998,0.0007306097
46772000,-0.0015989576,0.005752887,-9.652874,2.3990931e-05,-0.00027359155,0.0010229759
46776000,0.003256647,0.0042037205,-9.657518,-0.0014317221,-0.00053588126,0.00095530547
46780000,0.00024284469,0.0050672865,-9.656992,-0.0018092667,-0.0012957242,0.00029094555
46784000,-0.0069840634,0.0005420594,-9.656578,-0.0006131829,-0.0012452182,-0.00010004775
46788000,-0.0058809808,0.0064036828,-9.662461,-0.00055238075,-0.0009194548,-3.2441334e-05
46792000,-0.0019317156,0.004735518,-9.665596,-0.0008195127,-0.00018311165,0.00067862874
46796000,-0.0037796195,0.0040060733,-9.66918,-0.00024910536,-0.00035489054,0.0014852664
46800000,0.001641379,0.007947354,-9.66992,-0.00023365127,-3.9757633e-05,0.0009326935
46804000,0.003975104,0.0003358534,-9.674986,-8.4845735e-05,0.00045167975,0.0007012346
46808000,-0.0023348802,0.0011393632,-9.677427,-0.0007858172,0.0005383256,0.0008478451
46812000,-0.0006537994,-0.0053446963,-9.67156,-0.0021319527,0.001556966,0.0003064956
46816000,0.001106923,-0.012330528,-9.670675,-0.0015087436,0.0007518855,0.0006684147
46820000,0.0015629394,0.0014347229,-9.670703,-0.0004971992,0.000691124,0.0012900465
46824000,-0.004647807,0.004478507,-9.667772,0.00014630189,0.0014084585,0.0012415496
46828000,-0.005869738,-0.0015654365,-9.665483,0.00011104158,0.0013473934,0.0010463657
46832000,-0.0027050315,-0.0018483583,-9.671391,-0.00078503735,0.0017863323,0.0011622407
46836000,-0.0021048218,-1.3991881e-06,-9.674604,-0.00047744412,0.001965037,0.00037517375
46840000,0.0028022192,-0.003748403,-9.666717,-0.00039449937,0.002237419,-0.0005728671
46844000,0.0063935686,-0.0048192726,-9.66388,-0.0015694831,0.0013907669,-0.00070623675
46848000,0.0027109021,0.00012770362,-9.669178,-0.002163115,0.0009136366,-0.0003022077
46852000,-0.0028958474,0.002242387,-9.672962,-0.002603748,0.001459623,0.00053538586
46856000,-0.007103813,-0.00097283965,-9.66978,-0.003036356,0.0017015238,-0.0001518103
46860000,-0.0087387655,-0.00651364,-9.678181,-0.0023603714,0.0010856088,-0.00027971648
46864000,-0.005368866,-0.0035774389,-9.683506,-0.0018014499,0.0011735195,0.00049029227
46868000,4.6729122e-07,-0.0030251679,-9.676943,-0.0017929587,0.0019431466,0.0006191805
46872000,0.006827093,-0.00029774374,-9.675905,-0.002113853,0.0022580118,0.00075003906
46876000,0.0074438564,0.001614414,-9.676779,-0.0024816387,0.00257626,0.0016945573
46880000,0.004454002,-0.0006419797,-9.678431,-0.002048626,0.0019521012,0.0018714535
46884000,-0.0024410253,-0.0056263716,-9.673002,-0.00137853,0.0017815691,0.001140446
46888000,-0.0026625234,-0.003880834,-9.669294,-0.0023869108,0.0012727566,0.00089224515
46892000,-0.0027125666,0.0012587772,-9.672438,-0.0025515356,0.00014941064,0.00097291503
46896000,-0.0051452443,-0.0075600464,-9.67897,-0.0023372783,0.00063496735,0.0011956804
46900000,-0.00030748267,-0.0075321714,-9.679252,-0.002861012,0.0016850653,0.00074162986
46904000,-0.0014357807,0.0026428227,-9.677935,-0.003157402,0.0015088335,2.0159916e-05
46908000,-0.0010482114,-0.0027433918,-9.677922,-0.0034493806,0.0010039487,-0.0006191265
46912000,-0.006110529,-0.0043860665,-9.679977,-0.003784495,0.00036769555,-0.0004505482
46916000,-0.004367358,0.0057326686,-9.677225,-0.003461503,0.00043805526,1.0287609e-05
46920000,0.0048414487,-0.00035342757,-9.674278,-0.0020879942,0.00033665195,0.0009855247
46924000,0.0046164487,-0.004439281,-9.677774,-0.0015426481,-7.3001014e-05,0.001245975
46928000,0.0005371161,-0.008679899,-9.68123,-0.001846407,0.0007124332,0.00026992534
46932000,-0.0036549708,-0.009740565,-9.681919,-0.0016975567,0.0014834049,-8.573432e-05
46936000,0.0028276355,-0.0028367168,-9.681006,-0.0016563538,0.0018710871,-8.724294e-05
46940000,-0.0006217058,-0.0022031383,-9.685089,-0.0016348041,0.00175371,0.0010795991
46944000,-0.00086999265,-0.00690613,-9.682158,-0.0027269623,0.00066710706,0.0012417645
46948000,-0.003128904,-0.006531685,-9.673264,-0.00321713,0.001157502,0.00051768625
46952000,-0.0045146383,0.0032135833,-9.680361,-0.0023779017,0.0014260209,-7.243758e-05
46956000,0.00050223374,0.008190751,-9.6866,-0.0034668494,0.0014515256,-0.0014378096
46960000,-0.0039370107,0.0045081982,-9.68256,-0.0036167982,0.0023430593,-0.0008000874
46964000,-0.0052787615,0.004667089,-9.681627,-0.0024746454,0.0010809596,0.0014814727
46968000,-0.005163896,0.0044749198,-9.677584,-0.002226369,0.00014449107,0.0018741615
46972000,-0.0061004777,0.0061250143,-9.675863,-0.0031175541,0.0009506204,0.00045988208
46976000,-0.008186102,0.007433192,-9.680563,-0.0030612892,0.0017943509,-8.569964e-05
46980000,-0.0037100709,-0.0015441474,-9.6865225,-0.0023712318,0.0020359475,0.0001848061
46984000,-0.0012213542,-0.00566366,-9.688188,-0.0021900747,0.0013449618,-0.00044299522
46988000,-0.0007627326,-0.0036736217,-9.683123,-0.0017563037,0.001429252,-0.00015929894
46992000,-0.0005184138,-0.003618079,-9.681401,-0.0023013041,0.0020401443,0.00040273686
46996000,0.0029772099,-0.0007132963,-9.683473,-0.0025574726,0.0020458137,4.0072977e-05
47000000,0.0047700596,-0.0039491905,-9.680379,-0.0018273946,0.0017169437,0.0008532289
47004000,0.00060163694,-0.0084463805,-9.679886,-0.0019021019,0.0010757578,0.00036504757
47008000,-0.004629968,-0.0045381556,-9.687491,-0.0028001561,0.0012498013,-0.0004242241
47016000,-0.0010892157,0.001732588,-9.694533,-0.0035388772,0.00018042605,0.000114950766
47020000,-0.0010283911,-0.0022619574,-9.698433,-0.0036383783,3.1671847e-05,-3.3358137e-05
47024000,0.00078389124,-0.0010464094,-9.690901,-0.004425128,0.00031016252,-0.00012067368
47028000,0.00066639134,0.0002711699,-9.68844,-0.004368084,0.00078680925,0.00011016709
47032000,0.0032737378,-0.0005409866,-9.693392,-0.0036163898,0.00041595488,0.00010150095
47036000,0.0051060305,0.00022101712,-9.692845,-0.0040392107,0.0005105904,0.0004397845
47040000,0.004552385,0.0015430326,-9.691108,-0.003308093,0.000920665,-1.4111771e-05
47044000,-0.0059322985,-0.0011954983,-9.688175,-0.00283763,0.00031065804,-0.00025299744
47048000,-0.0048450483,-0.0029394166,-9.687893,-0.0032802392,0.00080696965,2.468718e-05
47056000,-0.0017301991,0.00055235176,-9.6968975,-0.0035688174,0.0019225006,0.0004397426
47060000,-0.0019974029,0.00020063049,-9.702025,-0.0040181074,0.0021764885,0.0003523514
47064000,-0.0018814913,-0.0016032633,-9.7017975,-0.0038015265,0.0014336035,0.00032749306
47068000,0.0035414565,-0.0018847318,-9.702378,-0.0035183923,0.0002923586,-9.601526e-05
47072000,-0.0046921275,-0.0077869543,-9.699644,-0.0045013083,0.0011084301,-0.00071685674
47076000,-0.008421349,-0.005615757,-9.701746,-0.00401167,0.0008691071,-0.0007565153
47080000,-0.0020778826,-0.002239262,-9.705158,-0.0032248364,0.0010608127,0.00013908865
47088000,-0.0053247535,0.0050242515,-9.697947,-0.0036137735,0.0015114318,-0.0011068669
47092000,-0.00020133055,-0.0058419295,-9.692169,-0.0037242537,0.00058919203,-0.0015941224
47096000,-0.0013989039,-0.005143282,-9.700298,-0.0031052865,0.00020810035,-0.0010943564
47100000,-0.002946535,-0.0019067373,-9.707909,-0.0037647462,0.00091718836,-0.00072347623
47104000,0.0003175892,0.0017626163,-9.708558,-0.0038355656,0.0005366666,-0.0005011084
47108000,0.0046789744,0.006121318,-9.708789,-0.003833526,0.00031694866,0.00029526243
47112000,-0.000706995,0.0040621827,-9.717519,-0.004512064,0.0010969817,0.0010508094
47116000,-0.010625388,-0.007908599,-9.723059,-0.0043492997,0.00038600527,0.00046771838
47120000,-0.008624288,-0.0034409412,-9.719187,-0.0035945675,-0.0005033489,-9.0682755e-05
47124000,-0.0012824064,0.004843945,-9.715778,-0.0034010988,0.00076124276,-0.00021424345
47128000,-0.0008847746,-0.003860262,-9.714202,-0.004456604,0.0016422305,-0.00079801126
47132000,-0.0047146445,0.00029977207,-9.712402,-0.004021668,0.0011149286,-0.00043322204
47136000,-0.0005278841,0.0016717823,-9.708701,-0.0038952457,0.0009705976,0.00013582039
47140000,0.009032946,-0.008074064,-9.705526,-0.0039197616,0.0007521509,0.00010046205
47144000,0.0023050038,-0.0068845623,-9.695816,-0.003389803,0.0003121862,-0.00046023788
47148000,-0.0035926192,-0.0014620927,-9.696114,-0.0034198575,0.0006165837,-0.00085473026
47152000,0.0031185385,0.005408856,-9.686802,-0.0035634912,0.00031543768,-0.00018720266
47156000,0.0031599125,0.008535016,-9.6728325,-0.0046073208,0.00049451145,-0.00052862655
47160000,0.0060310233,0.008569796,-9.683847,-0.005093646,0.0012423397,-0.0006207685
47164000,0.003991866,0.002326733,-9.698103,-0.004055171,0.0012945718,0.0017263519
47168000,3.343041e-06,-0.0034357475,-9.708425,-0.0029445202,0.00085362885,0.001078664
47172000,0.0002767159,0.00074702257,-9.712597,-0.0024544375,0.00032320456,-0.00045231066
47176000,0.00041234447,0.0029883378,-9.715748,-0.003179111,0.00033776695,-0.00011148321
47180000,0.003241762,-0.00096154463,-9.71877,-0.0048327604,0.0001168101,-0.000583795
47184000,-0.00043308502,-0.0015628216,-9.719036,-0.004557523,0.0006035044,-0.0015825762
47188000,-0.0015421407,-0.001830391,-9.711775,-0.004482228,0.0005876392,-0.0015618455
47192000,0.004360455,-0.003013406,-9.710867,-0.0047249873,-0.0007907769,-0.001197897
47196000,0.009483056,0.00032038824,-9.716883,-0.003890634,-0.0002130045,-0.0018907653
47200000,0.0057106474,0.0018933634,-9.721336,-0.004146181,0.00051957613,-0.0011570993
47204000,-0.0015236418,0.001238972,-9.716408,-0.004520188,0.00010078526,1.5447838e-05
47208000,-0.00144161,1.5120598e-05,-9.711286,-0.004815193,8.581818e-05,0.0002599014
47212000,-0.002660512,0.005289286,-9.713081,-0.0035829968,0.00093233905,2.072096e-06
47216000,-0.0016508207,0.005603661,-9.7194195,-0.002597502,0.0019716509,-2.7074213e-05
47220000,0.0008552271,0.005812932,-9.725285,-0.0041601295,0.0013860766,7.997031e-05
47224000,-0.0016192668,0.003194253,-9.7295685,-0.0047615506,0.0007935783,-2.4943263e-05
47228000,0.0015350722,-0.0029772487,-9.723032,-0.0033703912,-2.832944e-05,-5.931169e-07
47232000,0.0029295785,-0.0016769292,-9.709954,-0.0028516923,-0.0006238166,0.00040057476
47236000,0.003862022,0.0033710655,-9.713543,-0.003952561,-0.00026811173,0.00051307655
47240000,0.004886362,0.005227085,-9.716877,-0.004593797,-0.00023021646,0.00068177376
47244000,-0.0024848434,-0.0026759356,-9.714228,-0.003995333,-0.0003934272,0.0003711098
47248000,-0.0038964604,-0.0016369019,-9.713638,-0.0034256992,-0.00042059735,-2.7640928e-05
47252000,-0.0030258726,0.0045575085,-9.7178135,-0.004460411,-0.0009533287,-0.00029651608
47256000,0.0020039694,-0.0009593422,-9.72533,-0.0050004777,-0.0016048985,-0.00026137
47260000,-0.0021833405,-0.000103045306,-9.722691,-0.0042984243,-0.00077084766,-5.2934833e-05
47264000,-0.007538152,-0.0022326424,-9.718313,-0.004509691,-0.00027580382,-0.00047318396
47268000,-0.0023287036,-0.0061140405,-9.71837,-0.004455556,0.00070998626,-0.0011419638
47272000,-0.0054366034,0.0054394766,-9.711641,-0.0045770677,0.0014305139,-0.0018298986
47276000,-0.011211576,0.0051606516,-9.711884,-0.0050484478,1.1759663e-06,-0.0016578638
47280000,-0.006013037,-0.0029369728,-9.71686,-0.004643661,-0.00021478486,-0.00080080715
47284000,0.0014075857,0.00048788867,-9.719273,-0.0038805401,-0.0001761991,-0.000847875
47288000,0.0048590633,0.0031649289,-9.72156,-0.003723738,-0.00057193724,-0.000745828
47292000,0.005533522,0.001596501,-9.722158,-0.0036134643,-0.00032726364,-0.0007638687
47296000,-0.0031602278,-0.0008067297,-9.720957,-0.0036147065,-0.0007294281,-0.0013085252
47300000,-0.0065599494,-0.0015536037,-9.723539,-0.0030594703,-0.0008868503,-0.0005318706
47304000,-0.0064373384,-0.001676673,-9.73085,-0.0023502884,-0.00040281826,0.00035389554
47308000,-0.0021746187,-0.004532115,-9.729478,-0.0031508459,-0.00097371434,-0.00039409398
47312000,-0.00096217624,0.0013476238,-9.723076,-0.003918676,-0.00096795557,-0.0013615815
47316000,0.0028325121,0.0055753584,-9.717993,-0.0041004554,0.0007930939,-0.0008592749
47320000,0.0044104396,0.0018910122,-9.720492,-0.004101375,0.0012016273,-0.00085037644
47324000,-0.0049991244,-0.00013599926,-9.720639,-0.0040559536,0.00082952564,-0.0006924791
47328000,-0.0016189723,-0.005411434,-9.719218,-0.0044680554,-0.00038437266,-0.00040901793
47332000,0.000712894,-0.009432966,-9.723913,-0.004101691,-0.0013258273,-0.00045584762
47336000,-0.007923265,-0.00712576,-9.717816,-0.0027588166,-0.00042159887,-0.00012681875
47340000,-0.007614879,-0.0013822771,-9.717548,-0.002813851,-0.0001716802,-0.0001364239
47344000,0.00050085667,0.0028498468,-9.719871,-0.003387013,0.00030607788,-0.00059896446
47348000,-0.002907733,0.0018021865,-9.722855,-0.0026447258,0.0003791732,-0.0013492708
47352000,-0.005453555,0.0017847121,-9.722651,-0.0032923098,-0.00010291977,-0.0023030646
47356000,0.0014572513,0.0031753583,-9.718479,-0.0042425115,0.00019323094,-0.0020258396
47360000,0.0015945721,-0.00016143582,-9.717308,-0.0030676988,-0.00011211363,-0.000867155
47364000,-0.00404221,-0.0006593983,-9.72145,-0.0023702693,-0.00024833358,-0.00019683334
47368000,-0.0063308724,0.0002458287,-9.726894,-0.0024988728,-0.00087220926,-0.00024878516
47372000,-0.007596514,-0.0027939596,-9.72812,-0.0026345933,-0.00088648975,-0.0012217056
47376000,-0.0035804939,-0.0052338536,-9.73015,-0.0024903808,-0.00072496285,-0.00096641295
47380000,0.0017006786,-0.005595835,-9.729122,-0.0027190149,-0.0016913341,-0.00020136267
47384000,-0.0018064523,-0.0022874656,-9.728354,-0.0030482386,-0.0011258615,-0.0006892817
47388000,-0.0023402134,-0.0014153701,-9.72349,-0.0034317055,-0.0002011562,-0.0006001589
47392000,-0.0020831306,-0.0063734613,-9.729779,-0.0035159932,-0.000114973016,-0.00055944343
47396000,-0.006326086,-0.004545195,-9.732423,-0.002985853,-0.0010581656,-0.0010448169
47400000,-0.0069836034,-0.002524961,-9.72309,-0.002758763,-0.00047185324,-0.0013281099
47404000,-0.00076962775,-0.007958148,-9.7255745,-0.0027302068,-0.00044968876,-0.0010581668
47408000,0.0045051696,-0.012575723,-9.722193,-0.002381922,-0.0013685331,-0.00042735512
47412000,0.004946529,-0.009117323,-9.715162,-0.0016842384,-0.0008573085,0.00031776255
47416000,0.007857178,-0.0011863003,-9.721153,-0.002417718,-0.0005391287,-0.0004760686
47420000,0.0039306213,0.002876904,-9.723961,-0.0032434384,-0.00024064186,-0.00078000885
47424000,-0.0036034528,-0.00024164765,-9.723366,-0.003789768,-0.00052295736,-0.00032106688
47428000,-0.0044541173,-0.0029567475,-9.722862,-0.0031888594,-0.00072012725,-0.0008430157
47432000,-0.003432933,-0.0017708275,-9.7220125,-0.0025945995,-0.00025867447,-0.00028309922
47436000,-0.007410016,-9.455634e-05,-9.723994,-0.0026412269,-0.0009264563,-0.000106121006
47440000,-0.0028687648,-0.00045545268,-9.726816,-0.0014854264,-0.0020196172,6.745431e-05
47444000,0.0019200695,-0.0047630304,-9.722885,-0.00076338154,-0.0017322253,0.0012257297
47448000,0.0011954685,-0.004703867,-9.72424,-0.0007672635,-0.0010289934,0.00040729265
47452000,-0.001552244,-0.003640828,-9.728002,-0.00116619,-0.0005505293,-0.0011916512
47456000,0.00041872828,-0.00074931775,-9.729412,-0.00014754904,-0.0003912686,-0.0005842557
47460000,0.010330711,0.011044677,-9.732943,-0.00090461737,-0.0019098334,0.00066865387
47464000,0.010528788,0.009092408,-9.729262,-0.0021908027,-0.002013787,0.0003454071
47468000,0.0009774454,-0.00010358998,-9.726967,-0.0017789577,-0.0008839487,0.00019478466
47472000,-0.009645486,-0.006090664,-9.722929,-0.0011358851,-0.0016371254,0.0004901274
47476000,-0.0063304324,-0.006844222,-9.714664,-0.00109434,-0.0011560307,-0.0006548282
47480000,-0.0014642135,-0.00040817668,-9.712238,-0.001858445,-0.00084534235,-0.00072622724
47484000,0.0021486985,-0.0003966878,-9.723204,-0.0019336089,-0.0011021482,0.0006055551
47488000,0.008079563,-0.002277604,-9.736656,-0.002064931,-0.00091381714,0.00012623378
47492000,0.0031530913,0.0019672292,-9.7373,-0.00059315603,-0.0007886561,-0.0007183545
47496000,0.00082645146,-0.0006767991,-9.725975,-0.00013507057,-6.285355e-05,-0.0007461639
47500000,0.00096767483,-0.006774213,-9.722619,-0.0008768633,-5.226423e-05,-0.0006801295
47504000,-0.003333024,0.0052976566,-9.726815,-0.0005154325,-0.0005793492,-0.00023878306
47508000,-0.0025089863,0.0063174497,-9.731316,0.0009179815,0.0006948128,-6.9424423e-06
47512000,0.0008699923,0.0033165852,-9.73033,0.0015058292,0.0016671529,0.000348025
47516000,0.0018647725,0.007238957,-9.724094,0.0003220351,0.00073082006,4.6635632e-05
47520000,0.00043633225,-0.0013773353,-9.726587,-8.096083e-05,0.00027844342,-0.00018372308
47524000,-0.0012430027,-0.004371701,-9.7286005,0.00034480356,0.00017411198,-0.00033598815
47528000,0.0025155877,-0.004992541,-9.733835,2.5413185e-05,-0.00037482544,-0.0006507062
47532000,-0.002351135,-0.006819737,-9.735197,-0.000905397,-0.0014379767,0.00039582406
47536000,-0.008037467,-0.004434654,-9.735136,-0.0011754228,-0.00067404273,0.0005869648
47540000,-0.000469637,-0.004693505,-9.738371,-0.0013688011,0.0003002126,-0.0001247175
47544000,-0.0005010287,-0.0026620643,-9.738917,-0.00067173317,-0.0008470397,-2.9534202e-05
47548000,0.0021811589,0.00073853007,-9.738756,-0.00027327344,-0.00025008246,-0.00057860086
47552000,0.0054985494,0.006749121,-9.738483,-0.0014497897,0.00095513894,-0.0013322111
47556000,0.0017446277,0.006177064,-9.743555,-0.0015064013,0.00042377994,-0.0011898115
47560000,0.004478917,0.0032235824,-9.742072,-0.0010247636,0.00052073004,6.3469147e-06
47564000,0.0031411184,-0.0008142555,-9.735233,-0.0011676627,0.0013358255,0.00050692906
47568000,0.001573114,-0.0019541306,-9.733665,-0.0010049754,0.0014280222,-0.0005383281
47572000,0.003488785,0.0018099878,-9.731888,-0.00090137083,0.0007924197,-0.0010638981
47576000,0.004937245,0.0011330713,-9.723228,-0.0008114056,0.0005097674,8.021926e-05
47580000,-0.00012562843,0.0012798723,-9.714624,-8.54829e-05,0.0011138842,-0.00025735973
47584000,-0.003988376,-0.0022531943,-9.720527,-8.361373e-05,0.0011056125,-0.00063507113
47588000,0.0024401366,-0.0025554749,-9.726337,-0.0007155857,0.0011631543,-0.00017321104
47592000,-0.0001104118,0.002638204,-9.714138,-0.0003038007,0.0019049925,-0.00023953874
47596000,-0.008976536,0.008229692,-9.703539,0.00021316629,0.0016634573,9.032603e-05
47600000,-0.0052856253,0.0077747293,-9.713574,0.00032134692,0.0010366513,0.0005598762
47604000,-0.0064785015,-0.0013297835,-9.730322,0.0001905992,0.0020322981,0.00028396436
47608000,-0.008357237,-0.006187803,-9.732993,4.0087547e-05,0.0020445774,-0.00088808936
47612000,-0.001397727,-0.006347526,-9.736269,0.00050105836,0.0007656454,-0.0006610598
47616000,-0.0016376921,-0.00026370297,-9.745111,0.00046437167,0.00079869427,-0.0009998857
47620000,7.0374124e-05,0.0040747724,-9.740508,0.00026393947,0.0016621411,-0.0015080369
47624000,-0.0002833808,0.00035853573,-9.733494,-8.524645e-05,0.0016645355,-0.00089005305
47628000,-0.004482269,-0.0001879104,-9.734549,0.00027727065,0.0012223906,-0.0002007512
47632000,-0.0072943033,-0.0022345737,-9.730467,0.00083540654,0.001341444,0.0003971877
47636000,0.003681013,-0.00010455443,-9.721212,0.0007237951,0.0017243406,0.00032848865
47640000,0.009095955,0.0031490056,-9.72125,0.00032610452,0.0017148134,-0.0012003982
47644000,0.00036912196,0.0013893503,-9.733534,-0.0006329434,0.0019944198,-0.0022141768
47648000,-0.0056537273,0.0030590547,-9.738838,-0.0004882319,0.0026130395,-0.0016437974
47652000,-0.009089502,0.006984231,-9.7385435,-0.00023804243,0.0027302706,-0.00072425965
47656000,-0.0069630044,0.009848088,-9.744354,-0.0010299723,0.0032810252,-0.0008732136
47660000,-0.0010114942,0.0058553484,-9.737905,-0.0011981,0.0034026902,-0.001084975
47664000,0.0049759853,-0.00094245124,-9.731502,-0.00063096744,0.0035748286,0.00022061732
47668000,0.0036638125,0.0016351324,-9.723455,-0.00091841794,0.0033433528,0.0006614198
47672000,0.0064655053,0.012300459,-9.720946,-0.00040431367,0.0025446604,-0.00044165226
47676000,0.001257264,0.008531137,-9.724424,0.00060923514,0.0029612696,-0.00039852245
47680000,-0.005665223,0.0034620077,-9.725149,0.0009293687,0.0033855317,-0.00016141271
47684000,0.002300611,0.0011537287,-9.728071,0.00061637425,0.0027737406,-0.0005266257
47688000,-0.00028155488,-0.0063880417,-9.725553,-0.0002483,0.0027066872,0.00015778145
47692000,-0.0038179064,-0.005231622,-9.736064,-5.2801268e-05,0.0031434863,-0.0003573911
47696000,-0.001240243,-0.009372826,-9.736558,0.00074092165,0.0036473568,-0.00047403926
47700000,-0.0029752697,-0.001732339,-9.729433,0.00061919977,0.0034359526,-7.3275783e-06
47704000,0.0012154608,0.0067509846,-9.725035,0.0008480407,0.0036336617,7.460101e-06
47708000,0.0006630495,0.0009112981,-9.730482,0.0016798066,0.0051001795,-0.00037308075
47712000,-0.0034701466,0.0014588948,-9.73447,0.00031631274,0.00518398,-0.0015227733
47716000,-0.0014383525,0.006137994,-9.726046,-0.00033154013,0.0048114234,-0.0008875591
47720000,-0.0009979658,0.0071988762,-9.723128,0.0004958858,0.005360273,-0.0004963053
47724000,0.0002562055,0.004485904,-9.728397,0.0002982993,0.004954568,-0.00057432865
47728000,-0.0027664,0.0011799303,-9.741884,0.00032999538,0.0038764097,0.00049283856
47732000,-0.0004647263,-0.00063847954,-9.735817,0.00026476666,0.0038944732,0.00061507674
47736000,0.00021054575,-0.003237679,-9.726578,0.00080360315,0.004968398,3.939619e-05
47740000,-0.006069689,-0.0007241222,-9.735858,0.0011022252,0.004898906,-0.0008480797
47744000,-0.0048490195,0.006553106,-9.742975,0.0009196384,0.0039725997,-0.001099422
47748000,-0.00028639252,0.011305027,-9.741802,0.0011575535,0.0045913938,-0.0006325196
47752000,0.001502048,0.009159896,-9.738395,0.0019291285,0.0050395923,-0.0005634923
47756000,0.005403329,0.0046411175,-9.727766,0.0028176499,0.0042445287,-0.00051209837
47760000,0.010088765,0.00094692013,-9.716898,0.0018038691,0.004587902,-1.35215205e-05
47764000,0.0025207815,-0.0009319389,-9.731079,0.0004492514,0.005076718,-0.0003799024
47768000,-0.00048023838,0.003680957,-9.741882,0.0018260904,0.00507842,-0.0011082862
47772000,0.001962034,-4.033254e-05,-9.73922,0.0025070347,0.0058108275,-0.00074646866
47776000,-0.0018946461,0.0009963233,-9.740215,0.0024321235,0.006338574,-0.00087319437
47780000,0.0013258065,0.012418795,-9.741253,0.0020821677,0.0062458385,-0.0012808328
47784000,-0.0003268856,0.0060659135,-9.740137,0.0010549376,0.006382587,-0.0011494398
47788000,-0.005814879,-0.0062722927,-9.733616,0.0012943366,0.0059430418,-1.8634319e-05
47792000,-0.0052357335,-0.0047893343,-9.729269,0.002053852,0.005943116,-9.853383e-05
47796000,-0.0049467064,-0.008063628,-9.727126,0.0015854792,0.0060459604,-0.0007584057
47800000,-0.0025416154,-0.009710229,-9.728687,0.0007432413,0.004812859,4.165593e-05
47804000,-0.0006119475,-0.009355768,-9.735737,0.0014591764,0.0058947727,-0.00043639477
47808000,-0.005310372,-0.008536238,-9.7410345,0.0019293402,0.0068566347,-0.0011727607
47812000,-0.0073968186,-0.00194323,-9.746733,0.0017032992,0.0067696963,-0.00088644447
47816000,0.0016208806,-0.000775981,-9.74551,0.0019044518,0.0066659967,-0.00050813006
47820000,0.0039684745,0.008798185,-9.736177,0.0015871356,0.00591423,-8.462729e-05
47824000,-0.00073925866,0.008886814,-9.737898,0.0015221649,0.006460934,-0.00021921122
47828000,0.0028024674,-0.0019260987,-9.733771,0.0019170912,0.0068546515,-0.0010060731
47832000,-0.00021067241,0.003260722,-9.730726,0.0032222185,0.0064741955,-0.001866087
47836000,-0.007045826,0.008755537,-9.733572,0.003817081,0.0067592696,-0.00088233216
47840000,-0.0074618724,-0.0038937079,-9.739563,0.0028760976,0.007524607,-0.00079202437
47844000,-0.00096081774,-0.006129268,-9.746483,0.0030581388,0.007596148,-0.0009975887
47848000,-0.00032054732,0.0020826808,-9.740843,0.0030840973,0.006844103,-0.00063648535
47852000,-0.002188214,-0.0013000336,-9.738465,0.0029457835,0.006230566,-6.877983e-05
47856000,0.002495658,0.0022563322,-9.742235,0.0019318318,0.006361987,0.00046750618
47860000,-0.00093040965,0.004813436,-9.742861,0.0025547324,0.0063570323,0.00020403642
47864000,-0.0010180903,-0.001216532,-9.738415,0.0031223395,0.005101887,0.00016851767
47868000,-0.00018044564,-0.001791217,-9.736092,0.0023209676,0.0044304365,0.00036522213
47872000,0.0025456361,-0.00247651,-9.737995,0.0027879383,0.0051706573,0.00014691344
47876000,0.0055355714,0.00064236805,-9.7294445,0.0028349673,0.0054426454,-0.0010322038
47880000,0.0008585673,0.0033396508,-9.719641,0.0021210138,0.005411704,-0.00093249284
47884000,0.0013835886,-0.00072463317,-9.725632,0.0020687587,0.00490488,-0.0007279129
47888000,0.0008873723,0.0056491885,-9.738581,0.0027458,0.0056191767,0.00021675904
47892000,-0.0020632239,0.010499534,-9.74463,0.0034510777,0.005561914,0.00048808346
47896000,0.0024335254,0.0040496797,-9.747099,0.0030564794,0.0046127485,-0.0010710272
47900000,0.0041140374,0.0031586834,-9.742588,0.002543311,0.0049168374,-0.0010912506
47904000,-0.0009142964,0.0041832426,-9.734693,0.002813642,0.0049479823,-0.00044542542
47908000,-0.0026264412,-0.00036584743,-9.738852,0.0024772347,0.004388107,-0.00037226063
47912000,-0.0020832967,0.005345434,-9.73711,0.0026275946,0.0051939073,-0.0002637675
47916000,-0.0017927631,0.0063045397,-9.733164,0.003744263,0.006698533,-0.0002490847
47920000,0.0046781097,-0.00022010045,-9.734119,0.004283045,0.00591806,4.579698e-05
47924000,0.0019599686,0.004879547,-9.74427,0.0037991316,0.0051351786,-0.00056017505
47928000,-0.004741367,0.003563969,-9.745655,0.004665656,0.005936231,-0.0012194139
47932000,0.0057931286,-0.0053821723,-9.738401,0.0052960142,0.0054385373,-0.0005466653
47936000,0.007131135,0.0014344018,-9.74063,0.0044910354,0.004231961,-0.00017806719
47940000,0.0031685904,0.007541303,-9.7414055,0.0051513435,0.0038965673,-0.0007417612
47944000,0.0067369584,-0.00358386,-9.748535,0.0059886174,0.003955576,-0.0011094803
47948000,0.004978043,-0.0029155372,-9.747227,0.0050247717,0.005164151,-0.00055760756
47956000,0.0068802442,-0.004138146,-9.733895,0.005757044,0.0035195786,-0.00091577513
47960000,0.0053032124,-0.00040525888,-9.740055,0.0040034126,0.004158522,-0.0006617477
47964000,0.0012039859,0.0046572895,-9.7474,0.0032825058,0.0045699384,-6.5740264e-06
47968000,-0.004014269,0.0071239024,-9.753218,0.004552885,0.004790953,-4.5989265e-05
47972000,-0.0056920606,0.0017839231,-9.750082,0.004460395,0.0045932145,-0.0002934613
47976000,-0.0027503183,0.0026206383,-9.745058,0.0043688375,0.003892042,-0.00068691716
47980000,0.0006157531,0.008503139,-9.749412,0.0044911127,0.0048739,-0.0011099249
47984000,-0.0010399644,0.0038843523,-9.755562,0.005272892,0.0060804742,-0.0011447339
47988000,-0.0012857445,-0.0012036606,-9.754572,0.0064265234,0.005606119,-0.0019969693
47992000,0.00023391275,-0.0039278422,-9.751465,0.006731246,0.004990539,-0.0018246261
47996000,-0.0033743856,-0.005795886,-9.740006,0.006147168,0.0049256575,0.00056725065
48000000,-0.0030145273,-0.0045677805,-9.727262,0.0057241316,0.00443399,0.0011580103
48004000,-0.006815874,0.00024268641,-9.725756,0.006134641,0.0042973883,0.0004950531
48008000,-0.009439785,-0.0019080199,-9.722639,0.0064545213,0.00449809,-9.170927e-05
48012000,-0.0037375065,0.00057738484,-9.720236,0.006093242,0.0040380745,-0.00076713285
48016000,-1.1919066e-05,0.010363333,-9.718643,0.0059627094,0.0039483225,-0.0012160265
48020000,0.00066074793,0.005876928,-9.720741,0.0061399625,0.0033877296,-0.0012279769
48024000,0.0066414233,0.0011107065,-9.7269945,0.0056337058,0.0027960658,-0.00055831973
48028000,0.003173512,0.010127328,-9.735796,0.0055546174,0.0039173663,-0.00065380393
48032000,-0.0036187945,0.011477017,-9.758922,0.006007371,0.0042645345,-0.0013907645
48036000,0.0039787637,0.003604504,-9.763881,0.005857816,0.0030529655,-0.0010416622
48040000,0.005014796,-0.0074374727,-9.7506485,0.004939206,0.0029573275,-0.0007776822
48044000,0.0007271774,-0.0036645886,-9.741583,0.004903836,0.0026696264,-0.0006296384
48048000,-0.000229612,0.0039589866,-9.732219,0.005677512,0.0024830601,-0.00052157097
48052000,-0.0018052987,0.0003649139,-9.730246,0.00652014,0.0037313353,-0.0009400084
48056000,-0.0018686509,0.007808315,-9.725359,0.006645771,0.0035144286,-0.001205007
48060000,0.004061454,0.008244577,-9.726304,0.007100983,0.0029296572,-0.0012682511
48064000,0.0048930612,0.0066720587,-9.733168,0.0074848873,0.0030162935,-0.001035709
48068000,0.0006806818,0.006911176,-9.733616,0.0074543534,0.0027880522,-0.0011016859
48072000,0.0016119437,-0.0034548147,-9.730125,0.0077023488,0.00268883,-0.0006589803
48076000,-0.0016912937,-0.00670357,-9.736293,0.0066614826,0.0022284612,-0.0005722847
48080000,0.00095740304,-0.008077741,-9.7462845,0.0066940035,0.0020136475,-0.0014351452
48084000,0.0039661513,-0.010055147,-9.751146,0.007290282,0.0018757153,-0.0007859022
48088000,0.002805552,0.0005523067,-9.747683,0.0073604216,0.0016068458,-2.2086328e-05
48092000,0.0033276794,0.004534776,-9.750097,0.007036093,0.0024206797,-0.0012533161
48096000,0.00084276,0.005704882,-9.757355,0.0054917475,0.002337841,-0.0020253016
48100000,0.000768402,0.0029342377,-9.758507,0.005644616,0.0017947827,-0.001960253
48104000,-0.0030489075,0.002066721,-9.751053,0.006469558,0.0026775901,-0.0016863202
48108000,-0.0017723124,0.00857125,-9.74801,0.0067211804,0.0037896927,-0.0005798853
48112000,-0.0059278808,0.009037499,-9.752161,0.006210047,0.003447248,-0.00045759897
48116000,-0.007821653,0.0074376417,-9.753532,0.0061041815,0.003044276,-0.00043146484
48120000,0.0030691754,0.0038173357,-9.75341,0.0075880475,0.0031602087,0.00019900131
48124000,0.0041258503,-0.0035479967,-9.749826,0.008183815,0.0023952494,-0.00028582095
48128000,-0.0025311783,-0.010131886,-9.746996,0.008358717,0.0018064424,-0.0010475696
48132000,-0.004733852,-0.0055294647,-9.744265,0.008684056,0.0017046425,-0.0010893191
48136000,-0.002291784,0.002617567,-9.740741,0.008843381,0.00049101876,-3.578484e-05
48140000,-0.0037475505,0.0050234674,-9.740704,0.008410388,0.0011075451,0.0002993923
48144000,-0.0008930628,0.008078382,-9.7457695,0.008151036,0.002351673,-0.0011895169
48148000,0.0051343013,0.010353479,-9.752583,0.008141845,0.00231971,-0.0015924998
48152000,-0.00222652,0.0027835579,-9.762198,0.0074677356,0.0025021294,-0.0013035251
48156000,0.00057093846,-0.0012915467,-9.756903,0.006847328,0.0013762275,-0.001427654
48160000,-0.00055168476,-0.00042664402,-9.745538,0.0064565893,0.0015170121,-0.002014944
48164000,-0.0035818713,0.00044004567,-9.752636,0.0064499755,0.0020282404,-0.001962802
48168000,0.004408018,0.002892633,-9.754599,0.00663657,0.0018623561,-0.0006582266
48172000,0.0025709425,0.008045594,-9.747237,0.005771846,0.0019629465,-0.0010762917
48176000,0.0012702551,0.008671998,-9.743593,0.005199999,0.0014195049,-0.0009913532
48180000,0.0037048527,0.007080708,-9.737537,0.006442961,0.001546492,4.2432916e-05
48184000,0.0025687208,0.005920596,-9.7441435,0.0073515764,0.0014237815,-0.00026214126
48188000,0.0011905769,0.00015856336,-9.7628975,0.007563742,0.0015367436,-0.0006136423
48192000,0.006191523,-0.0013216336,-9.771014,0.0071012126,0.001503281,-0.00041184828
48196000,0.0059561473,0.0015904013,-9.763439,0.007145362,0.0007827476,-0.00039074014
48200000,0.0047369017,0.003646342,-9.7509575,0.008017172,0.00017396826,-0.0009700946
48204000,0.0014652179,0.0039039005,-9.746029,0.007368788,-9.253241e-05,-0.0005822885
48208000,-0.00071114453,0.0051225494,-9.7475395,0.0068618585,0.0006314311,0.0005420612
48212000,0.0033465112,0.0055649113,-9.744814,0.007417391,-5.247497e-05,0.00025427504
48216000,-0.0036338726,0.0005183106,-9.740463,0.0076424447,-0.0014726911,-0.0007721903
48220000,-0.0023787317,0.00095842656,-9.744157,0.007628562,-0.00070512714,-0.0019574636
48224000,0.008443781,0.007498164,-9.753466,0.008411792,0.00019614665,-0.0010124253
48228000,-0.0015571641,0.0059577017,-9.74802,0.008880884,0.00025822554,4.77625e-05
48232000,-0.0069818785,0.0063426783,-9.74292,0.008401699,0.00075081224,-0.0014431092
48236000,-0.0008784955,0.0067440504,-9.749727,0.0074643036,-1.8960507e-05,-0.00068480155
48240000,-0.0018688585,0.0014753647,-9.75316,0.0067286897,0.0003258179,-0.00052099576
48244000,-0.00422652,0.0049136057,-9.753979,0.006000705,0.0005382494,-0.001966244
48248000,-0.0015092555,0.008361673,-9.749799,0.0056712166,-0.00020968112,-0.0017398883
48252000,-0.00026247307,0.001969875,-9.742161,0.006741988,-0.000349638,-0.0006055899
48256000,0.002481888,0.00010638558,-9.739181,0.007350185,-0.00066246145,-0.00097540155
48260000,0.0064598024,0.0010530619,-9.746117,0.0063215,-0.0003554394,-0.0015626497
48264000,0.0011444988,0.004865721,-9.754178,0.004944833,-0.00058293325,-0.0009670226
48268000,0.003024587,0.0026949667,-9.760677,0.006315272,-0.0014478796,-0.000699381
48272000,0.006161206,-0.007855061,-9.766385,0.006970102,-0.002650465,-0.00046239045
48276000,0.0031575777,-0.0026749594,-9.760817,0.006539096,-0.0026779487,-0.0007638137
48280000,0.004267332,0.0051492564,-9.753361,0.007161509,-0.00079483446,-0.0012376859
48284000,-0.0051150853,0.007160749,-9.751275,0.007822353,-0.0011994378,-0.0012727111
48288000,-0.012722149,0.004480242,-9.752263,0.007633432,-0.0017588184,-0.001069045
48292000,-0.0069060707,-0.0026587835,-9.74774,0.0066136,-0.0010146347,-0.00066871976
48296000,-0.009212111,-0.0013226165,-9.736359,0.006628601,-0.0012704396,-0.0010282419
48300000,5.8892656e-05,-0.00064848346,-9.740284,0.0069211014,-0.0015143771,-0.0009800493
48304000,-0.0015235662,0.0035920301,-9.746809,0.0075322036,-0.0012156225,-0.00045769176
48308000,-0.008669861,0.005703821,-9.752855,0.0070322948,-0.0006263108,-0.0013541965
48312000,0.0018530997,0.004611306,-9.749182,0.006132806,-0.0015973621,-0.0019327782
48316000,-0.001337555,0.009019928,-9.744914,0.005578828,-0.0035637934,-0.001985499
48320000,5.032705e-05,0.008294859,-9.7482,0.0050512976,-0.0036389641,-0.0017954975
48324000,0.003417167,0.0077170436,-9.747313,0.0047613005,-0.0021170038,-0.00063276844
48328000,-0.00012570902,0.008103566,-9.742907,0.004846069,-0.002053408,-0.0005506823
48332000,0.00052615703,0.007831777,-9.736574,0.006073261,-0.003068182,-0.0005483102
48336000,0.0032857761,0.004846401,-9.741957,0.006444098,-0.0037323642,-0.0010724645
48340000,0.007173855,0.008191217,-9.746904,0.0055320035,-0.0034371782,-0.0014495249
48344000,0.0007419052,0.014419476,-9.75077,0.004596438,-0.0033638228,-0.001038898
48348000,0.0013197069,0.012047768,-9.762029,0.0041281935,-0.0038360609,-0.0009941639
48352000,0.00554004,0.012320203,-9.765266,0.0051572486,-0.0040459367,7.2078496e-05
48356000,-0.0008596638,0.011282938,-9.759716,0.00531229,-0.0048066746,0.00037657382
48360000,0.0005423025,0.0064219553,-9.755602,0.0046054283,-0.0045534656,-0.0003217495
48364000,-0.0008743794,0.0031818748,-9.7482,0.0044796583,-0.0031030932,-0.0002988018
48368000,-0.0042169197,-0.0010851484,-9.741763,0.0038964404,-0.0040260856,-0.00024947696
48372000,-0.0037476728,-0.00096606446,-9.739086,0.0035985175,-0.0050678337,-0.00032884913
48376000,0.00014884447,-0.004015536,-9.741593,0.0031733273,-0.004155753,0.0007383226
48380000,0.0039993417,-0.001957363,-9.747869,0.003928045,-0.004521492,0.00024023416
48384000,-0.0014098773,0.00082617364,-9.749622,0.005014303,-0.0050018635,-0.0010293467
48388000,-0.0016893271,0.0012130644,-9.755344,0.005359404,-0.0045888782,-0.000111872956
48392000,0.00244668,0.004408505,-9.762095,0.0046236194,-0.0041249366,0.00030201743
48396000,-7.664121e-05,0.0032781383,-9.75676,0.00398664,-0.004668452,-0.0002816032
48400000,-0.003185613,0.0018644856,-9.750997,0.004896585,-0.005049828,-0.00056730665
48404000,-0.0024585642,0.0047902763,-9.745859,0.0054670265,-0.00455403,-0.00042874523
48408000,-0.0019168097,0.012832211,-9.741249,0.0055276733,-0.005359441,-0.0005420916
48412000,-0.0038714942,0.0098178135,-9.743584,0.004482432,-0.005576348,-0.0008357934
48416000,-0.0015240108,0.0056986907,-9.746381,0.0033605748,-0.005807566,-0.0008377782
48420000,0.0013029537,-0.00035772813,-9.745578,0.0033478304,-0.0064977827,-0.0009733743
48424000,0.0042676968,-0.002595696,-9.749702,0.004561903,-0.006724885,-0.0016060383
48428000,0.0059938794,-0.0022396685,-9.74888,0.004799906,-0.0069696936,-0.00048174927
48432000,0.0031591384,-0.0024058542,-9.75015,0.0040946277,-0.0068330653,0.0007726012
48436000,-0.0007063161,0.0017143487,-9.758097,0.003039803,-0.0067246044,-0.00018846824
48440000,-0.0019005092,0.0026740606,-9.76296,0.0034004806,-0.0070339423,-2.1305435e-05
48444000,-0.00030391666,2.7002e-06,-9.7553005,0.0049723196,-0.0070589953,-0.00028192313
48448000,-0.0012305815,0.00021117195,-9.744942,0.0049989787,-0.005966159,-0.0005936343
48452000,-0.002754478,0.00060746126,-9.739243,0.0051932596,-0.005847409,0.00034629766
48456000,0.0005202972,0.004515251,-9.729552,0.00403292,-0.0065561566,8.6765394e-05
48460000,0.0032441863,0.009485933,-9.7345085,0.00285798,-0.0056893257,0.00015539779
48468000,0.0028991592,0.010594472,-9.753689,0.0032872432,-0.0067340154,-0.00058838277
48472000,0.002267447,0.004965384,-9.7592125,0.0029926323,-0.007579682,0.0005231337
48476000,0.0026643751,-0.00063126907,-9.752596,0.003428076,-0.0070276493,0.0013174588
48480000,-0.00057543477,-0.0029392326,-9.749571,0.0039590425,-0.0068410435,0.00079600234
48484000,-0.0014133917,-0.00077303353,-9.74804,0.0034455303,-0.0072757895,0.0002509699
48488000,0.0062261485,-0.0021266718,-9.744294,0.0030305793,-0.007529424,-4.1308078e-05
48492000,0.0005082539,-0.007056453,-9.742918,0.0031983487,-0.0076129236,0.00062471005
48496000,-0.0025528728,-0.00096771965,-9.742044,0.0020674635,-0.0076937075,0.0018413635
48500000,-0.00042590254,0.009139039,-9.746132,0.0013763127,-0.008336698,0.001212006
48504000,-0.0025799032,0.0052614217,-9.742886,0.0017733563,-0.0069720843,8.713825e-06
48508000,-0.0017565528,-0.0035335266,-9.741226,0.0021683057,-0.007653736,-3.6949845e-05
48512000,0.00024138765,0.00093084824,-9.740944,0.0023084665,-0.008508581,0.00023837859
48516000,0.0020789593,0.0027677554,-9.744763,0.0026359404,-0.0076526147,0.0011093612
48520000,-0.00022237384,0.0028569137,-9.758522,0.0033392722,-0.007974868,0.0006688775
48524000,-0.0048220707,0.012269085,-9.758004,0.003640633,-0.008601298,-0.00014970357
48528000,-0.00087493367,0.016070804,-9.750336,0.0036359774,-0.00920671,0.00016927104
48532000,0.0008779102,0.00997072,-9.759138,0.003488419,-0.008526627,0.00022030894
48536000,-0.00242245,0.0038372385,-9.765606,0.0034440698,-0.0074106683,0.0007872551
48540000,-0.0011507545,0.006124939,-9.763198,0.0038844468,-0.008002306,0.0018839452
48544000,0.0007979026,0.008567983,-9.76169,0.0035705904,-0.008886679,0.001344065
48548000,-0.004188542,0.006209654,-9.756187,0.0033564053,-0.0076933512,3.7801183e-07
48552000,-0.010298548,0.0012872972,-9.751513,0.0029219547,-0.007250744,5.5971806e-05
48556000,-0.009633835,0.0015117475,-9.745508,0.0023400234,-0.0077808793,0.0012233829
48560000,-0.0013594127,0.0005194764,-9.742116,0.0023963202,-0.007931672,0.0010134444
48564000,0.0076883496,0.0043620258,-9.742125,0.0020692975,-0.00870158,0.0008381867
48568000,0.004157576,0.009842373,-9.740719,0.002412303,-0.008740598,0.0008274133
48572000,-0.0039135255,0.002330506,-9.737864,0.0027680425,-0.008685203,0.0006655661
48576000,-0.0011166218,0.0039782897,-9.744024,0.0029804718,-0.008634567,0.00027887945
48580000,0.007335403,-0.00013457549,-9.747797,0.0023888764,-0.008401452,0.0001327678
48584000,0.006587841,-0.00053470494,-9.73602,0.0026557131,-0.008477425,0.0005638095
48588000,-0.0004786906,0.01088216,-9.735378,0.003441991,-0.008338661,0.0010765521
48592000,0.0028119395,0.0025850215,-9.733774,0.0023452786,-0.0074160616,0.0016067297
48596000,0.008551447,-0.0004218594,-9.733024,0.0022247736,-0.007683188,0.0007248378
48600000,0.0019822202,0.0071022273,-9.73661,0.0029452567,-0.008256635,-0.0002268089
48604000,-0.0061116777,0.0013179831,-9.745535,0.0028294018,-0.008260137,0.0018700487
48608000,-0.006718361,-0.0008014825,-9.757971,0.0020596934,-0.009138872,0.0026837923
48612000,-0.0012392176,0.0016849631,-9.758061,0.0017559837,-0.009498237,0.0010796223
48616000,-0.0074103386,-0.0031605607,-9.756292,0.0012605485,-0.009033842,0.0012751843
48620000,-0.0018550681,-0.0012879274,-9.75247,0.002128277,-0.008586586,0.001416907
48624000,0.009979733,0.0019185118,-9.753063,0.0025123863,-0.008178914,0.0013967928
48628000,0.014123015,-0.001840932,-9.749756,0.0012990994,-0.0085948855,0.0012503864
48632000,0.0038645344,0.0018164626,-9.742796,0.00083187973,-0.008876782,0.0010129442
48636000,-0.0024313403,0.0022315986,-9.738954,0.00043486737,-0.008480747,0.0016792519
48640000,0.0033082443,-0.00148937,-9.741413,0.0009874351,-0.008674825,0.0020510475
48644000,0.0004930848,0.00087056146,-9.748877,0.0015726149,-0.00856431,0.0015959268
48648000,0.0027251744,0.006150158,-9.7520275,0.001399091,-0.00881503,0.001446559
48652000,0.0025353925,0.008489881,-9.754974,0.0014064237,-0.008966716,0.0015492152
48656000,0.0027387328,0.0027615975,-9.758867,0.001927634,-0.008746803,0.0014411805
48660000,0.0029943099,0.0029726552,-9.757959,0.0014676118,-0.008013708,0.0011519672
48664000,-0.0035371755,0.012274382,-9.752167,0.0011916944,-0.0069639753,0.0021992098
48668000,-0.004564007,0.006394673,-9.737053,0.0011706959,-0.006356226,0.0023688467
48672000,0.0012795087,0.0014202441,-9.740572,0.0019752705,-0.0071673384,0.0019381901
48676000,0.0035463823,0.0022838062,-9.75017,0.0021510227,-0.007602335,0.0024425704
48680000,0.0026476425,-0.00034692057,-9.746118,0.0013668156,-0.0067894226,0.0025952773
48684000,0.0016423073,0.0011653579,-9.749887,0.0013998969,-0.0075207916,0.0028064921
48688000,0.0023933346,-0.00043358302,-9.747915,0.001219395,-0.008490357,0.0017918817
48692000,0.00010010427,0.0050182263,-9.751586,0.0007263378,-0.008790382,0.0009154751
48696000,-0.0053881975,0.0152883455,-9.755407,0.0005786887,-0.00830996,0.0012119503
48700000,-0.008646337,0.015592216,-9.753078,0.0006052757,-0.0077348696,0.0017714556
48704000,-0.0025410536,0.007575219,-9.7478075,-0.0008174234,-0.0075970083,0.0029811198
48708000,0.0014267447,0.0039270576,-9.746248,-0.0015020465,-0.007587697,0.003560615
48712000,0.003396501,0.009580482,-9.7494335,-0.0012529109,-0.0075982213,0.002610489
48716000,-0.0014753521,0.013347356,-9.743465,-0.0026268547,-0.00758778,0.0027391976
48720000,-0.0051297722,0.0071317744,-9.739226,-0.002428331,-0.00729442,0.0033877161
48724000,0.0019165475,0.00084422773,-9.743168,-0.0009795615,-0.007675472,0.0031395068
48728000,-1.7957063e-05,-0.0012910062,-9.756254,-0.00085324445,-0.007945615,0.0023925405
48732000,-0.0032394007,0.0029483184,-9.760138,-0.00045578435,-0.007772052,0.0017634798
48736000,0.0019785124,0.0055270386,-9.752921,0.0003128235,-0.008812434,0.002115669
48740000,0.00091837964,0.00044054864,-9.748811,0.00023975156,-0.008848737,0.0021441092
48744000,0.002537984,0.0007378918,-9.754994,-0.0013736745,-0.008428978,0.001985455
48748000,0.0114693325,0.005267244,-9.756528,-0.0009258044,-0.0079746405,0.0026158276
48752000,0.005157033,0.0040234067,-9.753967,0.00043742056,-0.006659681,0.0019973451
48756000,-0.0053922124,0.0065044845,-9.752983,0.0007528373,-0.0063860673,0.001555299
48760000,-0.00040931092,0.002949113,-9.752691,0.00029740564,-0.0069785523,0.003066792
48764000,0.007874383,-0.0004088508,-9.755644,-0.0004036915,-0.006495024,0.0031333682
48768000,0.004310848,0.0025930037,-9.7426,-0.0010295205,-0.0065363687,0.002123091
48772000,-0.0006172809,0.0026072918,-9.740242,-0.0016716636,-0.0063349428,0.0027105864
48776000,-0.007104818,0.0076782955,-9.745631,-0.0018097626,-0.0058613555,0.0036243484
48780000,-0.0077068564,0.011330059,-9.738057,-0.002412764,-0.0063807443,0.0032184066
48784000,-0.0026766518,0.010155678,-9.734568,-0.0027951275,-0.0065088505,0.0024491197
48788000,0.0051870206,0.007302459,-9.735004,-0.0023989256,-0.0069600334,0.0026500027
48792000,0.0034284892,-0.001068241,-9.736549,-0.0013699807,-0.006432817,0.003405538
48796000,-0.009978364,-0.007111971,-9.743819,-0.0014908863,-0.005287383,0.0031188002
48800000,-0.0071575674,-0.0019153593,-9.747658,-0.0015599261,-0.0062005343,0.0032059078
48804000,0.0014690119,-0.003190266,-9.74538,-0.0022420227,-0.00647645,0.0041597863
48808000,0.004164302,0.0035730125,-9.738348,-0.0034964124,-0.0064040134,0.0037068012
48812000,0.0009382381,0.012834152,-9.7384205,-0.0036752769,-0.007469664,0.0033870954
48816000,0.004770544,0.0032682293,-9.753107,-0.0043645785,-0.0069109406,0.003303208
48820000,0.0047638235,-0.004540187,-9.752501,-0.0040978594,-0.006543923,0.0031138384
48824000,0.0032050582,-0.0009190822,-9.743591,-0.0036604023,-0.0069598784,0.0033242605
48828000,0.007881189,0.0020786484,-9.740492,-0.0031539733,-0.006920069,0.0031769117
48832000,0.009182013,0.002099467,-9.731815,-0.0035953452,-0.0068233833,0.0031045603
48836000,0.006705667,0.0032617329,-9.731773,-0.004787387,-0.0056211906,0.0032756645
48840000,-0.0013473937,-0.0021593687,-9.73814,-0.00380844,-0.004923117,0.003576885
48844000,-0.004161653,9.91722e-05,-9.742146,-0.0040689325,-0.005554982,0.0023298669
48848000,-0.004146764,0.0066866023,-9.743872,-0.0044868044,-0.005586919,0.0022586957
48852000,-0.0040616137,0.004887312,-9.745777,-0.0036794322,-0.0053467504,0.003837466
48856000,-0.006578521,0.0025673846,-9.750202,-0.0033910468,-0.0051426874,0.0038149068
48860000,-0.0113250185,0.0041868836,-9.74411,-0.0032626756,-0.0051464927,0.003981661
48864000,-0.005771582,0.0074601397,-9.734339,-0.0039297338,-0.0059452127,0.0038093512
48868000,0.0003141467,0.0044252486,-9.74172,-0.0032789502,-0.0064157173,0.0026484798
48872000,-0.00097078044,-0.0034374897,-9.744474,-0.0023099582,-0.006865067,0.0036044607
48876000,0.0022078343,-0.005390724,-9.735787,-0.0025384305,-0.007009849,0.003951539
48880000,0.0048161,0.004491322,-9.735413,-0.0021168706,-0.0065992423,0.0029048778
48884000,0.0032432326,0.007515377,-9.74057,-0.0029090897,-0.006489185,0.0030742327
48888000,0.00359813,-0.0015033801,-9.752977,-0.0036798047,-0.0063662673,0.00372853
48892000,-0.0041332375,-0.0028221065,-9.760056,-0.0037599374,-0.006342804,0.004333467
48896000,-0.008286627,-0.0022766134,-9.760636,-0.0034856577,-0.005656932,0.0035043156
48900000,-0.004554116,-0.0013960481,-9.749384,-0.0034487026,-0.0050319475,0.0032046642
48904000,-0.00077823026,0.00014131452,-9.747812,-0.0036689893,-0.005265364,0.0042347284
48908000,0.004643375,-0.0025814506,-9.750666,-0.0034413864,-0.0046916623,0.0048632408
48912000,0.00138636,-0.001852968,-9.737808,-0.0042808945,-0.0051398464,0.004329729
48920000,0.0030306105,-0.001921531,-9.741076,-0.0037957446,-0.006324813,0.0046368157
48924000,0.0021103437,0.0042354874,-9.7466755,-0.0038063675,-0.0060432535,0.0042645847
48928000,0.005009341,0.003243084,-9.746653,-0.0036943422,-0.004042473,0.003753491
48932000,-0.00043930538,0.0011603164,-9.749941,-0.004045151,-0.0044000507,0.004059174
48936000,0.0025733097,9.586223e-05,-9.756153,-0.0041621816,-0.006648448,0.0042024488
48940000,0.0045646303,-0.0005067922,-9.75877,-0.0042954534,-0.006092629,0.0040903767
48948000,-0.0034675454,0.003944778,-9.759452,-0.0037657898,-0.0075699645,0.0040110145
48952000,0.0025222404,0.003136217,-9.760171,-0.004214854,-0.0068001356,0.0039099343
48956000,0.0044310554,0.0059178947,-9.754124,-0.004534726,-0.0059736683,0.0038021174
48960000,0.0034226635,0.003681075,-9.750784,-0.004309735,-0.0070943483,0.004030673
48964000,0.0044651865,0.0037694129,-9.744509,-0.004048527,-0.007521986,0.0043944176
48968000,0.0031248797,0.0073862667,-9.736281,-0.0039649075,-0.006688771,0.0042032236
48972000,0.003994238,0.0055447496,-9.734653,-0.004193477,-0.0066003813,0.0039855796
48976000,0.0016514392,0.0033354773,-9.733018,-0.0036626342,-0.0067126174,0.0035972428
48980000,0.0026710997,0.003225852,-9.732201,-0.004534445,-0.006536039,0.0035230138
48984000,0.00035414123,0.005813515,-9.73481,-0.0051117623,-0.0060238997,0.0044403537
48988000,-0.006336558,0.0056369924,-9.73945,-0.0040024254,-0.006711153,0.0041961027
48992000,-0.002704855,0.0047650817,-9.7478485,-0.0034355707,-0.0068461285,0.004434939
48996000,-0.003102978,0.004543016,-9.744978,-0.003873332,-0.0066034715,0.0048647346
49000000,-0.007166679,0.0005166095,-9.744101,-0.003973366,-0.0062950733,0.004441885
49004000,-0.0061015217,0.0039801844,-9.743513,-0.004230588,-0.007111969,0.0043191626
49008000,0.00086498156,0.004963997,-9.736475,-0.0039869947,-0.007807593,0.0036879154
49012000,0.006867783,0.0034654096,-9.737512,-0.0036897534,-0.0070413826,0.0036246958
49016000,0.004664205,0.006339386,-9.736563,-0.004382327,-0.0063453796,0.004052553
49020000,0.0030364199,0.00527248,-9.736988,-0.003896533,-0.006249248,0.0038260682
49024000,0.000108850436,-0.003237817,-9.740818,-0.0027961985,-0.0066313227,0.0039194864
49028000,0.00035391422,-0.0030723552,-9.741999,-0.0025748613,-0.0066558444,0.0041379356
49032000,0.005125189,0.0046723527,-9.750971,-0.0030907611,-0.0075805564,0.0036420294
49036000,0.004179967,0.0068242513,-9.761908,-0.003974471,-0.007076063,0.0031782843
49040000,0.00012302698,0.0029193095,-9.759096,-0.004041995,-0.0061527845,0.004152443
49044000,-0.0064668967,0.0009162795,-9.747803,-0.004204059,-0.007316276,0.0055123675
49048000,-0.0022783924,0.0036079953,-9.744692,-0.004653197,-0.008226665,0.0044918
49052000,0.001174253,0.0025933126,-9.744284,-0.0040795775,-0.007828452,0.0036837123
49056000,-0.0014753758,0.0029097812,-9.738187,-0.0034821436,-0.0072166435,0.003688766
49060000,0.0033719728,0.009835961,-9.736858,-0.004504726,-0.007069077,0.0036574875
49068000,-0.0034139615,-0.008649638,-9.759729,-0.0045602308,-0.007040974,0.0033477999
49072000,-0.0021822662,-0.004622473,-9.765247,-0.003462831,-0.0069346502,0.0038232792
49076000,-0.004040204,-0.0039628493,-9.759985,-0.0036531182,-0.00745196,0.003936764
49080000,-0.0031738256,-0.0002911366,-9.759851,-0.003320908,-0.0073116138,0.004132675
49084000,-0.0021542122,0.0017272758,-9.760012,-0.0034292596,-0.006316241,0.004143212
49088000,-0.00088507426,0.005643869,-9.756609,-0.0040361607,-0.006739435,0.0038776738
49092000,0.00056909,0.005439446,-9.757463,-0.0042814217,-0.0069904374,0.0034679552
49096000,0.003261893,-0.002077175,-9.75285,-0.0032852448,-0.0069824727,0.0026107093
49100000,-0.0011586322,-0.005124988,-9.750465,-0.0032574027,-0.006581756,0.0024346225
49104000,-0.007901025,-0.0013671196,-9.752495,-0.0039773276,-0.0063230204,0.0035457881
49108000,-0.005705214,-0.0004901062,-9.757254,-0.0041439175,-0.0069879256,0.0036360186
49112000,0.0015761203,-0.00020298891,-9.755986,-0.0035988328,-0.0073926453,0.0033553853
49116000,0.0019685472,0.005679292,-9.763521,-0.0031133597,-0.0066712503,0.0039393296
49120000,-0.0035544722,0.0066784155,-9.762772,-0.0038532652,-0.0058429074,0.00446562
49124000,-0.004837641,0.0010434325,-9.756947,-0.004457882,-0.005933955,0.0041500162
49128000,-0.0028007086,0.0038954054,-9.765633,-0.0044805408,-0.006497634,0.0038740376
49132000,0.0025514304,0.0075533735,-9.766289,-0.0039604693,-0.0066254493,0.003926506
49136000,-7.972354e-05,0.004964036,-9.761728,-0.0040711802,-0.0063630976,0.0043194643
49140000,-0.0010972312,0.0058372156,-9.757473,-0.0039806925,-0.0065644686,0.004967266
49144000,-2.0340554e-05,0.004405912,-9.751938,-0.0032559969,-0.0073860944,0.004210324
49148000,-0.004687418,-0.00025324387,-9.75501,-0.0029668186,-0.00676256,0.0034475573
49152000,-0.0049632294,0.00019866742,-9.755337,-0.00220164,-0.005996737,0.0032478939
49156000,-0.0062122373,0.0020973817,-9.748616,-0.0023934722,-0.0062377406,0.003381287
49160000,-0.0035122873,-0.00046138023,-9.74675,-0.0028683515,-0.005999161,0.003873041
49164000,-0.0013387592,0.0053402153,-9.758342,-0.0023198694,-0.005712542,0.0035180817
49168000,0.0014936393,0.01110263,-9.764597,-0.0024349473,-0.005677008,0.0038054183
49172000,0.004850068,0.006600104,-9.764946,-0.00273404,-0.0064363414,0.004277055
49176000,0.0057814596,0.001807347,-9.763567,-0.0021674167,-0.006067878,0.0039926674
49180000,0.0051879836,0.0014545051,-9.755666,-0.0014652498,-0.0056586545,0.0034048283
49184000,0.002148166,0.0041120406,-9.758719,-0.0012685701,-0.0059399656,0.0035896825
49188000,-0.0008754581,0.004204601,-9.7626915,-0.002562891,-0.0062236884,0.0039064176
49192000,-0.0024094963,0.0050601913,-9.7598915,-0.0025221503,-0.0069296327,0.0042501627
49196000,-0.0020573814,0.0040847603,-9.763718,-0.0014193861,-0.0065507367,0.0046568005
49200000,-0.004099142,0.00096213934,-9.761425,-0.0018982984,-0.0058559105,0.004539766
49204000,-0.0026715707,-0.0030197338,-9.763992,-0.0020761713,-0.006148466,0.004031499
49208000,0.0012992055,0.0025578337,-9.774177,-0.002140548,-0.006762574,0.0036487037
49212000,-0.00085341954,0.0081336405,-9.774551,-0.0020585689,-0.005991654,0.0043589445
49216000,0.0009253627,0.003632227,-9.7775,-0.0017410775,-0.0054671867,0.004114115
49220000,0.0010604151,0.0047018323,-9.777382,-0.0020196263,-0.0051905066,0.0034448488
49224000,-0.00026328058,0.0101081235,-9.769656,-0.0021980975,-0.004454566,0.0038061573
49228000,0.00024328796,0.0035942264,-9.765619,-0.0018213347,-0.0052680364,0.0037746583
49232000,-0.00058937276,-0.0019484664,-9.773582,-0.0020527141,-0.005782982,0.0038729173
49236000,-0.0047975704,0.0023549765,-9.765337,-0.001584355,-0.0051771095,0.003830291
49240000,-0.0063889315,0.0032342484,-9.756294,0.00014331733,-0.0050546126,0.0038587882
49244000,0.0059532668,0.0071450872,-9.768644,0.00059727655,-0.004769625,0.003939125
49248000,0.008633425,0.0055795917,-9.77399,-0.0002809991,-0.004404217,0.0033091926
49252000,-0.004838503,0.00017663083,-9.77326,-0.0011097305,-0.004582238,0.003879866
49256000,-0.007915522,0.00509628,-9.774611,-0.0009598075,-0.0033032794,0.0034865832
49260000,-0.0009935928,0.010963516,-9.76988,-0.00072652445,-0.0026439591,0.0024222613
49264000,-0.0001237361,0.010770164,-9.769334,-0.00012573916,-0.00430989,0.003638208
49268000,0.0004855574,0.0055295415,-9.776541,0.00029466618,-0.004138152,0.005131926
49272000,0.002545886,0.008316758,-9.773774,-0.0002708719,-0.0034059368,0.004437812
49276000,0.003280609,-0.00034828112,-9.766122,-0.0010225513,-0.0043450133,0.003958855
49280000,0.0037914328,-0.0049567414,-9.769565,-0.0014179482,-0.0040658894,0.0036712503
49284000,-0.0021922018,0.0056733508,-9.779425,-0.0011179006,-0.002693535,0.0028846024
49288000,-0.0014091176,0.006091054,-9.776777,-0.00073742657,-0.0016568694,0.0035136235
49292000,0.0011598447,0.0076783565,-9.7781315,-0.00038205623,-0.001886738,0.003882702
49296000,-0.0014825203,0.006196315,-9.791273,0.000959895,-0.002143638,0.003292495
49300000,0.0022300114,-0.0033986873,-9.78425,0.0019395152,-0.0016878064,0.0035046695
49304000,0.0055991057,-0.005328412,-9.77672,0.0013270463,-0.001373903,0.0034307938
49308000,0.00043826184,0.00075845054,-9.785671,0.00056270225,-0.0015303589,0.0025605415
49312000,-0.0071383645,0.0013360025,-9.792694,0.0006239606,-0.0018347943,0.002731885
49316000,-0.004744719,0.0015370882,-9.788694,0.0015305827,-0.0016814765,0.0023683987
49320000,-0.0016218098,0.0008691934,-9.783592,0.0017622454,-0.0023851087,0.0027879549
49324000,-0.004143733,0.004172602,-9.783787,0.001651351,-0.0029918142,0.0032087902
49328000,-0.0041189557,0.0040652766,-9.780943,0.0016251603,-0.0026286782,0.003152333
49332000,-0.0045312406,0.0029670005,-9.780184,0.0014519565,-0.0022937048,0.0034344527
49336000,-0.0010763835,0.004193272,-9.781637,0.0008102668,-0.0021694119,0.0037023793
49340000,-0.0007874925,0.0051848926,-9.784082,0.0015423166,-0.0015243576,0.0038671806
49344000,-0.004096038,0.0018388995,-9.774613,0.0024303338,-0.0017743983,0.0037944063
49348000,-0.0056386515,-0.0036314328,-9.77264,0.001970345,-0.0019227416,0.0038770614
49352000,-0.014086578,-0.00066803035,-9.7766,0.00085010775,-0.0006834193,0.003466224
49356000,-0.0074779945,0.0033440527,-9.769305,0.0006753516,-0.000707562,0.0030990476
49360000,-0.00084794045,0.0060006236,-9.769968,0.0013871595,-0.0008311643,0.0029390631
49364000,0.00031265966,0.0061952635,-9.776596,0.0008630549,4.6360423e-05,0.002869159
49368000,0.003540158,0.0074653383,-9.782463,0.0011023007,0.00094492093,0.0035952858
49372000,0.0012308401,0.0053890287,-9.785149,0.0017520767,4.957622e-05,0.0031965103
49376000,-0.0026190982,-0.0024123758,-9.785277,0.0010865394,-0.00082722085,0.0022479605
49380000,-0.010592338,-0.0020827753,-9.781738,0.0016936716,-0.0009682633,0.0029188285
49384000,-0.00994068,0.0047577615,-9.786863,0.0024192194,-0.00023016095,0.0033010996
49388000,-0.005182326,-0.0028349867,-9.786056,0.0020457653,0.00048563816,0.002864095
49392000,-0.005386077,-0.0038392313,-9.774338,0.0021088256,0.00013714016,0.0027341621
49396000,-0.004553103,-0.0013313976,-9.773642,0.002224317,0.00082192005,0.0029046242
49400000,-0.0018770245,0.0021486185,-9.780449,0.002767938,0.00037097023,0.002622729
49404000,8.0203914e-05,0.005727853,-9.781069,0.0030257034,-0.00019310883,0.003002721
49408000,-0.0025052768,0.005494442,-9.778396,0.0032227982,0.0009861966,0.0032881307
49412000,-0.0020283686,0.012429283,-9.784946,0.0033873122,0.0013812633,0.003935311
49416000,-0.0010477548,0.005508783,-9.786177,0.0033470583,0.0012889295,0.0039131446
49424000,-0.0004178477,0.008373218,-9.776796,0.0030994578,0.0012752307,0.0022531536
49428000,-0.0017942269,0.010498159,-9.7853365,0.0026446749,0.0018497293,0.0022993176
49432000,0.0021187176,0.0076586166,-9.783674,0.001949606,0.0018043398,0.0029514409
49436000,-0.0038931475,0.0010117593,-9.782942,0.0021923136,0.00242178,0.0034185576
49440000,-0.0005252521,0.0031708328,-9.7860985,0.0031162887,0.0029453393,0.0029954275
49444000,0.005813267,0.0061051566,-9.784844,0.002784166,0.0020780172,0.0026367682
49448000,0.005155583,0.0038594822,-9.787382,0.002854112,0.00194677,0.0020519015
49452000,0.005597624,-0.0021335175,-9.785076,0.0035107222,0.0016926164,0.0022444564
49456000,-0.0010059763,-0.0045518875,-9.784513,0.0027331067,0.002079771,0.0030808896
49460000,0.0012913882,0.0008248386,-9.782661,0.0029271517,0.0031478251,0.0019259076
49464000,-0.0005261643,0.0012429138,-9.77493,0.0032972046,0.0028956078,0.0018480746
49468000,-0.0042285975,0.0050945166,-9.772213,0.0032736382,0.0030506295,0.0019064985
49472000,0.0003695665,0.0009654826,-9.771793,0.0042159543,0.0037431358,0.001554476
49476000,5.8670536e-05,-0.0033250204,-9.76399,0.0038987151,0.0038066842,0.002070779
49480000,-0.0028735376,0.0012540983,-9.76767,0.0035548427,0.004851771,0.00097604166
49488000,-0.0029039963,-0.006547649,-9.779717,0.004756491,0.0037438937,0.003953166
49492000,0.003598195,-0.009527923,-9.777243,0.004191109,0.0041539683,0.0029372617
49496000,0.0038255616,-0.0047268015,-9.788477,0.0040092445,0.0040844707,0.0023038685
49500000,-0.0042995536,0.0041821497,-9.793699,0.0037864398,0.0043953126,0.0018989195
49504000,-0.0047015976,0.007112025,-9.79084,0.0034748327,0.0048865476,0.0028624285
49508000,-0.003652974,0.008964223,-9.803263,0.0038680832,0.0038002129,0.0031593717
49512000,-0.005248469,0.0038942494,-9.800795,0.0042427853,0.0040310337,0.0013422114
49516000,-0.0034964904,0.0014397026,-9.790534,0.004120686,0.004799832,0.001677307
49524000,-0.002063487,0.0037426283,-9.794508,0.0037145654,0.005787866,0.0020712165
49528000,-0.008840103,0.0006618506,-9.798336,0.0040086806,0.0058735344,0.0025333334
49532000,-0.0021397248,0.0023558948,-9.800802,0.004135179,0.005659282,0.00070154935
49536000,0.0042833085,0.0027993391,-9.798683,0.004913554,0.0062739365,0.00086912
49540000,0.0031585316,0.009109546,-9.7984295,0.005229575,0.005528637,0.0032960102
49544000,0.0064276606,0.008265959,-9.79501,0.005013745,0.0059907227,0.0030349628
49548000,-0.0013193339,0.0052137584,-9.791342,0.0047079576,0.0066766166,0.0022039989
49552000,-0.0032984123,-0.0022508583,-9.7922325,0.0047655245,0.0064031966,0.0022765524
49556000,0.0040748944,-0.009367967,-9.790017,0.005766096,0.0070135673,0.0020160654
49560000,0.0031927228,-0.0029862863,-9.786758,0.006015115,0.0065192804,0.00088688126
49564000,-0.0070945285,0.002320538,-9.774267,0.0061719464,0.005551185,0.001248796
49568000,-0.0089413375,0.004187353,-9.778971,0.0065094507,0.0061834957,0.002212369
49572000,-0.0035948749,0.0017720957,-9.788591,0.006831342,0.0068799355,0.0017495228
49576000,-0.0006947011,-0.004208759,-9.784109,0.0059392196,0.0065002125,0.00022587579
49580000,0.002065329,-0.0046734596,-9.782146,0.005503645,0.0056100357,0.00026698245
49584000,-0.0029311664,-0.003808785,-9.783008,0.005460235,0.005831278,0.001174477
49588000,-0.010801925,-0.00834681,-9.785725,0.0055947066,0.0054077343,0.0008371698
49592000,-0.0075823455,-0.010866956,-9.783743,0.0064347917,0.0055098953,0.0015091232
49596000,-0.0034894748,-0.005153968,-9.776718,0.005921708,0.0062889634,0.0018412593
49600000,0.0039049333,0.00013198574,-9.781391,0.006253163,0.006810676,0.0012000615
49604000,-0.0007993324,0.0015646477,-9.7865925,0.006578298,0.0069643087,0.00028493605
49608000,-0.010359896,-7.2745395e-05,-9.784691,0.006323451,0.0067994827,-0.00028362713
49612000,-0.003233616,0.00070299534,-9.7871475,0.0063446066,0.0078032073,0.00065426
49616000,0.0023004534,0.00018946668,-9.77972,0.006063657,0.00774413,0.00082369096
49620000,0.0013365542,0.0001924599,-9.77722,0.0065271403,0.007275929,0.0010362482
49624000,-0.0005285564,0.004007036,-9.780045,0.006899019,0.006987643,0.001398183
49628000,-0.0010931387,0.00072319683,-9.777617,0.005635015,0.00662305,0.0010379199
49632000,-0.0020730912,0.0034102462,-9.784042,0.005671844,0.007021684,0.0002262446
49636000,0.00037269056,0.0056757894,-9.788207,0.0073609087,0.007463399,0.00042201005
49640000,0.0018991631,0.0065619866,-9.784119,0.0073679825,0.007203966,0.0011060805
49644000,0.0028823176,0.0064493837,-9.787144,0.0070987386,0.006837318,0.0009485426
49648000,-0.0009872217,0.0057123723,-9.782888,0.0073909583,0.0070365127,0.00027648345
49652000,-0.003501599,0.0029828255,-9.782949,0.0070713093,0.0074628796,-9.559677e-05
49656000,-0.00423979,0.0024592995,-9.785585,0.0067461035,0.0075860857,0.0005068296
49660000,-0.00524959,0.0058439914,-9.777842,0.0072946153,0.006824914,0.0006671277
49664000,-0.0026796043,-0.002032112,-9.783798,0.0077025443,0.005636334,0.0004324375
49668000,-0.0039094063,-0.0018548019,-9.785355,0.006403857,0.0061651734,-0.000559447
49672000,-0.0033951004,0.0002461368,-9.77841,0.0065796627,0.0065611377,-0.0006750984
49676000,-0.007636876,0.00018344598,-9.7776985,0.00760048,0.0069536613,-0.0012649345
49680000,-0.0038493103,0.0016706863,-9.786279,0.006713038,0.0078655975,-0.0014126576
49684000,0.005562747,-0.003406032,-9.781651,0.0053272755,0.007703463,-0.00026512207
49688000,-0.004857015,-0.003951378,-9.783955,0.0058766007,0.007345002,-0.00023109163
49692000,-0.008374719,0.0011899547,-9.790919,0.00751769,0.0075219874,-0.00016737048
49696000,-0.0059350957,-0.000978247,-9.779861,0.008059142,0.0075923046,0.00047263686
49700000,-0.008728328,-0.0071598385,-9.776616,0.0071076634,0.007330644,0.00034673067
49704000,-0.008166922,-0.0026571867,-9.7777,0.0069305804,0.0073574116,-0.0003250288
49708000,-0.0049971705,0.0018176996,-9.785244,0.008212586,0.007209105,-0.00010901032
49712000,-0.0004686719,0.00027619692,-9.79199,0.007245564,0.006952902,-0.00038906248
49716000,0.0008851397,-0.00027760197,-9.783804,0.007157779,0.007389601,-0.0013243026
49720000,-0.0027030744,0.004158624,-9.777916,0.007676894,0.006943055,-0.0012734202
49724000,-0.0075153345,0.0032261333,-9.779306,0.007016511,0.005913984,-0.00017807634
49728000,-0.0058143716,-0.00041872557,-9.783646,0.00691118,0.005017493,0.00024466513
49732000,-0.00558291,-0.004078105,-9.792501,0.0073079397,0.0042716027,-0.00031043717
49736000,-0.0035786072,-0.0064677997,-9.7892,0.007924072,0.005429007,-0.0007028146
49740000,-0.0008474344,0.0049200505,-9.783005,0.00845597,0.0059768977,-0.00028702512
49744000,0.002393086,0.006887447,-9.779079,0.008665293,0.0049068276,-0.00024413703
49748000,0.007006729,-0.002313624,-9.783744,0.008256362,0.005603806,-0.00087697676
49752000,0.007996917,-0.0030976597,-9.78244,0.007855387,0.0069380924,-0.0010794222
49756000,0.0066753356,-0.0010286479,-9.775302,0.0075521045,0.006161373,-0.00069871044
49760000,0.0024924187,-0.004183069,-9.779985,0.007517577,0.0056975917,0.0003268438
49764000,-0.0012059667,0.0019365364,-9.775953,0.0072609754,0.00670244,-6.1761966e-05
49768000,-0.0010304389,0.000994727,-9.779266,0.007249966,0.0062791533,-0.0006336944
49772000,0.002737113,-0.0010574997,-9.781341,0.0068094023,0.004819367,-0.00030460695
49776000,0.0034258387,0.0047266767,-9.781296,0.0069626123,0.004451962,0.00017926727
49780000,-0.0014256851,-0.00065802067,-9.787154,0.007804115,0.0047175195,0.0005287985
49784000,-0.0010777069,-0.0017544423,-9.781429,0.007842019,0.0050159968,-0.00025483646
49788000,0.0030254456,0.0035809684,-9.778915,0.0076626865,0.004427786,-0.0006836987
49792000,0.0025311627,0.0030305753,-9.781314,0.007323063,0.004521927,-0.00020401677
49800000,0.0017205963,0.0033673304,-9.78365,0.0068032406,0.005179739,-0.00034764694
49808000,-0.0005536517,-0.006283971,-9.771577,0.0059187748,0.0045301584,-0.00020400403
49812000,-0.0041124783,-0.00021053664,-9.770419,0.00589445,0.0052662655,0.000107845175
49816000,-0.008720266,0.0031228818,-9.779146,0.006103083,0.0058698254,0.0005774956
49820000,-0.00014179689,0.0011519984,-9.783245,0.0069024977,0.004680844,-0.0005229595
49824000,-0.0039053357,-0.0019974615,-9.790548,0.006785856,0.0048434185,-0.0016988269
49828000,-0.009047034,0.0026054017,-9.791858,0.006396938,0.0051322374,-0.0013579291
49832000,-0.0068266727,-0.00016905114,-9.7777195,0.0062021925,0.0049831676,-0.0004126039
49836000,-0.0057833944,-0.003377611,-9.771545,0.0060774907,0.0054631103,0.00013091564
49840000,0.00244459,-0.00030911498,-9.779089,0.0060506565,0.004417283,-0.0013793445
49844000,-0.00022406713,0.0074129524,-9.781545,0.0071526594,0.0034790868,-0.0013770282
49848000,-0.0038146933,0.00612224,-9.783335,0.007650092,0.003608094,-0.0002428901
49852000,-0.0014119582,0.00047152545,-9.779356,0.0074041467,0.0037095633,0.00016374915
49856000,0.0072743217,0.0010054795,-9.779053,0.0074701114,0.003710196,-0.0005537141
49860000,0.007206683,-0.0016782634,-9.778086,0.006780984,0.0042802203,-0.0014821936
49864000,-0.0024310749,0.0029214162,-9.774578,0.0061510587,0.004367009,-0.0014222087
49868000,-0.0045601614,0.0019446523,-9.778573,0.0061324933,0.004389163,-0.001916575
49872000,-0.0031523667,0.0033978086,-9.779976,0.006583096,0.005432006,-0.0018177113
49876000,-0.004217229,0.0021198313,-9.786037,0.0063392315,0.0055508255,-0.001397591
49880000,-0.0009965335,-0.0050950446,-9.779575,0.0058065304,0.0046760775,-0.00081640406
49884000,0.00080547715,0.002775097,-9.76766,0.0066701034,0.0044398624,6.5221066e-05
49888000,-0.0028118673,0.0023422416,-9.777044,0.006591052,0.0042696004,-0.00053290656
49892000,0.0010469853,0.0013970494,-9.78897,0.005343571,0.0052633868,-0.0015497754
49896000,0.00017173219,0.0065324386,-9.789435,0.00563348,0.005306155,-0.0014992325
49900000,-0.002621825,0.0038760481,-9.781546,0.0055193645,0.0047975346,1.9483414e-05
49904000,-0.00489397,0.0013153356,-9.781432,0.0048071723,0.0053312243,0.00016182051
49908000,0.0014904933,0.0024446256,-9.781487,0.0052607353,0.006107332,-0.0008465353
49912000,0.0065524746,0.0036390258,-9.783096,0.0052810973,0.005376212,-0.0010704976
49916000,0.003599725,0.0007407203,-9.789444,0.005372463,0.004138676,-0.0012309593
49920000,-0.00016676425,0.0045737266,-9.787383,0.0056274035,0.004440647,-0.000437262
49924000,-0.0033854158,0.0072328905,-9.781477,0.0056911795,0.004251954,-0.001669028
49928000,-4.377449e-06,0.0023686453,-9.781578,0.0061750878,0.0043289005,-0.0024368414
49932000,0.0061002853,-0.0012363007,-9.783157,0.005972107,0.0043252823,-0.0010569373
49936000,0.0031860108,0.0027251842,-9.781841,0.006091996,0.0051319506,-0.001275229
49940000,-0.0016111871,0.003596286,-9.78586,0.0056787664,0.0049568266,-0.0011632582
49944000,-0.005201625,-0.0010171988,-9.785159,0.005358316,0.0032594807,-0.0012069626
49948000,-0.0073052244,-0.0016965504,-9.7817135,0.0051676016,0.0027276413,-0.0011084665
49952000,-0.006642867,0.007563844,-9.777533,0.004107564,0.0038550792,-0.0010025557
49956000,-0.006885027,0.011621641,-9.776098,0.004181954,0.004430389,-0.0010787171
49960000,-0.0030020606,0.004306322,-9.781116,0.004515461,0.0036152424,-0.0015822334
49964000,-0.0030160788,-0.00061299023,-9.781479,0.0046444954,0.0037079316,-0.002024745
49968000,-0.0029948517,0.0010439164,-9.782094,0.0046239286,0.0030549068,-0.00096887484
49972000,-0.001741308,0.0022969542,-9.783815,0.0046736626,0.0034771168,-0.0011201134
49976000,0.00022199392,-0.00302973,-9.775829,0.004888227,0.004218271,-0.001209938
49980000,-0.00089948333,-0.004679749,-9.776197,0.004576991,0.0051116487,-0.00045227713
49984000,-0.0003107285,-0.0047838977,-9.780399,0.004870769,0.0064752605,-0.0014145048
49988000,-0.0005454725,-0.006632507,-9.776747,0.005301403,0.0057135494,-0.002064793
49992000,-0.0004667482,-0.003439818,-9.779579,0.0047625992,0.004643057,-0.00080832525
49996000,0.000988477,0.001952465,-9.78297,0.0036200648,0.004932352,-0.00041258184
50000000,-0.004752425,0.0009946459,-9.780412,0.0036056782,0.0054523745,-0.001226486
50004000,-0.006977099,0.0047263713,-9.781147,0.0043495246,0.0047443807,-0.001975415
50008000,-0.0013920518,0.0057683764,-9.785049,0.0053409105,0.004271193,-0.0019801375
50012000,-0.0019559932,-0.005029477,-9.780844,0.0054318514,0.0043530134,-0.0018498447
50016000,0.0003823485,-0.0059947395,-9.7762165,0.0045294464,0.0042789388,-0.0007282348
50020000,0.0016397061,-0.0014555207,-9.784929,0.0043719676,0.0040779575,-0.00034533135
50024000,0.00037834124,-0.0015553558,-9.788685,0.004122523,0.0054113236,-0.00086330634
50028000,-0.0018715335,0.0015305502,-9.781553,0.0041568447,0.0055885394,-0.0013587027
50032000,-0.007785013,0.003646123,-9.784587,0.0039220112,0.00420795,-0.002262502
50036000,-0.0058008134,0.0017421219,-9.79026,0.0036929215,0.0044731284,-0.0013327383
50040000,0.00060790253,0.0011130596,-9.785719,0.0038881702,0.005000122,-0.0010757481
50044000,-0.0063483594,0.0034713726,-9.773634,0.003659936,0.0051648472,-0.0014087898
50048000,-0.015876634,0.0050709858,-9.7689705,0.0031194594,0.004215294,-0.0015290213
50052000,-0.008801339,-0.00047450842,-9.779034,0.0034895032,0.0034882822,-0.0012071324
50056000,-0.0014559298,-0.008013318,-9.78603,0.0040408513,0.0038644902,-0.0013841083
50064000,-0.009723454,-0.0001885471,-9.796848,0.0045997566,0.003364181,-0.00042501747
50068000,-0.010248322,-0.004692378,-9.789169,0.0039070644,0.0038300222,-0.001258883
50072000,-0.0046745837,0.002342128,-9.782455,0.003758952,0.004096248,-0.0013488239
50076000,-0.0018064386,0.0047188275,-9.77954,0.004503127,0.00436756,-0.0012143328
50080000,-0.004741216,-0.004374547,-9.777161,0.005472786,0.004668266,-0.0010385691
50084000,-0.0035844245,0.0023030536,-9.775457,0.005392488,0.0040742666,-0.00055868964
50088000,-0.0023834696,0.0140760625,-9.780639,0.0049328445,0.0041114013,-0.001454618
50092000,-0.006310828,0.009845748,-9.78436,0.00464493,0.0044295853,-0.002538381
50096000,-0.0065043005,-0.00082432537,-9.780415,0.0047561713,0.0044529526,-0.0025445828
50100000,-0.005558051,0.0013668782,-9.777447,0.0053667882,0.004498053,-0.0026234617
50104000,-0.006838641,0.0008828306,-9.768024,0.0054842783,0.003269061,-0.0021170853
50108000,-0.008759642,-0.0034099105,-9.767615,0.0050309477,0.0040087057,-0.0016693072
50112000,-0.0074066008,0.00043076585,-9.777744,0.005081946,0.0044788406,-0.0018062599
50116000,0.0023662965,0.006363286,-9.774666,0.0057592005,0.003920954,-0.0011868889
50120000,0.0045380173,0.0076422957,-9.774104,0.0055451314,0.0056148684,-0.0011293032
50124000,0.0014950209,-0.004570769,-9.77914,0.00473488,0.006793351,-0.0019902608
50128000,0.00069420674,-0.007181468,-9.777948,0.004201312,0.0053087436,-0.0021588027
50132000,-0.004520036,0.0028402058,-9.779364,0.0035268809,0.0045190975,-0.0008702398
50136000,-0.0029863864,0.004948318,-9.783196,0.0036605156,0.0052885483,-0.00044196082
50140000,-0.0013657243,0.0005559318,-9.783298,0.003453619,0.0054268437,-0.0008633602
50144000,-0.0019912454,0.0018023441,-9.778992,0.0033519203,0.0048725135,-0.0012712703
50148000,-0.0043350225,0.0022378014,-9.78248,0.0043530045,0.004630659,-0.0015851787
50152000,-0.004838758,-0.0038533318,-9.781991,0.005752709,0.004586398,-0.0012016117
50156000,0.0007203806,-0.005900736,-9.779707,0.0053753075,0.0043151723,-0.0015256936
50160000,-0.0004389796,-0.0055156588,-9.787065,0.005100871,0.0038970483,-0.002190309
50164000,-0.004083285,-0.00021561947,-9.785803,0.005672055,0.0035996733,-0.002073347
50168000,-0.006165622,0.009905644,-9.783091,0.0054964744,0.0029629294,-0.0013605632
50172000,-0.0025049604,0.0051698308,-9.786987,0.005476965,0.0029314617,-0.0011062714
50176000,-0.0027913726,-0.0032113886,-9.790313,0.0056244167,0.0046668295,-0.0015565642
50180000,-0.007305961,0.0011373605,-9.79048,0.005740806,0.005093549,-0.0023089796
50188000,-0.008147579,0.0024871363,-9.780741,0.0038274787,0.003371453,-0.0013828754
50192000,-0.0056134006,-0.0007202027,-9.780276,0.0036992074,0.0039919154,-0.0022396012
50196000,-0.001793546,0.0017743305,-9.7875,0.0040749693,0.00397522,-0.002318455
50200000,-0.0022657213,0.012964145,-9.783886,0.0041953567,0.004651553,-0.0016273712
50204000,0.0005455145,0.008391518,-9.786077,0.00386571,0.00393053,-0.0014863452
50208000,-0.00087407744,0.0014090934,-9.781134,0.0041655432,0.0038728712,-0.0014525444
50212000,-0.0034704637,0.0053623845,-9.777088,0.0057732644,0.0046917214,-0.0017514649
50216000,-0.005182645,0.0012501794,-9.77861,0.0054768613,0.0050572255,-0.002378341
50220000,-0.0045207585,-0.003412765,-9.77821,0.0046246815,0.004167181,-0.0024195726
50224000,-0.00405131,0.0020761432,-9.780827,0.0044807913,0.0043241796,-0.001960356
50228000,0.003194771,-0.00063296343,-9.779472,0.0049425997,0.004343627,-0.0008161623
50232000,-0.00094403944,-0.00056204066,-9.779179,0.0057147415,0.0031202803,-0.0009375779
50236000,-0.01060232,0.004032742,-9.7828865,0.0053029484,0.0035700656,-0.0017431322
50240000,-0.00083313126,0.002473042,-9.786636,0.005448106,0.004786253,-0.0014507617
50244000,0.0052952706,-0.0018234624,-9.793104,0.004961454,0.004713068,-0.0018467031
50248000,-0.0005409996,-0.0022474946,-9.790482,0.0045018946,0.0043472135,-0.0024740717
50252000,0.0048023155,0.002997295,-9.779272,0.004561014,0.004604187,-0.0015447262
50256000,0.0076501947,0.003846722,-9.775162,0.0036234458,0.004043586,-0.00083557557
50260000,-0.0008400579,-0.0006509341,-9.774187,0.0034013847,0.0044538076,-0.0013571979
50264000,-0.0066856877,0.00033769186,-9.781647,0.0035069555,0.0041311067,-0.00064088206
50268000,-0.0061481483,0.0037649241,-9.789301,0.0037385302,0.0032981508,-0.0014405369
50272000,0.00015410731,-0.002684507,-9.78525,0.0032466934,0.0034630846,-0.00226668
50276000,-0.00013718195,-0.000161315,-9.784162,0.003059856,0.0036114645,-0.0012236475
50280000,-0.0038023228,0.006452381,-9.786785,0.0036686952,0.0038837167,-0.000997997
50284000,-0.0025336363,0.0051240823,-9.78746,0.004002678,0.004321935,-0.00072253984
50288000,-0.0035363869,-0.003440497,-9.788986,0.004246063,0.0040238104,-0.0011878698
50292000,-0.0019325073,-0.0039252234,-9.784685,0.0039147306,0.003872803,-0.0008752207
50296000,0.0045727254,0.0014902911,-9.780441,0.003186964,0.0048422264,-0.0005513422
50300000,0.0015779666,0.0024391182,-9.786014,0.002913369,0.004650888,-0.0014095
50304000,-0.0015293595,-0.0003150708,-9.783456,0.0031061608,0.0031831155,-0.0006083947
50312000,-0.0050916336,-0.002659975,-9.78368,0.0031994293,0.004783697,-0.0017887382
50316000,0.0007562208,-0.0024857942,-9.78668,0.0019460579,0.00418907,-0.0019846126
50320000,0.00015380321,-0.000354388,-9.783977,0.002539698,0.0050193793,-0.0008740539
50324000,-0.0032400633,-0.003784928,-9.779961,0.002357825,0.0058001215,-0.000784452
50328000,-0.008261828,0.0011689155,-9.776807,0.002375439,0.0049104434,-0.0012536042
50332000,-0.005383165,-0.0032776846,-9.778989,0.0034433536,0.0039845086,-0.0015066509
50336000,-0.0058571664,-0.0040043993,-9.783638,0.0023080993,0.0040835296,-0.00084001507
50340000,-0.0065780235,-0.00029818053,-9.7869625,0.001732311,0.0040472727,-0.0005925437
50344000,0.0016856676,0.004053432,-9.787268,0.0019734758,0.0037085763,-0.00083061936
50348000,0.00014320135,0.010827206,-9.78792,0.0022139496,0.0031889544,-0.0023381605
50352000,-0.010208035,0.0076364493,-9.78306,0.0025337727,0.003010564,-0.002184365
50356000,-0.013453235,0.0006900852,-9.77996,0.0026701416,0.0040030372,-0.0014368881
50360000,-0.002144444,0.004811925,-9.778681,0.0024737278,0.004048067,-0.0014967045
50364000,-0.0033404382,0.00974365,-9.78046,0.0014936664,0.003916853,-0.00089318806
50368000,-0.004105556,0.002654821,-9.786478,0.00060718774,0.0043487255,-0.0009226475
50372000,0.0009911323,-0.004173016,-9.784361,0.0013379426,0.003882566,-0.0004470888
50376000,-0.003371797,0.0023835849,-9.781488,0.0023805713,0.0038567951,-0.00014083553
50380000,-0.0064605447,0.012835059,-9.777133,0.0016937532,0.0037395202,-0.0005239049
50384000,-0.01178452,0.010130019,-9.776506,0.002412509,0.0032648612,-0.0008034007
50388000,-0.0049253628,0.001294773,-9.781944,0.0029007667,0.0042876797,-0.00049917045
50392000,0.0014459522,0.0037124993,-9.782267,0.0020707923,0.0047659366,-0.0009783695
50396000,-0.0016441353,-0.00090172305,-9.781968,0.0015285658,0.0043314747,-0.0015022969
50400000,0.00077784446,-0.00903214,-9.776041,0.0013138847,0.0044032866,-0.0013940533
50404000,-0.00013338891,-0.0011014725,-9.773752,0.0016222848,0.0046585407,-0.0017460363
50408000,-0.000867467,0.00032702793,-9.778483,0.0014330128,0.005186821,-0.00070258195
50412000,-0.0056540975,0.0005724628,-9.7740965,0.0013995838,0.004899507,-2.9330431e-05
50416000,-0.0061879577,-0.0014519391,-9.777931,0.0013519818,0.0040405937,-0.0006978145
50420000,0.0013574103,-0.00482269,-9.788595,0.00014392124,0.004116038,0.0004334194
50424000,-0.0023261888,0.0009045534,-9.784845,0.00028863412,0.0048348554,0.00063604105
50428000,0.00048085325,0.001404667,-9.775436,0.0018723772,0.005112762,-0.0006722688
50432000,0.0035916273,-0.0062016733,-9.777887,0.0014752715,0.0044040666,-0.0013486968
50436000,0.0023576273,-0.0059018275,-9.782667,0.0011396358,0.004673549,-0.00056146726
50440000,0.0005965956,-0.004568516,-9.776606,0.0010450955,0.0049521034,0.00034419814
50444000,-0.007373271,-0.005044356,-9.772798,0.00028729296,0.004896229,0.00013056163
50448000,-0.004419194,0.0071693137,-9.777641,0.00047476837,0.0052758283,-0.0007465374
50452000,-0.0014033745,0.0033459375,-9.784737,0.00016237969,0.005112581,-0.00091711193
50456000,-0.0018305434,-0.002556733,-9.789251,-0.00073331076,0.0053424053,-0.00032057153
50460000,0.00041141477,-0.003113838,-9.778043,-0.00022606183,0.004677346,-0.00041365152
50464000,-0.004646334,-0.0037358569,-9.776464,-0.0005665641,0.0039056118,-0.0008227874
50468000,-0.009111343,0.0020017037,-9.781261,-0.0015896921,0.0048783435,-0.00029125242
50472000,-0.0070026126,0.003590773,-9.777063,-0.0018460858,0.0043099066,-0.00033868264
50476000,-0.007822623,-0.0010592716,-9.778624,-0.0010948018,0.003978552,-0.0011778262
50480000,-0.007032737,-0.0037808497,-9.783123,-0.00079819147,0.0041471277,-0.0021574982
50484000,-0.0012017615,-0.000519448,-9.781738,-0.0015741908,0.003763662,-0.0020177139
50488000,-0.0027297179,7.7215715e-05,-9.777811,-0.00070869917,0.003832607,-0.00078502874
50492000,-0.010931704,0.0015619898,-9.779583,-0.0012269159,0.0032452955,-0.00090242387
50496000,-0.010132539,0.004135146,-9.773565,-0.0031213625,0.004210597,-0.00012011495
50500000,-0.0053763553,0.0029716624,-9.775219,-0.002489358,0.0047553824,8.613785e-05
50504000,-0.0038118116,0.0020562524,-9.781321,-0.0020282194,0.0041237245,-0.00065324863
50508000,-0.0046497183,0.004512925,-9.778788,-0.002394275,0.0039358954,-0.0007239013
50512000,-0.0047749635,0.003869702,-9.779525,-0.002451071,0.0042370344,-0.0002652808
50516000,-0.006001477,0.007057297,-9.782873,-0.0021607974,0.0050345873,-0.00039376869
50524000,-0.0016799703,0.0047556255,-9.7717495,-0.0018225141,0.0043277815,-0.0012657988
50528000,-0.0020568098,0.00043933638,-9.774988,-0.0021064233,0.00519101,-0.00078774925
50532000,-0.0041413587,-0.0007214478,-9.778721,-0.0015129955,0.00501206,-0.00015874406
50536000,-0.0018966949,-0.0010845686,-9.781176,-0.002169678,0.0039206794,0.0009571645
50540000,-0.0010182171,0.0061134407,-9.782282,-0.0024479765,0.0037773813,0.0014555514
50544000,-0.0011836787,0.013720422,-9.782986,-0.0010905438,0.0050728843,0.0015663791
50548000,-0.0011737086,0.007510855,-9.778912,-0.0016350283,0.006065729,0.00037556567
50556000,-0.011786412,-0.0060514035,-9.771418,-0.0023935658,0.0048484313,0.00057521835
50560000,-0.0089915525,-0.004034323,-9.777482,-0.002428109,0.0058366433,0.00034383533
50564000,-0.001545768,0.0011916127,-9.778666,-0.0030320422,0.005748003,0.00027289076
50568000,-0.0024737404,-0.0020777856,-9.770056,-0.0029868647,0.00560193,0.0007262105
50572000,-0.0010189194,-0.0014807617,-9.775394,-0.0029992086,0.0057437154,0.0005411989
50576000,0.0013064628,0.005024142,-9.772787,-0.003150097,0.005029852,-0.0009902563
50580000,-0.0016246464,0.007917566,-9.7674055,-0.0038029437,0.004742668,-0.001055105
50584000,-0.007872754,0.00786384,-9.775673,-0.0049665035,0.0044089085,-0.00014611945
50588000,-0.005370923,0.0069026193,-9.771576,-0.0050247316,0.0041958643,-0.0010011394
50592000,-0.0008975753,0.0073754108,-9.775413,-0.0047761407,0.003965516,-0.0009720219
50596000,-0.0047951853,0.0053050793,-9.779972,-0.0038505464,0.003517271,-0.00024883923
50600000,-0.016612133,-0.00086977443,-9.773627,-0.0034823578,0.003431734,-0.00035601883
50604000,-0.0064605363,-0.006497082,-9.7725115,-0.004249933,0.0041462597,-0.00053315185
50608000,0.0061798673,-0.005756843,-9.773552,-0.0041288426,0.0045239637,-8.689959e-05
50612000,0.0074626366,-0.002189028,-9.773283,-0.004591708,0.0037815722,0.00044175258
50616000,0.010183552,0.003453946,-9.771917,-0.005413722,0.0033759961,0.0008839581
50624000,0.0048979446,-0.009067097,-9.770851,-0.0057514375,0.005738062,6.2630534e-05
50628000,0.0030571083,-0.0006678888,-9.774029,-0.005470023,0.00630159,0.0003917365
50632000,0.0020437771,0.0006419879,-9.779011,-0.0061251353,0.0054813786,0.0012060496
50636000,0.0018302322,-0.004214303,-9.774672,-0.006014785,0.004647577,0.00014858044
50640000,-0.0011524268,-0.0052376473,-9.77307,-0.0060009845,0.0044198725,-0.00031069998
50644000,-0.0034268536,-0.0013371992,-9.771235,-0.0061785127,0.0045263637,0.0005719425
50648000,-0.0067261774,0.0010384052,-9.767824,-0.0062770396,0.0048762173,7.4447235e-05
50652000,-0.011720199,0.0013914955,-9.764722,-0.005883644,0.0045198034,-0.00026625663
50656000,-0.008443313,0.0032297387,-9.763817,-0.0065763416,0.0050297272,0.001465172
50660000,-0.005852648,-0.001044262,-9.771767,-0.0065412153,0.00583851,0.0010028289
50664000,-0.007119271,-0.0053727734,-9.779424,-0.005110953,0.0054290723,-0.00054571376
50668000,-0.006445463,-0.0034698986,-9.775969,-0.005568773,0.005807659,0.00027178746
50672000,-0.0032256837,-0.0014215094,-9.770025,-0.005558459,0.0048012286,0.0011954681
50676000,-0.006803711,-0.0043291105,-9.767166,-0.00576443,0.004405599,0.00032406155
50680000,-0.0047166194,-0.0030755063,-9.76749,-0.005629913,0.004399541,0.00013332127
50684000,-0.0033606633,0.0006366589,-9.764864,-0.0052370513,0.003832542,0.0013182155
50688000,-0.004766207,-0.0035428756,-9.764877,-0.0056654024,0.004833937,0.0012535432
50692000,-0.0084742475,-0.0033518064,-9.767698,-0.005906064,0.0046775998,0.0004439776
50696000,-0.005832595,0.00022022266,-9.76489,-0.00627031,0.0050041736,-4.805656e-06
50700000,0.0008847362,0.0018367183,-9.767769,-0.0060617602,0.0041061533,0.00014667804
50704000,-0.0011113645,0.00070100726,-9.766111,-0.0060283286,0.0034395868,0.00044385355
50708000,0.0016621149,0.00037318884,-9.761307,-0.0056681987,0.0043351743,0.00048628225
50712000,0.0040051327,-0.004852553,-9.762674,-0.0059064245,0.004271485,0.0005972551
50716000,-2.310309e-05,-0.0119575625,-9.766195,-0.0069572586,0.004491604,0.00063663564
50720000,0.003593109,-0.0049074767,-9.773296,-0.0077124787,0.0046087564,-0.00011730211
50724000,0.002773454,-0.005523758,-9.779238,-0.006801958,0.005470224,0.0005637833
50728000,-0.0024001685,-0.005378451,-9.776906,-0.006534189,0.006077885,0.0011970529
50732000,0.0015290877,-0.0016586771,-9.771013,-0.006696956,0.0063421316,0.0015733262
50736000,0.0009957878,-0.006164147,-9.770407,-0.0061016036,0.0055103684,0.0019018747
50740000,-0.0031348525,-0.00211255,-9.771673,-0.0059684413,0.0048670075,0.0007903559
50744000,-0.0052735535,-0.0018189342,-9.76899,-0.005819748,0.005961932,0.001069884
50748000,-0.0022073074,-0.005975838,-9.766055,-0.0058013727,0.005934251,0.0013831523
50752000,0.0016731137,-0.0032059278,-9.766247,-0.0059140753,0.005574682,0.0007954869
50756000,0.0019409611,-0.0014404962,-9.766644,-0.0056653675,0.004810311,0.001282765
50760000,0.001283162,-0.013071762,-9.768057,-0.005314949,0.004226514,0.0012940625
50764000,0.0037101135,-0.017448364,-9.77424,-0.005291775,0.0047758496,0.00043940468
50768000,0.0068242177,-0.007459103,-9.776384,-0.005491732,0.0050632395,0.0007614376
50772000,0.010008922,-0.0044932724,-9.768934,-0.0057935505,0.0051046186,0.0016187818
50776000,0.008119027,-0.0056969323,-9.76256,-0.005486417,0.0048505375,0.00062875444
50780000,-0.001759792,-0.0059555266,-9.759275,-0.005471452,0.004401006,0.00020323212
50784000,-0.003697948,-0.0034671833,-9.766369,-0.0044180257,0.0043409583,0.00034812719
50788000,-0.0011672437,-0.007876944,-9.77387,-0.0040789093,0.0039566136,0.00074363523
50792000,-0.0028028917,-0.0038016168,-9.771521,-0.0045789015,0.0028393262,0.0019740572
50796000,-0.004855267,-0.00019497934,-9.768494,-0.004673769,0.0032000022,0.0015216527
50800000,-0.0098893475,-0.005520211,-9.769348,-0.0045701824,0.0058631594,0.00088365667
50804000,-0.009609896,-0.0017732276,-9.769467,-0.0040652375,0.0067023057,0.0008760779
50808000,-0.0069296462,0.0053388886,-9.773714,-0.004626492,0.0054849554,0.0011584687
50812000,-0.005685538,0.0031799679,-9.773172,-0.005048145,0.004980681,0.0008919209
50816000,-0.0001847255,-0.002025125,-9.773245,-0.004604778,0.005490663,0.0012582396
50820000,0.0055357693,-0.0057114232,-9.77399,-0.005284326,0.006246838,0.0011258353
50824000,-0.0016804576,-0.0080423,-9.77116,-0.005908826,0.0061069042,-6.3656706e-05
50828000,-0.0064616213,-0.005470275,-9.774551,-0.0050166566,0.005666638,0.00026738996
50832000,0.00021908447,-0.002942493,-9.770247,-0.0042658434,0.005505089,0.0010904262
50836000,0.005005853,-0.0035243751,-9.771329,-0.004216652,0.0051517896,0.00045385002
50840000,0.0012133154,0.00036288018,-9.781061,-0.0044861487,0.0042925384,0.00017904563
50844000,-0.005986165,0.00393663,-9.780287,-0.0040953066,0.003223656,0.00029824738
50848000,0.00089738506,0.00047402456,-9.774166,-0.003974649,0.0035507216,0.00012084125
50852000,0.005104581,0.0011053195,-9.773241,-0.0046756575,0.00442583,-3.6890993e-05
50856000,-0.0004919147,0.0033863385,-9.776245,-0.005368035,0.003792576,0.00037161773
50860000,0.0010470605,-0.0011483266,-9.777893,-0.0058703953,0.0034099955,0.0010168881
50864000,0.0022031425,-0.009118226,-9.781767,-0.0053289453,0.0038636061,0.00041848098
50868000,-0.0022672,-0.011508915,-9.783639,-0.004699444,0.00291327,0.0004920594
50872000,-0.0011053209,-0.008210403,-9.781872,-0.0045835506,0.0034929013,0.00030623286
50876000,0.0054930225,0.0017272844,-9.781631,-0.0053369016,0.0054020463,-9.2422146e-05
50880000,0.0048541105,0.003572628,-9.778652,-0.00506953,0.005475821,0.0006108932
50884000,-0.0034321633,0.0037045332,-9.776655,-0.004333511,0.0046382095,0.0009264547
50888000,-0.0055003306,0.0009930538,-9.774149,-0.0041617756,0.003997486,0.0007558605
50892000,-0.00087908725,-0.0016232568,-9.766109,-0.0041878796,0.0050053415,0.0012277167
50896000,0.0069145327,-0.0021516527,-9.769548,-0.004375339,0.0056739366,0.0015502155
50900000,0.009447277,-0.00310203,-9.777332,-0.0031603994,0.0057088127,0.0010544936
50904000,0.005500185,0.000993127,-9.770254,-0.003183166,0.0055923657,8.7204404e-05
50908000,-0.0008453651,-0.0024204266,-9.771319,-0.0038937805,0.0051036854,0.0004397466
50912000,-0.0066361176,-0.008096888,-9.777899,-0.003998148,0.004370979,0.0008861341
50916000,-0.006956564,-0.007471989,-9.775578,-0.004412579,0.0033309849,0.00083010795
50920000,-0.005575777,-0.003379488,-9.773009,-0.0048706126,0.0040386175,0.000584573
50924000,-0.0035216021,-0.00035890055,-9.773863,-0.0048334645,0.004521435,0.000607015
50928000,-0.001389929,-0.0041055335,-9.7717,-0.0045741485,0.0047972505,0.00096933125
50932000,0.0012717004,-0.0048224907,-9.775329,-0.004457959,0.005540506,0.00058137154
50936000,-0.003966516,-0.00094837055,-9.782549,-0.004143582,0.005705208,-0.00044838001
50940000,-0.0049119303,-0.007259231,-9.785055,-0.0034493643,0.0057828426,-0.00026765818
50944000,2.92933e-05,-0.0032935457,-9.782637,-0.0032341522,0.005254622,0.00094059034
50948000,-0.005509343,-0.00044540726,-9.773353,-0.0047947103,0.0046552834,0.00081545155
50952000,-0.0029185428,-0.0034743315,-9.768443,-0.0044599157,0.0038261632,0.0005735089
50956000,0.00059765717,0.0013427124,-9.768803,-0.00362701,0.0041895714,0.0011125283
50960000,-0.0025579352,-0.00017471121,-9.77228,-0.0034137405,0.004014753,0.0009210135
50964000,-0.0020204037,-0.0030431615,-9.770811,-0.0032197938,0.0032085197,0.0001683836
50968000,0.008168279,-0.008105915,-9.767846,-0.004080558,0.0049013076,0.0012653448
50972000,0.007830985,-0.013167694,-9.780672,-0.0029998603,0.0058515887,0.0020137543
50976000,-0.0013042968,-0.0053589544,-9.785898,-0.0015891094,0.0053205267,0.0019444792
50980000,-0.003941082,0.00011482316,-9.780415,-0.0027947207,0.004596555,0.0019231639
50984000,-0.003560176,-0.008121055,-9.776848,-0.0041355444,0.0047099553,0.0016387408
50988000,0.00064756547,-0.011892086,-9.767185,-0.003623956,0.00529945,0.0022439403
50992000,-0.0028866858,-0.00030987244,-9.767046,-0.0033178723,0.005458057,0.0023060692
50996000,-0.0008587496,0.00014793045,-9.77127,-0.0038339116,0.005130883,0.0016977938
51000000,0.007533566,-0.0013978564,-9.763895,-0.003725482,0.0048861867,0.0025411227
51004000,0.0029584998,-0.0021852232,-9.770237,-0.003475397,0.004746228,0.0015925696
51008000,-0.0002891597,-0.0059603024,-9.785557,-0.003951115,0.0046755983,0.000627444
51012000,0.003623066,-0.0070091574,-9.784438,-0.0046788366,0.005663426,0.0021379332
51016000,-0.0015633387,-0.006682648,-9.785496,-0.0044501903,0.00576132,0.0014286874
51020000,-0.007775593,-0.0030732232,-9.782152,-0.003244221,0.005616593,0.00021266044
51024000,-0.0066358657,-0.0025887853,-9.773321,-0.0030701119,0.005333541,0.0006772941
51028000,0.0015982967,-0.0037352513,-9.771218,-0.0040779472,0.0047262367,0.0019493325
51032000,0.0018278393,-0.008198835,-9.779393,-0.004429292,0.005706928,0.0020810352
51036000,-0.0023348806,-0.014273783,-9.7851515,-0.0036683027,0.006522489,0.0012717863
51040000,-0.0040440625,-0.012741115,-9.776312,-0.0038240745,0.0055641024,0.0010925677
51044000,6.045611e-05,-0.007897766,-9.777327,-0.0043782867,0.0057513667,0.0011933175
51048000,0.0017539987,-0.0032092268,-9.78414,-0.00441768,0.0058472496,0.00078556634
51052000,-0.003717871,0.0006272057,-9.7835655,-0.00395014,0.0048618205,0.0005488177
51056000,-0.001290054,-0.0019969419,-9.778891,-0.003742528,0.0051448974,0.0018064195
51060000,-0.0049867877,-0.004125312,-9.773649,-0.0037110194,0.0057285167,0.0024096842
51064000,-0.0021155453,-0.0080739735,-9.778616,-0.002829974,0.0054213735,0.0016160158
51068000,0.0075378404,-0.007144698,-9.791014,-0.0029222646,0.005160499,0.0014724949
51072000,0.006414825,-0.0031184037,-9.789601,-0.003412639,0.0049914173,0.002275713
51076000,0.0035929463,-0.0067470195,-9.78199,-0.0026428008,0.0051916544,0.0021641545
51080000,-0.00043590012,-0.008954144,-9.7836075,-0.001958481,0.0056975693,0.002140341
51084000,-0.001550299,-0.010050271,-9.783605,-0.0019212925,0.0067285746,0.0019317331
51088000,0.0022020843,-0.006183898,-9.784252,-0.0028015373,0.007360284,0.001434742
51092000,-0.0009621737,4.5968627e-05,-9.784758,-0.0041212304,0.005662125,0.0019047996
51096000,-0.0019239212,-0.005393869,-9.780228,-0.0043604425,0.005232531,0.0013071349
51100000,-0.0051683765,-0.009068847,-9.772663,-0.0042411555,0.0055031697,0.0009213008
51104000,-0.00990739,-0.008027215,-9.7793,-0.0039395676,0.0044052913,0.0012840533
51108000,-0.0018006791,-0.0035748337,-9.7942505,-0.0041870372,0.0052582473,0.0014512595
51112000,0.0016419829,0.00037670872,-9.789476,-0.004166235,0.0065411935,0.0018236792
51116000,-0.0026699128,-0.003959993,-9.784563,-0.0034318953,0.0057333144,0.0017876526
51120000,-0.0016319682,-0.010790846,-9.780626,-0.0038532852,0.0052578077,0.0011332863
51124000,0.00017672064,-0.0054137497,-9.783859,-0.0046233223,0.005786316,0.0016345519
51128000,-0.0025904712,0.0050993175,-9.792833,-0.0045670215,0.0058961264,0.0026319681
51132000,-0.0038613263,0.0034296068,-9.789501,-0.0031742179,0.0057432703,0.0027927465
51136000,-0.003977464,-0.0036624912,-9.790865,-0.0021547386,0.006170174,0.0020817276
51140000,-0.006237925,-0.00901778,-9.793927,-0.00281739,0.0056906543,0.0007682724
51144000,0.0007283628,-0.005263979,-9.78821,-0.0036542225,0.0061506582,0.0017644027
51148000,0.0060435995,-0.0008596999,-9.789294,-0.0038377093,0.0059142187,0.0025285159
51152000,-0.0030811443,-0.0038723187,-9.786484,-0.0022566612,0.0044622445,0.0016204815
51156000,-0.0017109097,-0.010797789,-9.781778,-0.0019290885,0.0049479255,0.0013245528
51160000,0.004546378,-0.008147726,-9.788155,-0.0028861691,0.004570136,0.0019855122
51164000,0.0066406424,-0.00174393,-9.78932,-0.0031892958,0.0049812878,0.0029701383
51168000,0.010441242,-0.0009037441,-9.789009,-0.0035251966,0.0051254216,0.0033432785
51172000,0.004049546,0.0009586363,-9.7904,-0.0037713244,0.004419932,0.0026659553
51176000,-0.0064652856,-0.0011376558,-9.792145,-0.0041515357,0.0043663355,0.0018027811
51180000,0.00050177716,-0.0029902214,-9.794651,-0.0045204195,0.004839674,0.0014644675
51184000,0.012083379,0.001502912,-9.787848,-0.0038947205,0.0065960707,0.0012536321
51188000,0.013503298,0.0017593912,-9.787473,-0.003368349,0.006723322,0.001715355
51192000,0.0035035475,-0.0013765594,-9.793931,-0.0031291137,0.0054849116,0.0015882483
51196000,-0.0045705987,-0.005318582,-9.796327,-0.0037224405,0.004724733,0.001342441
51200000,-0.0017501416,-0.0075913398,-9.798658,-0.0046034665,0.0052388133,0.0017829177
51204000,0.0015733403,-0.0040670573,-9.795553,-0.0037115386,0.004737422,0.0030810975
51208000,0.0011670641,-0.0056767995,-9.793564,-0.0039583705,0.003661743,0.0035528042
51212000,-0.0032630865,-0.0067494134,-9.792904,-0.0042866995,0.0047381013,0.0027154565
51216000,-0.0029778597,-0.0034005474,-9.789194,-0.0034573898,0.005512321,0.0022153126
51220000,-0.0051001324,-0.002484106,-9.791189,-0.003235652,0.005468468,0.0019618673
51224000,-0.008011272,-0.001156923,-9.795306,-0.0034992085,0.0054241167,0.0021437858
51228000,-0.0046030562,-0.004030288,-9.792478,-0.0032454922,0.0057723327,0.0017473359
51232000,-0.0034643072,-0.00831234,-9.790852,-0.0039787553,0.005490631,0.0016397028
51236000,-0.0049987854,-0.008778799,-9.789957,-0.0043902383,0.0043772673,0.0019535648
51240000,0.002412927,-0.010042782,-9.79099,-0.004068381,0.0051405407,0.001881272
51244000,0.0036798285,-0.0070786388,-9.7912,-0.0036964102,0.0054734657,0.0010592102
51248000,0.0017713946,-0.004003008,-9.786394,-0.0032525246,0.0037666056,0.00115536
51252000,-0.0019988357,-0.006380858,-9.784777,-0.0035982719,0.0036366382,0.0022370692
51256000,-0.0026734285,-0.010769393,-9.788309,-0.003933163,0.0041890056,0.0013022188
51260000,0.0020283456,-0.010800272,-9.791711,-0.0043181055,0.0041497364,0.0009164577
51264000,0.00019446312,-0.0025710457,-9.785611,-0.003883858,0.004482197,0.0014653201
51268000,0.0012465038,0.00044775134,-9.779617,-0.0031577537,0.004597022,0.0020641263
51272000,0.0017605243,-0.005653492,-9.790693,-0.0034234815,0.0045572985,0.0026435265
51276000,0.0014081913,-0.0031199872,-9.798803,-0.0038046162,0.004374056,0.0030694297
51280000,-1.4172403e-05,-0.00013491414,-9.798389,-0.0033946072,0.0039932295,0.0029971392
51284000,-0.0009271442,-0.000781054,-9.791542,-0.003992403,0.0037403835,0.0028350865
51288000,0.0018919911,-0.0017296361,-9.787304,-0.004338689,0.004500688,0.0031523292
51292000,0.003942473,-0.002152934,-9.787821,-0.0039342768,0.005058086,0.003196153
51296000,0.0014797766,-0.0013140503,-9.788742,-0.0041280836,0.004490813,0.0023478006
51300000,-0.0018771028,-0.0002538254,-9.794811,-0.0033327693,0.003766323,0.0018489544
51304000,-0.0077896365,0.00014950041,-9.79477,-0.0032323266,0.004045465,0.002621846
51308000,-0.0055360333,0.001912799,-9.794601,-0.004125712,0.005683322,0.0026822155
51312000,0.0044384897,0.0031516526,-9.797609,-0.004726819,0.0056963935,0.0022294587
51316000,0.0008215811,-0.0014169656,-9.796597,-0.004869165,0.0050399997,0.001355561
51320000,-0.0016347141,-0.006032231,-9.78837,-0.004810497,0.0051182024,0.0019872384
51324000,-0.0013902822,-0.011024602,-9.787314,-0.0047493717,0.004604625,0.002938661
51328000,-0.0005265095,-0.010342662,-9.79468,-0.0044048266,0.0047269245,0.0028573975
51332000,0.0034394737,-0.0024633182,-9.790987,-0.0038141152,0.0051300945,0.0019801294
51336000,-0.00165044,-0.006270525,-9.792587,-0.00322781,0.0049368907,0.0015899483
51340000,-0.0034881963,-0.008231572,-9.796738,-0.0026084946,0.0052341954,0.0027331263
51344000,0.0013115343,-0.0033258896,-9.793409,-0.0035210708,0.0058976817,0.002290558
51348000,0.0020442605,-0.00233952,-9.7986355,-0.0045753405,0.005334583,0.0013696861
51352000,0.0014522513,0.0013745232,-9.796877,-0.0035851751,0.0046213227,0.001902867
51356000,-0.0047690608,0.003993955,-9.791235,-0.0024651336,0.0035654963,0.0028861782
51360000,-0.0024794359,0.0020945186,-9.792585,-0.00241087,0.0028281652,0.0030800488
51364000,0.004460408,0.003198301,-9.793811,-0.0031421639,0.0030411219,0.0026731351
51368000,0.0043887314,-0.0059459712,-9.791988,-0.003410707,0.003905816,0.0023552629
51372000,0.002340778,-0.009288811,-9.785037,-0.003207721,0.0044018077,0.0021276907
51376000,0.0009241175,-0.0020596082,-9.787338,-0.0039207814,0.0052603954,0.0032015147
51380000,-0.0048258603,-0.0019918452,-9.791523,-0.004258711,0.005599848,0.003514745
51384000,-0.011351669,0.0016528721,-9.793594,-0.0039082477,0.0045051165,0.0032112123
51388000,0.0030247737,-0.004710688,-9.794304,-0.0036477796,0.004396729,0.0031534047
51392000,0.004897832,-0.01006985,-9.789377,-0.0035853107,0.004331771,0.0027103187
51396000,-0.0012725773,-0.0075701936,-9.790125,-0.004352574,0.005003197,0.0026768087
51400000,-0.00039785303,-0.007567175,-9.789099,-0.0041212062,0.005418078,0.0032379613
51404000,-0.0055900095,-0.004446683,-9.787313,-0.0033018824,0.005190743,0.0039636833
51408000,-0.0075532543,-0.0030752108,-9.794947,-0.0030420227,0.005540773,0.00319104
51412000,0.0011946019,-0.0043794326,-9.7900915,-0.0029330372,0.005239285,0.0025915713
51416000,0.0044090934,1.8145108e-06,-9.7818985,-0.0030459778,0.004592186,0.0036187584
51420000,-0.00094409776,0.004241363,-9.788389,-0.002942171,0.0042857886,0.0031953242
51424000,0.0019191939,-0.0013506388,-9.7883215,-0.0025700638,0.005385202,0.0032997322
51428000,0.0036267645,-0.0069981595,-9.783678,-0.0023636937,0.005686634,0.0041198316
51432000,0.0054510143,-0.0065124766,-9.785164,-0.002890664,0.00512493,0.0038278995
51436000,0.006540983,-0.00031325375,-9.785722,-0.0028774836,0.005792945,0.0034354173
51440000,-8.246153e-05,0.00022047851,-9.790131,-0.0031281712,0.005416404,0.0030393242
51444000,-0.0015901164,-0.0043956526,-9.79401,-0.003440319,0.0038416001,0.0028485
51448000,-0.003291918,0.0005375132,-9.78092,-0.0032868907,0.0037862686,0.0028052467
51452000,-0.007140506,0.00081075,-9.77729,-0.004204588,0.0050200704,0.004121688
51456000,-0.0035888227,0.0015567462,-9.783968,-0.0040299697,0.0048197657,0.0046114763
51460000,-0.0031451455,0.0015620713,-9.782854,-0.0041466625,0.004187475,0.0040328186
51464000,-0.0052324245,-0.004649166,-9.78407,-0.004445154,0.0044792593,0.003550366
51468000,-0.003950485,-0.006533435,-9.786501,-0.0036012656,0.0055347555,0.0032203244
51472000,0.0005524106,-0.0074451407,-9.782415,-0.0035103166,0.006321162,0.0042988053
51484000,0.004396217,-0.0038591484,-9.777349,-0.003961508,0.007236577,0.0032667161
51488000,-0.006291802,-0.0015164828,-9.783243,-0.0029237587,0.006378744,0.0029868353
51492000,-0.0010460375,-0.0011665913,-9.777601,-0.0018214108,0.0057940143,0.0029083719
51496000,0.004755934,0.0005776448,-9.7743225,-0.0023359235,0.005458221,0.0025987923
51500000,0.0033099048,-0.0038746465,-9.782839,-0.0022027476,0.0043556606,0.0027803017
51504000,0.003544638,-0.008723339,-9.791275,-0.0021095462,0.003985596,0.0037607895
51508000,0.0024077254,-0.007848605,-9.798739,-0.0007969216,0.004687098,0.0043079057
51512000,-0.0061725746,-0.0060180086,-9.7992935,0.0002709237,0.005601507,0.003970232
51516000,-0.004194946,-0.010905926,-9.796619,0.0007885137,0.0066479524,0.003921824
51520000,-0.0024067266,-0.009685205,-9.805098,0.001153885,0.006609285,0.0036062915
51524000,-0.0019847886,-0.010492607,-9.813925,0.0016310955,0.0069041336,0.004048504
51528000,-0.0021619545,-0.008501012,-9.814934,0.0026584256,0.008501554,0.003728158
51532000,0.002031227,-0.0070643495,-9.815935,0.0035668737,0.009504275,0.0033684166
51536000,0.0058351653,-0.008252004,-9.814802,0.0053537623,0.009562515,0.0038321055
51540000,0.0032125835,-0.0073875804,-9.813799,0.0074149794,0.01145076,0.0033575408
51544000,0.0026561373,-0.0024342297,-9.812996,0.009871032,0.013689097,0.0044723386
51548000,0.0015010072,0.00093269703,-9.806385,0.010871641,0.01313341,0.004339892
51552000,0.004011144,-0.00074525067,-9.809526,0.011384581,0.012813228,0.0036109367
51560000,0.005027783,-0.0044794865,-9.803924,0.014603253,0.014932801,0.0038947752
51564000,0.0051807472,-0.007485641,-9.817122,0.016697355,0.014860453,0.0036962517
51568000,0.0036863603,-0.005474395,-9.820772,0.01807082,0.0153314555,0.0032509498
51572000,-0.0021768133,-0.00033997526,-9.813409,0.019124437,0.015923152,0.0040162657
51576000,0.0029676433,-0.0016778104,-9.814116,0.02043119,0.016284827,0.004382772
51580000,0.00578768,-0.0015988452,-9.813175,0.021497164,0.017775804,0.004242633
51584000,0.0007878969,-0.0016401615,-9.805404,0.021562552,0.019776573,0.004123717
51588000,-0.0016786035,-0.004605186,-9.803926,0.0212666,0.019382523,0.0038866543
51592000,-0.0014333371,-0.006305086,-10.438149,0.019757042,0.01932777,0.0040292875
51596000,-0.00229591,0.0017971676,-11.560891,0.013611736,0.020310063,0.0045243944
51600000,0.003015941,0.012741409,-12.414341,-0.0029898104,0.021933284,0.004624875
51604000,0.0070365584,0.008190064,-13.055088,-0.03179877,0.024224974,0.0045095487
51608000,-0.0020937938,0.016196115,-13.494336,-0.074847065,0.028219277,0.004128532
51612000,-0.005342259,0.03142851,-13.792942,-0.13526937,0.034307666,0.0046247123
51616000,0.00074283127,0.04520051,-13.97833,-0.210061,0.04033032,0.0038816375
51620000,0.00378463,0.061146617,-14.0624275,-0.2982002,0.048655897,0.003500689
51624000,0.0034066471,0.06988844,-14.108887,-0.39729315,0.056755785,0.003893314
51628000,0.0050931433,0.080863066,-14.132917,-0.5032439,0.06557753,0.0049046413
51632000,0.0075150533,0.09360254,-14.151772,-0.6151458,0.07621484,0.0051542413
51636000,0.0046222256,0.10198705,-14.225368,-0.7289198,0.085200965,0.0032241233
51640000,0.01036757,0.105988346,-14.340967,-0.8408638,0.09350324,0.0042418865
51644000,0.01862292,0.113452055,-14.42255,-0.9478589,0.101884544,0.0054698954
51648000,0.013965695,0.112491906,-14.470386,-1.0480013,0.11030952,0.005377431
51652000,0.01789799,0.10713737,-14.497408,-1.1386416,0.11826303,0.0058153905
51656000,0.015890587,0.1106353,-14.48606,-1.2210782,0.12466466,0.0061280522
51660000,0.011349545,0.1233027,-14.441923,-1.2981173,0.12998705,0.0062494506
51664000,0.0152403265,0.12577975,-14.371438,-1.3686512,0.13586472,0.0064984886
51668000,0.016002448,0.11746702,-14.281332,-1.4361708,0.14124997,0.006563862
51672000,0.016447196,0.11675189,-14.221921,-1.4973136,0.14448468,0.006821426
51676000,0.009247477,0.12160378,-14.143393,-1.5512321,0.1482736,0.0068010464
51680000,0.017688073,0.12661798,-14.012263,-1.5981822,0.15200154,0.0067373905
51684000,0.021030772,0.12992254,-13.879914,-1.6373785,0.15458143,0.0077219172
51688000,0.014940671,0.12246947,-13.746178,-1.6728065,0.15698089,0.008429666
51692000,0.019004334,0.11617706,-13.602997,-1.7038949,0.15938377,0.00800729
51696000,0.0154820755,0.113251895,-13.456091,-1.7303468,0.16123866,0.0069370004
51700000,0.008219814,0.11129634,-13.309533,-1.7537289,0.16185226,0.007749907
51704000,0.007502801,0.11326109,-13.159447,-1.7745734,0.16314961,0.009088415
51708000,0.017502202,0.11203158,-12.998573,-1.7917018,0.16384915,0.009030017
51712000,0.020765273,0.108942814,-12.844238,-1.804642,0.16477077,0.009160166
51716000,0.017620187,0.10660668,-12.688755,-1.8126085,0.16483359,0.008586441
51720000,0.020256221,0.10671449,-12.529882,-1.8146305,0.16388977,0.008266295
51724000,0.023610137,0.10454314,-12.373317,-1.8123137,0.16375703,0.008925841
51728000,0.024712527,0.09711311,-12.220759,-1.8075256,0.16328676,0.0093503
51732000,0.016996548,0.095169455,-12.072454,-1.8016466,0.16282687,0.010817482
51736000,0.008931078,0.10191011,-11.910682,-1.7948979,0.1616415,0.01183907
51740000,0.0071197003,0.095458515,-11.748884,-1.78627,0.15842076,0.011543728
51744000,0.012684682,0.08657888,-11.599236,-1.7769672,0.15675977,0.011888703
51748000,0.014799807,0.087191366,-11.4562845,-1.7649693,0.15494627,0.011911799
51752000,0.012279016,0.08445614,-11.317358,-1.7479234,0.15251102,0.01131386
51756000,0.009763795,0.07933947,-11.180523,-1.729501,0.15061636,0.011080071
51760000,0.0063361432,0.079983905,-11.04706,-1.7086911,0.14812222,0.011401199
51764000,0.013620093,0.07817431,-10.915426,-1.6843042,0.14567256,0.0116689205
51768000,0.017134942,0.07844484,-10.791288,-1.6598651,0.14205931,0.012431968
51772000,0.009549785,0.07488657,-10.668869,-1.6364808,0.13833947,0.0125
51776000,0.0042998088,0.06043729,-10.542648,-1.6131518,0.13654608,0.012274412
51780000,0.007996486,0.057219934,-10.430763,-1.5893016,0.13578077,0.013633191
51784000,0.0084657,0.06059488,-10.326495,-1.5645077,0.13387708,0.013799886
51788000,0.007958027,0.060427442,-10.214649,-1.537628,0.13023531,0.013996729
51792000,0.0038605416,0.061999854,-10.109308,-1.5089586,0.1267905,0.014733988
51796000,0.004445534,0.060289875,-10.017229,-1.47914,0.12363735,0.01465297
51800000,0.010684253,0.055800162,-9.932968,-1.4472022,0.12001496,0.01529674
51804000,0.012488395,0.05115968,-9.843918,-1.4134996,0.116969034,0.015204482
51808000,0.015508127,0.050765295,-9.755268,-1.3805648,0.11407936,0.013513948
51812000,0.0048217564,0.05401975,-9.665314,-1.3494687,0.11056264,0.014217453
51816000,0.0025759735,0.05397917,-9.58573,-1.3192083,0.106605045,0.015859287
51820000,0.006539344,0.05481828,-9.521133,-1.2880536,0.104425065,0.01579143
51824000,0.0013606744,0.056265306,-9.4440975,-1.2557619,0.101596706,0.015854934
51828000,0.006291865,0.05195122,-9.379397,-1.2244697,0.09918739,0.016006786
51832000,0.00801278,0.042981133,-9.333809,-1.1932452,0.09651262,0.016209379
51836000,0.006051764,0.04063965,-9.270069,-1.1592916,0.09251341,0.016642284
51840000,0.007838199,0.04163862,-9.209837,-1.124779,0.08924338,0.016568393
51844000,0.0063721216,0.0450435,-9.15877,-1.090874,0.085072435,0.016053246
51848000,0.0066853715,0.047128756,-9.115661,-1.0570664,0.08139566,0.0166114
51852000,0.008125537,0.04762205,-9.07873,-1.0233996,0.07809105,0.017791186
51856000,0.013709104,0.04919763,-9.030973,-0.9905818,0.07428604,0.018338086
51860000,0.011450518,0.048156075,-8.986053,-0.9598931,0.07163302,0.017890926
51864000,0.006748425,0.046219308,-8.949776,-0.92924416,0.069754265,0.01725788
51868000,0.015612652,0.04363565,-8.923623,-0.8982209,0.06716553,0.018292977
51872000,0.01196483,0.04759956,-8.901509,-0.8680242,0.064020485,0.018912936
51876000,0.0097136265,0.046428353,-8.871338,-0.8372195,0.061295696,0.01821012
51880000,0.011556646,0.039153103,-8.842808,-0.80558735,0.05928799,0.017951572
51884000,0.012523571,0.03810957,-8.8210125,-0.7734069,0.05637611,0.017701907
51888000,0.015471959,0.039979223,-8.811285,-0.7410309,0.053292766,0.019074365
51892000,0.009240809,0.042962298,-8.794569,-0.7104158,0.04972116,0.020598365
51896000,0.010443676,0.048392594,-8.771566,-0.68069154,0.04670877,0.01978368
51900000,0.010221944,0.052279584,-8.758583,-0.6522435,0.045764707,0.019430688
51904000,0.009120002,0.048259474,-8.749441,-0.6235707,0.043446466,0.018977528
51908000,0.013171012,0.05107493,-8.7387085,-0.59509015,0.04030731,0.017487401
51912000,0.009426296,0.05724412,-8.733662,-0.5676531,0.037210543,0.01694131
51916000,0.006862838,0.051485978,-8.732036,-0.54115427,0.03459036,0.01801644
51920000,0.0056313174,0.045372207,-8.728763,-0.51419824,0.033428874,0.018286351
51924000,0.008170788,0.04483169,-8.732373,-0.48645604,0.031663425,0.018221565
51928000,0.0140418755,0.042939544,-8.732506,-0.45902896,0.028410597,0.018916413
51932000,0.0064422647,0.048820492,-8.726332,-0.4322323,0.026178543,0.019785095
51936000,0.008031276,0.052169546,-8.729836,-0.4081797,0.02431477,0.019635208
51940000,0.008947594,0.05095997,-8.739683,-0.38329905,0.02153642,0.018031327
51944000,0.010254125,0.04904903,-8.740066,-0.3599216,0.019283323,0.018507563
51948000,0.01707834,0.045810383,-8.741482,-0.3384027,0.017754195,0.018802114
51952000,0.010740609,0.04854941,-8.754859,-0.31551477,0.014911729,0.01858362
51956000,0.011480395,0.051889237,-8.767744,-0.29272062,0.012055749,0.017992286
51960000,0.009630647,0.05157497,-8.777021,-0.2708652,0.01036838,0.018133515
51964000,0.0025873242,0.058005024,-8.790328,-0.24925388,0.008988849,0.018472573
51968000,0.005726939,0.058883045,-8.795799,-0.22708292,0.0076864073,0.017366115
51972000,0.017148023,0.05607361,-8.800319,-0.20589067,0.0062166858,0.017422378
51976000,0.019176858,0.06014541,-8.818207,-0.18637466,0.005555969,0.017820759
52004000,0.011208166,0.063415855,-8.874496,-0.11013424,-0.0012198424,0.01738121
52008000,0.009842633,0.06698731,-8.938147,-0.03950829,-0.0071456595,0.017172359
52012000,0.013941474,0.075334586,-8.947788,-0.02284025,-0.007919474,0.017173173
52016000,0.015188066,0.07238324,-8.981691,-0.006109601,-0.008565393,0.016896676
52020000,0.011778997,0.068633854,-9.034524,0.010833534,-0.0103307925,0.016674448
52024000,0.0076004877,0.07344101,-9.077408,0.02771314,-0.012197487,0.016844155
52028000,0.013047732,0.08455062,-9.102348,0.04326975,-0.013778722,0.016653972
52032000,0.020106051,0.08583328,-9.124472,0.05975777,-0.015177162,0.016119117
52036000,0.019717531,0.08004067,-9.154247,0.0765243,-0.016155422,0.015022951
52040000,0.0115907965,0.08348845,-9.176632,0.09171897,-0.016902503,0.015192259
52044000,0.01581558,0.07999352,-9.192371,0.10691549,-0.018221812,0.01614518
52048000,0.020958878,0.0837551,-9.206034,0.12285652,-0.019884232,0.015628815
52052000,0.008777941,0.09483496,-9.222166,0.14032604,-0.021455148,0.015106867
52056000,0.008421065,0.09077639,-9.235261,0.15571752,-0.022346787,0.014546776
52060000,0.014568232,0.08501572,-9.253014,0.16856481,-0.023743592,0.014156506
52064000,0.011687066,0.08321096,-9.263782,0.18282244,-0.024819134,0.013620582
52068000,0.00971999,0.088387676,-9.275679,0.19644128,-0.026823763,0.013651866
52072000,0.009314232,0.08878091,-9.295062,0.20870782,-0.028181193,0.013084033
52076000,0.012168834,0.09153853,-9.311137,0.22145769,-0.028129868,0.01279286
52080000,0.02470139,0.09506606,-9.321035,0.23419039,-0.030812608,0.013037938
52084000,0.020899154,0.0961931,-9.328743,0.24480507,-0.033378743,0.012539267
52088000,0.009472756,0.10150083,-9.339985,0.25524256,-0.033727914,0.012401286
52092000,0.0141109815,0.09907492,-9.3555155,0.26599044,-0.034584433,0.0114875445
52096000,0.01442978,0.099573,-9.366971,0.27500993,-0.03546313,0.010501212
52100000,0.01780657,0.103495635,-9.37694,0.28326833,-0.036154635,0.011161287
52104000,0.018282207,0.10373804,-9.398539,0.29279664,-0.03704261,0.010854171
52108000,0.015839148,0.09879385,-9.4177685,0.3030032,-0.03815981,0.010524673
52112000,0.01758603,0.09889139,-9.417026,0.3117885,-0.040119257,0.011221794
52116000,0.018719861,0.10410683,-9.43154,0.3210488,-0.04121762,0.010019764
52120000,0.01581317,0.107630186,-9.453301,0.33048332,-0.04126401,0.009614432
52124000,0.013820576,0.11739518,-9.46221,0.33877727,-0.04268822,0.010111117
52128000,0.012251743,0.12025704,-9.470571,0.3461754,-0.04459871,0.009457023
52132000,0.009172033,0.11677776,-9.486284,0.3534278,-0.04504304,0.00896525
52136000,0.016819268,0.11619136,-9.496738,0.36113647,-0.046092514,0.008021455
52140000,0.018301131,0.11171261,-9.50596,0.36737657,-0.047466487,0.008097281
52144000,0.014248429,0.11721177,-9.522733,0.37283257,-0.047522996,0.008946672
52148000,0.015152894,0.12698068,-9.5329685,0.37828603,-0.048844084,0.008104296
52152000,0.018554967,0.12714013,-9.54427,0.38377362,-0.052016865,0.0075668017
52156000,0.021617027,0.12838733,-9.559763,0.38932014,-0.053443648,0.007921337
52160000,0.020028172,0.12808041,-9.578491,0.3953728,-0.054212987,0.0073177605
52164000,0.014219483,0.1192639,-9.59144,0.40158314,-0.05547369,0.0061528618
52168000,0.013531147,0.12557377,-9.589983,0.40747517,-0.05632262,0.0055323825
52172000,0.014291388,0.14548089,-9.586102,0.4125602,-0.05693479,0.0058719157
52176000,0.018462557,0.14400414,-9.583732,0.41656157,-0.058329154,0.0055230423
52180000,0.025389677,0.13057822,-9.580593,0.4203389,-0.05939196,0.0048376042
52184000,0.026523722,0.1325507,-9.582584,0.4247468,-0.06052727,0.004903845
52188000,0.020321043,0.14039864,-9.585489,0.4294763,-0.061162654,0.004901754
52196000,0.014765987,0.1397164,-9.574322,0.43829075,-0.06381756,0.0043079224
52200000,0.013547987,0.14733182,-9.577537,0.4424043,-0.06566578,0.0033255056
52204000,0.019123673,0.15296581,-9.57032,0.44676876,-0.06759415,0.0037642415
52208000,0.011098698,0.14791593,-9.565376,0.45114952,-0.069279134,0.0039133164
52212000,0.0105638765,0.14470679,-9.570625,0.45487827,-0.0712415,0.0035002572
52216000,0.01756227,0.15156622,-9.575287,0.45790398,-0.07244955,0.0030324059
52220000,0.021921173,0.15067911,-9.579687,0.46076936,-0.0740425,0.003045874
52224000,0.0155589515,0.1419495,-9.575674,0.46270758,-0.07579071,0.002818877
52228000,0.013547527,0.1486937,-9.571611,0.46434706,-0.077715784,0.0027367324
52232000,0.02373322,0.1575057,-9.573352,0.46592802,-0.07980372,0.0026704778
52236000,0.020841239,0.1596297,-9.572119,0.46625137,-0.081425555,0.0024830548
52240000,0.01764424,0.1617675,-9.573984,0.46736997,-0.08274075,0.0026227953
52244000,0.015976645,0.15351957,-9.571956,0.46959746,-0.08381948,0.00234157
52248000,0.01193906,0.158869,-9.573519,0.4709301,-0.08599189,0.0017824742
52252000,0.012749815,0.16634896,-9.575029,0.47086063,-0.08789615,0.001526953
52260000,0.028016973,0.17006296,-9.579579,0.47304964,-0.09018299,-0.00016589955
52264000,0.021925863,0.16351476,-9.581621,0.47308025,-0.091324404,0.0003543219
52268000,0.018170852,0.16959077,-9.583664,0.47229466,-0.09425993,-0.00011615908
52276000,0.02222234,0.17031865,-9.57839,0.47275448,-0.09672978,-0.0010004791
52280000,0.02301177,0.16695382,-9.581537,0.47294116,-0.0979039,-0.00068150886
52284000,0.028631922,0.16751781,-9.590742,0.4736266,-0.099322446,-0.00112423
52288000,0.026720129,0.17818148,-9.598608,0.47361514,-0.100338005,-0.001585905
52292000,0.026225604,0.18032205,-9.599472,0.4735416,-0.1018082,-0.0015914956
52296000,0.02668447,0.17983611,-9.601076,0.4738813,-0.10299597,-0.0006903271
52300000,0.020777158,0.18916203,-9.604198,0.47418112,-0.104419306,-0.0003264824
52304000,0.017933806,0.19078928,-9.6021,0.4737825,-0.10547711,-0.00080893753
52308000,0.0161091,0.18262681,-9.60671,0.47296602,-0.10695857,-0.001142677
52312000,0.019207258,0.18086654,-9.60858,0.47180063,-0.10863387,-0.0013545689
52316000,0.019008007,0.18685149,-9.607047,0.47110057,-0.10900686,-0.0017643074
52320000,0.019455217,0.18625009,-9.61239,0.46997726,-0.11103132,-0.0009935191
52324000,0.027592491,0.18808004,-9.617735,0.46874818,-0.11226048,-0.0016031403
52328000,0.025975373,0.19400828,-9.625378,0.4687018,-0.11177594,-0.0029958289
52332000,0.025739294,0.19564678,-9.623973,0.4676676,-0.11242686,-0.0026097188
52336000,0.02728426,0.19421692,-9.618916,0.46707875,-0.11362743,-0.00242711
52340000,0.022747831,0.19446489,-9.622316,0.466808,-0.11516636,-0.002634298
52344000,0.023666032,0.19918157,-9.631336,0.46521407,-0.11617114,-0.0025353925
52348000,0.021902654,0.20283538,-9.635546,0.46404973,-0.117803484,-0.0027059806
52352000,0.021511968,0.20004795,-9.637594,0.46253717,-0.11942596,-0.0029312635
52356000,0.025383059,0.20168889,-9.648972,0.46003255,-0.120256856,-0.0030040634
52360000,0.028966013,0.20249204,-9.645959,0.4590706,-0.122058384,-0.0031545262
52364000,0.025516566,0.20664959,-9.643375,0.4592953,-0.12236956,-0.0036430135
52368000,0.022474084,0.20865734,-9.64632,0.4582988,-0.1227366,-0.0035357731
52372000,0.019489704,0.20806238,-9.652816,0.45733488,-0.12347444,-0.0037352683
52376000,0.023860317,0.21275812,-9.659879,0.45718342,-0.123483986,-0.00406251
52380000,0.027451418,0.21221693,-9.66587,0.45638508,-0.12446546,-0.0035632732
52384000,0.023717456,0.21287674,-9.669098,0.4550772,-0.12622307,-0.0031392586
52388000,0.023164168,0.21664521,-9.663485,0.45333672,-0.12688553,-0.0029674051
52392000,0.0151923075,0.2163011,-9.664821,0.4516447,-0.12788218,-0.003940198
52396000,0.015191443,0.21725407,-9.667916,0.44998986,-0.12922004,-0.0043004216
52400000,0.024841283,0.21958882,-9.670898,0.44914162,-0.12984999,-0.003956456
52404000,0.028300013,0.22125602,-9.676044,0.44865417,-0.13116133,-0.0040195445
52408000,0.029037371,0.22087798,-9.6800995,0.44783586,-0.13142379,-0.0033795605
52412000,0.031356826,0.22221637,-9.681181,0.4470862,-0.13158159,-0.0030504777
52416000,0.026309662,0.22785091,-9.688508,0.44619042,-0.13189095,-0.003952609
52420000,0.02366617,0.22410467,-9.696359,0.44501495,-0.13183333,-0.004396303
52424000,0.028284227,0.22664486,-9.700906,0.44338515,-0.13353716,-0.003953911
52428000,0.022676116,0.22715259,-9.707724,0.4416201,-0.1349283,-0.0036823046
52432000,0.019911665,0.22439714,-9.709116,0.4397046,-0.13616134,-0.0039557414
52436000,0.023033034,0.23150016,-9.712585,0.43764493,-0.13682483,-0.004745875
52440000,0.020569228,0.23722687,-9.715551,0.43611315,-0.13610148,-0.005517171
52444000,0.01924147,0.23144008,-9.70877,0.43489534,-0.13751283,-0.005222929
52448000,0.013484803,0.2255627,-9.709654,0.43396038,-0.13888234,-0.0037809995
52452000,0.018186545,0.23000473,-9.719934,0.43320888,-0.13787766,-0.0036560937
52456000,0.027272498,0.2335079,-9.726079,0.4319799,-0.13769822,-0.005027093
52460000,0.027042829,0.23586816,-9.728413,0.4314038,-0.13828312,-0.0049214587
52464000,0.027117519,0.24044366,-9.726416,0.42955267,-0.13841335,-0.0054733665
52468000,0.021792121,0.2420558,-9.73259,0.42751965,-0.13856724,-0.006418177
52472000,0.020871611,0.2354809,-9.741285,0.42563936,-0.13980678,-0.0056094765
52476000,0.026945278,0.2369288,-9.735762,0.42290872,-0.13972591,-0.006082013
52480000,0.026944738,0.24314837,-9.738995,0.42127985,-0.13970073,-0.0061316052
52484000,0.021056388,0.24296275,-9.744146,0.4199443,-0.1405704,-0.004474178
52488000,0.017888805,0.24392983,-9.747572,0.4176804,-0.14001298,-0.004846269
52492000,0.022542184,0.24599838,-9.754346,0.4155791,-0.13916226,-0.00635201
52496000,0.024207216,0.25059196,-9.748268,0.41456664,-0.13851821,-0.006286874
52500000,0.016233847,0.2563579,-9.7492695,0.4129635,-0.13887334,-0.006191163
52504000,0.02000448,0.25762513,-9.755221,0.40975475,-0.1391039,-0.006092879
52508000,0.028500576,0.25619218,-9.759203,0.40736687,-0.13915616,-0.0057488447
52512000,0.03362381,0.25037152,-9.762224,0.40644073,-0.13948189,-0.006011164
52516000,0.0346247,0.248089,-9.76746,0.40408465,-0.13888447,-0.0053794864
52520000,0.028212834,0.25216872,-9.774426,0.40071353,-0.13837475,-0.004440955
52524000,0.028092492,0.25216883,-9.770487,0.3992527,-0.13964714,-0.0048460593
52528000,0.024027143,0.2499618,-9.771703,0.39881256,-0.14017683,-0.005943771
52532000,0.020433567,0.2497459,-9.780018,0.39750397,-0.14025761,-0.0057253856
52536000,0.021053791,0.25782567,-9.782638,0.39595023,-0.13871406,-0.0056131715
52540000,0.020942505,0.26540285,-9.784166,0.39481387,-0.13730808,-0.0063805934
52544000,0.030073028,0.25597128,-9.777415,0.39346603,-0.13748163,-0.0057493104
52548000,0.02964373,0.2611044,-9.780043,0.38986605,-0.13730656,-0.0042366325
52552000,0.026683284,0.27057722,-9.789913,0.38600406,-0.1365389,-0.0034792232
52556000,0.032087196,0.2679235,-9.791601,0.38373137,-0.13566516,-0.003962314
52560000,0.034073427,0.26974684,-9.78766,0.3807783,-0.13488121,-0.0040841764
52564000,0.026006328,0.2633289,-9.788365,0.37795904,-0.13400453,-0.004986999
52568000,0.015613696,0.25879222,-9.794798,0.3764592,-0.13365325,-0.005604152
52572000,0.021747256,0.25807875,-9.796614,0.3758274,-0.13293163,-0.0054626535
52576000,0.022865538,0.26598912,-9.8030815,0.3740859,-0.13254578,-0.00543075
52580000,0.022096422,0.26808384,-9.809211,0.3717763,-0.13213377,-0.004590119
52584000,0.024203151,0.26406112,-9.81341,0.3692469,-0.1309089,-0.004396082
52588000,0.023925908,0.2656748,-9.813395,0.3654702,-0.1294954,-0.004873599
52592000,0.027576417,0.26678434,-9.814512,0.36350015,-0.12932788,-0.00526154
52596000,0.028013695,0.2640946,-9.820005,0.36150125,-0.12931082,-0.0053459834
52600000,0.027386121,0.26684836,-9.816722,0.35884446,-0.12863544,-0.00554725
52604000,0.025372714,0.2730417,-9.812384,0.35721698,-0.1273519,-0.0048610237
52608000,0.025785401,0.27126715,-9.821459,0.35407126,-0.12625796,-0.0033803785
52612000,0.029907538,0.27507892,-9.820463,0.3515687,-0.12591942,-0.004405518
52616000,0.029346824,0.27771276,-9.823526,0.34996748,-0.12484516,-0.005921921
52620000,0.028944273,0.27795428,-9.832871,0.34824857,-0.12391882,-0.005850404
52624000,0.03140852,0.27757847,-9.82756,0.34684977,-0.122994795,-0.0052687093
52628000,0.028479354,0.27455437,-9.824745,0.34390458,-0.12207717,-0.004195271
52632000,0.028787723,0.28163022,-9.833945,0.34111825,-0.121237636,-0.0036936672
52636000,0.027751071,0.29282907,-9.837806,0.33929613,-0.12055811,-0.004608354
52640000,0.026432548,0.2873058,-9.833233,0.33705527,-0.11944672,-0.0052654264
52644000,0.026739985,0.2864061,-9.831676,0.33405834,-0.11793941,-0.0047803945
52648000,0.025252767,0.2880873,-9.83655,0.33205172,-0.117212415,-0.0049039293
52652000,0.025203317,0.28328955,-9.841974,0.3306073,-0.115073785,-0.0050401106
52660000,0.029445812,0.2804279,-9.839401,0.32546407,-0.11327886,-0.004406732
52664000,0.026407994,0.28622106,-9.845833,0.32294726,-0.11211424,-0.0042005824
52668000,0.02268543,0.29220855,-9.843995,0.3199895,-0.11041615,-0.0045030005
52672000,0.027382433,0.28298125,-9.843508,0.31759804,-0.1101535,-0.0046526105
52676000,0.028762816,0.28549802,-9.843954,0.31484443,-0.109728664,-0.0035208522
52680000,0.02806529,0.28997898,-9.850559,0.31279126,-0.107990324,-0.0026602224
52684000,0.02407899,0.28742898,-9.854822,0.31084666,-0.107926965,-0.0034828985
52688000,0.023895979,0.2869994,-9.848321,0.3078766,-0.10700193,-0.0053355717
52692000,0.027044347,0.2929179,-9.852636,0.30588567,-0.105317324,-0.0055636703
52696000,0.026326112,0.2908876,-9.857133,0.30419707,-0.10460072,-0.004073623
52700000,0.021800732,0.28433895,-9.850922,0.30163684,-0.10262476,-0.0032030288
52704000,0.021318182,0.29420015,-9.853842,0.3002913,-0.10051777,-0.0031755944
52708000,0.027915407,0.29503137,-9.860647,0.29827094,-0.09960557,-0.002633182
52712000,0.02640172,0.30157584,-9.858657,0.29473016,-0.09787304,-0.00222782
52716000,0.029185236,0.30524123,-9.855446,0.29260224,-0.096003436,-0.003070592
52720000,0.029047381,0.2952925,-9.859155,0.2910872,-0.09556102,-0.0034704134
52724000,0.01838731,0.2961021,-9.851773,0.28926727,-0.09373079,-0.002877345
52728000,0.014516456,0.2948435,-9.852204,0.28686816,-0.093008995,-0.003445488
52732000,0.02143104,0.29416567,-9.864137,0.2841309,-0.09222089,-0.004652987
52736000,0.023835275,0.30277264,-9.866253,0.28316402,-0.09001577,-0.0048628477
52740000,0.022387763,0.30641115,-9.867731,0.28160772,-0.08780968,-0.0040490795
52744000,0.024504399,0.30863354,-9.869243,0.27967927,-0.08647054,-0.0034120139
52748000,0.023518011,0.31233603,-9.865494,0.27784327,-0.08613102,-0.0029569792
52752000,0.02363104,0.30439383,-9.861738,0.27516112,-0.08427011,-0.0030446872
52756000,0.028227333,0.30077332,-9.865622,0.2719533,-0.0838308,-0.003925684
52760000,0.023549886,0.30675203,-9.872095,0.2683544,-0.08276122,-0.002984742
52764000,0.027477294,0.30801004,-9.87068,0.26619107,-0.08087807,-0.0025176317
52768000,0.036469415,0.30188662,-9.871662,0.26345545,-0.079874516,-0.0029576162
52772000,0.029343063,0.29974204,-9.873901,0.26030892,-0.07915966,-0.0027392434
52776000,0.025969196,0.3039436,-9.878291,0.2589441,-0.07855338,-0.0030300831
52780000,0.02758269,0.30545965,-9.879213,0.2571506,-0.07684057,-0.0032360626
52784000,0.027764698,0.30517218,-9.877909,0.2549603,-0.07445815,-0.0027330047
52788000,0.030015925,0.30594787,-9.882933,0.25307673,-0.07259662,-0.0023403515
52792000,0.026128095,0.30680627,-9.875317,0.25195745,-0.071126476,-0.002648667
52796000,0.01994276,0.31229642,-9.870724,0.24953139,-0.06921419,-0.0024961303
52800000,0.01777063,0.3153417,-9.873763,0.247299,-0.06818356,-0.003068025
52804000,0.021341763,0.3161745,-9.874516,0.24648719,-0.0675112,-0.0030428788
52808000,0.027846042,0.3123825,-9.874807,0.24457777,-0.06557536,-0.0030599246
52812000,0.024373675,0.30885547,-9.87612,0.24156283,-0.06363217,-0.0033374284
52816000,0.025765145,0.31309286,-9.882586,0.23929116,-0.061925028,-0.0029746443
52820000,0.033872448,0.31354088,-9.884749,0.23838219,-0.060169026,-0.0023509886
52824000,0.032579932,0.31214482,-9.883672,0.23561868,-0.058485895,-0.001866747
52828000,0.019588415,0.3142661,-9.889346,0.23297632,-0.056899346,-0.0019586897
52832000,0.013139097,0.32777625,-9.894228,0.23088956,-0.055407338,-0.0018530441
52836000,0.017218167,0.32416227,-9.888664,0.2286159,-0.05431251,-0.002796582
52840000,0.017084608,0.316448,-9.880104,0.22658852,-0.054075,-0.002536219
52844000,0.02015436,0.3161419,-9.881269,0.22381212,-0.052929223,-0.0015731005
52848000,0.021956064,0.31997475,-9.885527,0.22090785,-0.050703242,-0.001355313
52852000,0.018182889,0.31927893,-9.886032,0.21871577,-0.049031753,-0.00074677763
52856000,0.0150309345,0.31369108,-9.883371,0.21753295,-0.04764594,-0.0009642439
52860000,0.016392712,0.3197107,-9.889414,0.21636987,-0.046163093,-0.0011256787
52864000,0.020288622,0.32289225,-9.889395,0.2141192,-0.044210117,-0.0014925497
52868000,0.028048838,0.32718593,-9.882349,0.21220165,-0.043572813,-0.002017119
52872000,0.03004364,0.32672146,-9.886816,0.21024059,-0.042168666,-0.0011600028
52876000,0.022728154,0.3210704,-9.889282,0.20885977,-0.038393967,-0.0014812686
52880000,0.019547569,0.312554,-9.885836,0.2075216,-0.037788387,-0.0023245949
52884000,0.025093501,0.315908,-9.888994,0.20478147,-0.0383525,-0.0020293144
52888000,0.021500021,0.32343373,-9.88816,0.20240277,-0.036807355,-0.0013099283
52892000,0.021227472,0.32281023,-9.883144,0.20142382,-0.035570033,-0.0010628044
52896000,0.0248897,0.3255914,-9.888973,0.20058082,-0.03353807,-0.0016635798
52900000,0.024917673,0.3241384,-9.891015,0.19729818,-0.031386204,-0.0023859947
52904000,0.025576606,0.32181704,-9.884977,0.1950252,-0.031091938,-0.002373018
52908000,0.023548478,0.32433262,-9.886276,0.19381939,-0.029471844,-0.0013839322
52912000,0.02434047,0.32360512,-9.884111,0.19068232,-0.028126806,-0.0017460781
52916000,0.025681779,0.32258457,-9.883677,0.18897471,-0.02743019,-0.0020506321
52920000,0.021909429,0.3240428,-9.883908,0.1875394,-0.026094059,-0.0013483717
52924000,0.017239854,0.3260343,-9.885826,0.18497697,-0.024737196,-0.0013614473
52928000,0.022057861,0.32636958,-9.888235,0.18338396,-0.02257746,-0.0014485463
52932000,0.023156421,0.32060492,-9.884481,0.181757,-0.02083388,-0.0009768176
52936000,0.024876714,0.3207511,-9.885132,0.17918266,-0.019071493,-0.0013165906
52940000,0.02764064,0.32749835,-9.879271,0.17716874,-0.017643103,-0.0015523281
52944000,0.026833218,0.3266512,-9.877478,0.1762685,-0.016709266,-0.0010462551
52948000,0.019857066,0.32296404,-9.885185,0.17397402,-0.01443926,-0.00090913597
52952000,0.018168224,0.32355928,-9.886665,0.17225239,-0.013506708,-0.00027644497
52956000,0.026891952,0.33064294,-9.882778,0.17038807,-0.014186349,-0.00073726627
52960000,0.02707775,0.338601,-9.880794,0.16762348,-0.013098926,-0.0021833582
52964000,0.021609902,0.33309206,-9.877071,0.16576889,-0.010894637,-0.0020374977
52968000,0.025066022,0.31888434,-9.884731,0.16425648,-0.008737855,-0.0010716729
52972000,0.018605106,0.32361996,-9.891333,0.16302554,-0.0073881056,-0.0012328721
52976000,0.013524345,0.3305918,-9.884634,0.16164553,-0.005821486,-0.0015991968
52980000,0.015862854,0.32829088,-9.878977,0.1604541,-0.00442474,-0.00069257955
52984000,0.014434343,0.33508065,-9.875822,0.15883997,-0.0042573377,-0.0008245893
52988000,0.01911482,0.33286664,-9.877317,0.1572344,-0.002765236,-0.0016098653
52992000,0.017929768,0.32677534,-9.874407,0.15505181,-0.0010653874,-0.0013775104
52996000,0.014387238,0.33717185,-9.87789,0.1534031,-0.0005783879,-0.0007961892
53000000,0.015897015,0.3393522,-9.887806,0.15104157,0.0007049446,-0.00033449472
53004000,0.02259066,0.32732075,-9.885956,0.14893803,0.0019645568,-0.00044758074
53008000,0.021059148,0.32175216,-9.882742,0.14732003,0.003065897,-0.0005522037
53012000,0.022118464,0.32855272,-9.882702,0.14605892,0.0040161638,-7.2635725e-05
53016000,0.030629234,0.33451843,-9.885689,0.1447964,0.0058588837,0.0001903664
53020000,0.025541805,0.3377802,-9.890106,0.14275432,0.0074359765,0.00025393916
53024000,0.01303612,0.3370419,-9.883926,0.1420548,0.008774266,-0.00021889506
53028000,0.02000791,0.33083457,-9.876498,0.14019156,0.009647972,-0.0010967724
53032000,0.022748888,0.3299967,-9.883308,0.13837063,0.010475676,-0.0011392222
53036000,0.019340232,0.3336998,-9.890326,0.13729477,0.012541972,-0.00024771152
53040000,0.023456588,0.33772147,-9.884976,0.13501152,0.012931519,5.2411542e-05
53044000,0.021928668,0.3368624,-9.880057,0.13384536,0.013085974,-0.00082012726
53048000,0.02061921,0.3405332,-9.879904,0.13242376,0.01380372,-0.00081574
53052000,0.020928383,0.34072182,-9.880041,0.13083161,0.014236598,-2.5063862e-05
53056000,0.015741317,0.3394513,-9.881012,0.12885574,0.014485418,7.601465e-05
53060000,0.014848793,0.3327141,-9.882534,0.12698261,0.015502857,-4.9981554e-05
53064000,0.017616002,0.32575372,-9.877936,0.12664157,0.017356947,-0.0006757194
53068000,0.010973878,0.33396864,-9.877741,0.12609443,0.017752599,-0.0010437779
53072000,0.012186813,0.34040412,-9.879453,0.12504034,0.018709192,-0.0007145883
53076000,0.016326224,0.3375664,-9.8768835,0.1222391,0.020405006,-0.00055645674
53080000,0.018175405,0.33821207,-9.87457,0.12017788,0.020634249,-0.0015063391
53084000,0.01809774,0.34198695,-9.868418,0.11835699,0.021705091,-0.0019974886
53088000,0.016201535,0.3369099,-9.869091,0.11644095,0.023606455,-0.001395283
53092000,0.021327965,0.33467147,-9.874528,0.1169669,0.023849804,-0.0007520926
53096000,0.017927174,0.33306617,-9.874039,0.11702475,0.022655439,-0.0003056544
53100000,0.019216303,0.33020085,-9.870369,0.1148155,0.023327047,-0.00045832596
53104000,0.01843497,0.33844635,-9.87182,0.11307892,0.025125027,-0.0005665152
53108000,0.006136952,0.33963662,-9.875446,0.1114115,0.026155086,-0.0008126739
53112000,0.009278594,0.33408988,-9.874099,0.109493986,0.027706392,-0.0022942699
53116000,0.015096374,0.33114153,-9.869543,0.10871728,0.02884419,-0.0025969993
53120000,0.021676427,0.33364218,-9.8666725,0.10737378,0.029178841,-0.0010921784
53124000,0.018101497,0.34098035,-9.868681,0.10606143,0.029833103,-0.0009495789
53128000,0.011701582,0.3431302,-9.87368,0.10459507,0.030277723,-0.0012235438
53132000,0.017826105,0.3363319,-9.873516,0.10223179,0.030279988,-0.0025176436
53136000,0.020000916,0.33580512,-9.868,0.1008047,0.030670937,-0.0022829296
53140000,0.016093265,0.33741933,-9.868603,0.10022878,0.03132213,-0.00077397824
53144000,0.012590433,0.3347845,-9.867027,0.09933743,0.031191146,-0.0007618638
53148000,0.009338803,0.34501672,-9.862135,0.09797412,0.032075956,-0.00102529
53152000,0.012993473,0.35272878,-9.860986,0.096729346,0.03336743,-0.00060961785
53156000,0.01948253,0.34677225,-9.86042,0.095119454,0.034131963,-0.0010242477
53160000,0.01529851,0.3480547,-9.860811,0.09349334,0.03467908,-0.0015420849
53164000,0.01606512,0.34854233,-9.866072,0.092902474,0.035302974,-0.0012538278
53168000,0.016298512,0.34564513,-9.86998,0.09134377,0.035866138,-0.0008622
53172000,0.0105078975,0.3412654,-9.871238,0.089236945,0.03657254,-0.0009933804
53176000,0.017089989,0.33335567,-9.869783,0.08854396,0.03813182,-0.0016748265
53180000,0.020862978,0.33546582,-9.858818,0.08647616,0.03895518,-0.00080276834
53184000,0.009739729,0.33283687,-9.852863,0.085141875,0.038661554,-0.00045857695
53188000,0.010426059,0.33552492,-9.861807,0.08513701,0.03871419,-0.00084724335
53192000,0.016655486,0.3422097,-9.868959,0.084201455,0.03969341,-0.0010142025
53196000,0.012171936,0.34441942,-9.865139,0.08282568,0.039947126,-0.0013630495
53204000,0.015282087,0.34411967,-9.867587,0.079238765,0.039402355,-0.0011099423
53208000,0.0096247755,0.34306142,-9.864607,0.07899797,0.04018944,-0.00026958855
53212000,0.008339636,0.34899974,-9.862429,0.078506194,0.040899884,-0.0009498977
53216000,0.011374428,0.34785518,-9.860418,0.07575252,0.040781986,-0.0016397459
53220000,0.014758389,0.3484048,-9.858973,0.07523826,0.041730758,-0.0015043386
53224000,0.016317371,0.34686834,-9.862618,0.07484653,0.041841395,-0.0015034784
53228000,0.012599681,0.33635184,-9.872004,0.07227596,0.041755494,-0.002242554
53232000,0.010718081,0.34296092,-9.866545,0.071928956,0.043024816,-0.0028055932
53236000,0.012454165,0.34820807,-9.863952,0.07154521,0.043656807,-0.0019893432
53240000,0.014797777,0.3469131,-9.870693,0.06976931,0.044416964,-0.0006649905
53244000,0.012091235,0.3451267,-9.863489,0.06858479,0.044321544,-0.0013269334
53248000,0.012385404,0.34170684,-9.847796,0.06858988,0.043729644,-0.0023030797
53252000,0.016923908,0.346273,-9.848507,0.06726741,0.043133754,-0.0012796207
53256000,0.017749902,0.35004386,-9.865309,0.064003795,0.043516647,-0.0013046706
53260000,0.0154716,0.34542835,-9.870094,0.0637265,0.043670565,-0.0012130202
53264000,0.015395628,0.34063607,-9.862246,0.06336641,0.04335252,-0.0016638454
53268000,0.012876097,0.34086826,-9.853891,0.061832756,0.044112068,-0.002359261
53272000,0.010710872,0.34090406,-9.865612,0.062697574,0.044527974,-0.0019465815
53276000,0.018099425,0.3500731,-9.873042,0.061897095,0.044750784,-0.0020405587
53280000,0.016144471,0.34801352,-9.868204,0.05959579,0.04415125,-0.002072658
53284000,0.008163285,0.35041028,-9.86923,0.05838431,0.04428222,-0.0018551945
53288000,0.0039008982,0.35317302,-9.863373,0.057811797,0.045138024,-0.0012770866
53292000,0.004779614,0.3439166,-9.862212,0.056206513,0.04561642,-0.0010799598
53296000,0.008070193,0.34227055,-9.862276,0.054703563,0.045714382,-0.0014012776
53300000,0.009841625,0.34669775,-9.861473,0.053966347,0.044889133,-0.0016638112
53304000,0.008632056,0.3466243,-9.859738,0.053608153,0.044905074,-0.0023796323
53308000,0.0079482775,0.34828016,-9.861136,0.05245029,0.046221703,-0.0019512298
53312000,0.0073618954,0.35682487,-9.862328,0.051436838,0.046402764,-0.0011943501
53316000,0.011455223,0.34792948,-9.858356,0.05242856,0.045482486,-0.0011851037
53320000,0.017121825,0.3461157,-9.8558855,0.05145484,0.046171635,-0.0016333912
53324000,0.01464141,0.35240895,-9.859263,0.04977056,0.046714082,-0.0021386938
53328000,0.012474131,0.34772244,-9.857921,0.0486746,0.04512605,-0.0016765416
53332000,0.008424211,0.34667385,-9.862196,0.047694474,0.045429137,-0.0013529517
53336000,0.0066575017,0.3494119,-9.865085,0.04620487,0.046445757,-0.0017815321
53340000,0.0053629824,0.35386604,-9.857895,0.044757687,0.04526625,-0.0022401458
53344000,0.0041224547,0.35099944,-9.857776,0.043907747,0.04467671,-0.0029254004
53348000,0.005256297,0.3448701,-9.856852,0.04342991,0.04466429,-0.0024970262
53352000,0.0026057374,0.34810072,-9.858,0.043626208,0.045006145,-0.0022799023
53356000,0.0024645894,0.3531731,-9.8547535,0.043132585,0.045405563,-0.0034851478
53360000,0.0026880356,0.34523737,-9.859575,0.042313922,0.04612733,-0.00370667
53364000,0.004892176,0.3375381,-9.861068,0.04191273,0.046454754,-0.0023286627
53368000,0.002604373,0.3461596,-9.853646,0.04111931,0.045351103,-0.001844827
53372000,-0.0058190525,0.35422474,-9.858267,0.03978913,0.044772144,-0.0021370738
53376000,-0.005796367,0.35424104,-9.8576355,0.03886145,0.044360835,-0.0018999231
53380000,-0.000166327,0.35648388,-9.849724,0.038841225,0.0446948,-0.0020161595
53384000,0.0051499326,0.35663697,-9.8554,0.03778593,0.044817463,-0.0025508548
53388000,0.00913489,0.34501582,-9.860904,0.037151143,0.04361813,-0.0023316415
53392000,0.0073340526,0.3465608,-9.856794,0.037518717,0.04393127,-0.0019297283
53396000,0.006779284,0.3505146,-9.852531,0.03682825,0.044010527,-0.0024672595
53400000,0.009640673,0.34587693,-9.858088,0.036077276,0.04397571,-0.0024274772
53404000,0.0051752115,0.34342122,-9.85914,0.03477178,0.04413406,-0.0021107136
53408000,0.00488727,0.34716767,-9.85344,0.03344512,0.04259598,-0.0024005605
53412000,0.007467499,0.35153517,-9.854998,0.032825977,0.041796893,-0.0024264045
53416000,0.0042607402,0.35372636,-9.857571,0.03275279,0.04277764,-0.0019853301
53420000,0.005544779,0.35535508,-9.858288,0.032280818,0.0431118,-0.0025663078
53424000,0.0076587847,0.35409737,-9.860853,0.030581327,0.043024287,-0.0030382941
53428000,0.0077944086,0.35557544,-9.866371,0.029882455,0.042597733,-0.0029272556
53432000,0.009650731,0.35115626,-9.865908,0.030573338,0.0421466,-0.0023741343
53436000,0.0068935403,0.34846213,-9.862312,0.030251905,0.04243424,-0.0026866093
53440000,0.0030920426,0.34574765,-9.859486,0.029737867,0.042173248,-0.0031655421
53444000,0.0028125406,0.34239185,-9.858721,0.03026838,0.04249179,-0.0028585251
53448000,0.008479331,0.34657413,-9.8538,0.029025229,0.042418566,-0.0029508255
53452000,0.010701783,0.3512831,-9.848429,0.027049718,0.041758742,-0.003019643
53456000,0.0073330817,0.35017955,-9.849938,0.025598198,0.04218928,-0.0032625843
53460000,0.0017354126,0.35250276,-9.854968,0.024816526,0.04116939,-0.003289217
53464000,0.00040779583,0.35562015,-9.850108,0.025126642,0.039934684,-0.0029962684
53468000,0.010053072,0.35184225,-9.847435,0.025072563,0.040583957,-0.0027981582
53472000,0.011758999,0.35081896,-9.852106,0.025073193,0.039824795,-0.0028521025
53476000,0.005303233,0.34998286,-9.845668,0.024135225,0.039347794,-0.0023654553
53480000,0.0014473554,0.34971368,-9.850119,0.02278438,0.04035953,-0.0028390246
53484000,0.0006711493,0.35239053,-9.860604,0.022480682,0.04079734,-0.0026338694
53488000,0.0028887512,0.3546319,-9.860227,0.022722818,0.039835464,-0.0020882043
53492000,0.0013602668,0.35013005,-9.863145,0.02217483,0.038952984,-0.0018838322
53496000,-0.0045025973,0.34705004,-9.860149,0.022069037,0.037450414,-0.0014702766
53500000,-0.00071364606,0.33725095,-9.852419,0.021950575,0.035976797,-0.0024690153
53504000,0.007892163,0.3321193,-9.847771,0.020929199,0.036250036,-0.0031920306
53508000,0.0059106774,0.35050663,-9.851013,0.020694211,0.037366215,-0.0030236517
53512000,-0.004630737,0.35721213,-9.85265,0.019868953,0.037309673,-0.0025671886
53516000,-0.0025963562,0.35474512,-9.848078,0.01875043,0.03666632,-0.0027754204
53520000,0.007927762,0.35321584,-9.851993,0.018963996,0.036927097,-0.0030809145
53524000,0.007075998,0.35472852,-9.85693,0.018576132,0.036735073,-0.0029478471
53528000,0.004044888,0.35891086,-9.850193,0.017084248,0.037375372,-0.003118035
53532000,0.0065416703,0.35830075,-9.849464,0.015850076,0.036829483,-0.0028379972
53536000,0.0049829525,0.35260877,-9.851555,0.015997754,0.035849303,-0.002699989
53540000,0.0015319076,0.35005072,-9.852488,0.016040469,0.03624001,-0.0031108183
53544000,0.00021321635,0.35104305,-9.855175,0.015465655,0.03630974,-0.002739777
53548000,0.0041502696,0.34422106,-9.852906,0.016018007,0.03585864,-0.0024704705
53552000,0.0033378364,0.34251693,-9.852572,0.016505815,0.03534905,-0.0028105378
53556000,0.0015385377,0.34366852,-9.847874,0.016161356,0.034480743,-0.0033837887
53560000,0.005629383,0.34483987,-9.851534,0.0144251315,0.034175508,-0.0027282378
53564000,0.0005566337,0.3524925,-9.851942,0.014390129,0.034355137,-0.001953907
53568000,0.00068153895,0.3510106,-9.847949,0.014916802,0.0338658,-0.0024896602
53572000,0.0075887367,0.34716266,-9.853575,0.014337617,0.033065625,-0.0032195428
53576000,0.0037177876,0.34872174,-9.851351,0.0142863365,0.032876886,-0.0029056442
53580000,-0.0023773815,0.35007846,-9.843952,0.014212414,0.03300252,-0.0020383347
53584000,-0.0006142934,0.35242718,-9.83753,0.0139848385,0.03235933,-0.0017944179
53588000,6.1874365e-05,0.35275963,-9.835331,0.014035779,0.032138627,-0.0025454664
53592000,-0.0007177247,0.35247636,-9.839741,0.013950633,0.032550246,-0.002743082
53596000,0.003370281,0.35023963,-9.843872,0.012822422,0.03223631,-0.002106331
53600000,0.00021631413,0.3488944,-9.842661,0.012083473,0.03156855,-0.0018240587
53604000,-0.006859933,0.35021228,-9.843666,0.011680507,0.031934675,-0.0023930452
53608000,-0.0057248306,0.35207117,-9.836446,0.011722416,0.031668514,-0.0033850966
53612000,-0.0057888133,0.34637433,-9.832972,0.0109422505,0.031547584,-0.002503517
53616000,0.000982807,0.34385037,-9.844197,0.009166682,0.032066982,-0.0012192343
53620000,0.0048097125,0.34813228,-9.845913,0.010294637,0.031111304,-0.0009336858
53624000,-0.00051215757,0.3458897,-9.843874,0.010518672,0.030480025,-0.002359452
53628000,-0.001888707,0.35250092,-9.843927,0.00944777,0.031132756,-0.0017783053
53632000,-0.0013308,0.3517333,-9.840087,0.009895719,0.031331956,-0.0015079412
53636000,0.006331358,0.34800512,-9.8436985,0.009632507,0.029645054,-0.002693769
53640000,0.010946208,0.35005975,-9.852121,0.009526785,0.029244065,-0.001792927
53644000,0.00295557,0.34898773,-9.844901,0.009990991,0.02955393,-0.0014103138
53648000,0.0033491482,0.35541034,-9.839981,0.009428072,0.02881203,-0.0016460976
53652000,0.0033857366,0.3603841,-9.844969,0.0087293815,0.028387928,-0.0023480617
53656000,0.0032006395,0.36203423,-9.841669,0.00897534,0.027876873,-0.0025673716
53660000,0.0045647714,0.3548879,-9.835459,0.007958346,0.027246242,-0.0019139647
53664000,0.0058229696,0.35176364,-9.838303,0.008215427,0.025940605,-0.0019322913
53668000,0.00682961,0.35531044,-9.843512,0.008809812,0.026406586,-0.0027760705
53672000,-0.005169141,0.3552354,-9.839335,0.008386643,0.027578093,-0.0024882832
53676000,-0.003570743,0.3530509,-9.839434,0.007964677,0.027473785,-0.0021424736
53680000,-0.0019111471,0.34760138,-9.839538,0.007818277,0.02775653,-0.0017167759
53684000,-0.003240561,0.34913754,-9.833233,0.007629711,0.027154002,-0.0010110767
53688000,0.0025167207,0.3615259,-9.833316,0.0072361175,0.026843691,-0.0015606227
53692000,-0.00097618136,0.3590564,-9.835003,0.0074515487,0.027503692,-0.0018321368
53696000,0.001027341,0.3536122,-9.834797,0.0066228784,0.027405836,-0.001566934
53700000,-0.0023665363,0.35727784,-9.839464,0.0057174372,0.027571058,-0.0018429707
53704000,-0.0059068156,0.3514153,-9.837603,0.0048512137,0.027139934,-0.0024039205
53708000,-0.0032261102,0.34792775,-9.826971,0.0051218793,0.026031021,-0.0020442158
53712000,-0.0046184463,0.3501788,-9.826036,0.0056405445,0.025140306,-0.0018912777
53716000,-0.00034648267,0.3580937,-9.828972,0.006171646,0.025589585,-0.0022644545
53720000,-0.0010493834,0.35455805,-9.83087,0.006075956,0.025749557,-0.002585167
53724000,-0.0036408748,0.34670007,-9.831528,0.0051716072,0.02424289,-0.0017942057
53728000,-0.0062332083,0.3462996,-9.833704,0.0049072183,0.024341386,-0.0011915013
53732000,-0.0133501105,0.34898287,-9.8316765,0.0053295013,0.02460897,-0.0018371466
53736000,-0.009092094,0.35237345,-9.826434,0.00501836,0.023903755,-0.0011719194
53740000,-0.00044419852,0.35128045,-9.83322,0.0044656135,0.02420133,-0.0012126794
53744000,0.0028614823,0.3567817,-9.840355,0.0048923907,0.025022296,-0.0018745878
53748000,0.0015580773,0.35688072,-9.839293,0.004987768,0.024390688,-0.0018508397
53752000,-0.0008113582,0.3541391,-9.838737,0.0039964947,0.02310777,-0.0014044623
53756000,-0.005727678,0.35717213,-9.842045,0.0042998316,0.023380749,-0.0015094506
53760000,-0.0056129987,0.36006957,-9.840937,0.0049351836,0.022979403,-0.0024269118
53764000,-0.0031458666,0.3597328,-9.83463,0.0038641398,0.02271499,-0.0023524847
53768000,-0.008985785,0.35837728,-9.829039,0.0039862506,0.022475526,-0.0008064292
53772000,-0.0036141467,0.36122215,-9.830545,0.0035144065,0.020752862,-0.0006297697
53776000,0.00031242653,0.35398293,-9.835348,0.0035130507,0.021309244,-0.0012258777
53780000,-0.006147485,0.3474799,-9.833598,0.0041821515,0.022169456,-0.0016313234
53784000,-0.0062830416,0.3518196,-9.8346615,0.0036858611,0.021613998,-0.0025108203
53788000,-0.0061688772,0.35085848,-9.843157,0.002316963,0.020118872,-0.0023938369
53792000,-0.0012528268,0.35098943,-9.837948,0.0018110862,0.019460957,-0.002316226
53796000,0.0007923846,0.3481445,-9.825893,0.0024867514,0.020142443,-0.0021702915
53800000,-0.0053522373,0.35014483,-9.829994,0.0022184334,0.021160087,-0.0016195051
53804000,-0.005539936,0.35447443,-9.832397,0.0011360743,0.021462414,-0.0005324073
53808000,-0.0068156677,0.35437924,-9.834389,0.0015037162,0.020859724,-0.00066549587
53812000,-0.00700829,0.35887423,-9.837607,0.0024261116,0.02038946,-0.0022668743
53816000,-0.007905556,0.35954595,-9.834898,0.0016196804,0.020209983,-0.0022314673
53820000,-0.008675056,0.3583272,-9.832392,0.0017814529,0.019959357,-0.0016808354
53824000,-0.003618181,0.35421437,-9.830825,0.0016685576,0.019231107,-0.0020384954
53828000,-0.0024777574,0.34603995,-9.825533,0.0020971787,0.019304134,-0.0021099793
53832000,-0.0025177759,0.3480857,-9.818393,0.0035408947,0.019654972,-0.0008137091
53836000,-0.00022077802,0.3538651,-9.821041,0.0032433008,0.019430209,-0.0004551657
53840000,-0.0010492951,0.35889155,-9.8274145,0.0031994018,0.019040098,-0.0013898883
53844000,-0.0018172059,0.35894,-9.830339,0.0030082753,0.01888625,-0.0016553133
53848000,-0.0021826732,0.35117966,-9.826528,0.00244791,0.018301621,-0.0018737216
53852000,-0.00502038,0.35436866,-9.82383,0.0027082197,0.018244542,-0.0012115991
53856000,0.00080299354,0.3588473,-9.8295765,0.002358481,0.01829369,-0.000977965
53860000,0.0023822184,0.3581722,-9.834864,0.0012477747,0.017679388,-0.0013456614
53864000,0.0023234664,0.3565809,-9.82823,0.0016891055,0.01787233,-0.0016563085
53868000,0.0023186575,0.34589797,-9.824572,0.0015122448,0.017589059,-0.0019497072
53872000,-0.0115197385,0.3423641,-9.83431,0.00022846603,0.017276747,-0.0017165096
53876000,-0.00799055,0.35276797,-9.837732,-0.00012489929,0.017535236,-0.0016384305
53880000,-0.0068240333,0.35670725,-9.832814,-0.00036208352,0.017296515,-0.0011108601
53884000,-0.009352361,0.35291246,-9.821655,-0.0012934882,0.017161675,-0.0008049334
53888000,-0.0060996204,0.34942722,-9.821385,-0.00092342077,0.0176639,-0.0013197884
53892000,-0.006747741,0.35470358,-9.832108,-2.4215216e-05,0.017285235,-0.0015726483
53896000,-0.00038061285,0.3556187,-9.832278,-3.1186682e-05,0.016830727,-0.001272478
53900000,-0.0020824368,0.34708592,-9.824971,0.00010097983,0.01641815,-0.00090863917
53904000,-0.0052346042,0.34769976,-9.825567,0.00034877358,0.015977453,-0.0011615139
53908000,-0.00282315,0.35412362,-9.836935,0.000789772,0.01724574,-0.0009177524
53912000,-0.0048535974,0.35236531,-9.8285885,9.8790115e-05,0.01698125,1.9401134e-05
53916000,-0.0059512956,0.35386765,-9.821798,0.0005280296,0.015420944,0.00014779648
53920000,-0.00047784403,0.35482904,-9.829439,0.00044253908,0.014696468,-0.0008490627
53924000,-0.0008286261,0.35509902,-9.827446,-0.00030543946,0.014917498,-0.0014042087
53928000,-0.0059137275,0.35614574,-9.822046,-0.00029448807,0.015512185,-0.0012178518
53932000,-0.0023419454,0.35340026,-9.8237,-0.0008655758,0.014309667,-0.0012231588
53936000,-0.004789943,0.35579193,-9.82649,-0.001388545,0.0131650595,-0.0017498288
53940000,-0.0049451157,0.35792467,-9.820799,-0.0010613089,0.013818006,-0.0017358664
53944000,-0.0011628368,0.35608935,-9.823439,-0.00048553132,0.013836714,-0.0022482853
53948000,0.0014818322,0.35852394,-9.82766,-0.0009566587,0.013313218,-0.0018466507
53952000,-0.0025848409,0.3602993,-9.817848,-0.0018809459,0.0144792525,-0.00048752458
53956000,-0.010128707,0.3560191,-9.812019,-0.0021270576,0.015307273,-0.0020969282
53960000,-0.006771858,0.3530471,-9.82093,-0.0019192437,0.014103049,-0.00182895
53964000,-0.0039537987,0.35190526,-9.8268795,-0.0014427282,0.014030962,-0.0005538005
53968000,-0.0046478,0.35408083,-9.821031,-0.0007397878,0.013954762,-0.00092878443
53972000,-0.00011337247,0.35187125,-9.817724,-0.0014278821,0.014100615,-0.0013586298
53976000,0.0034409356,0.35153067,-9.823169,-0.001477974,0.014299639,-0.0020449073
53980000,-0.0075685177,0.3512698,-9.82944,-0.0012135222,0.0139273675,-0.0004956866
53984000,-0.01172805,0.34562176,-9.829834,-0.00072666776,0.014178598,-0.0007606125
53988000,-0.0060698455,0.35336652,-9.828242,-0.00029622883,0.013609388,-0.0023717855
53992000,-0.00056790677,0.36143085,-9.828259,-0.0013569243,0.012501234,-0.0014114294
53996000,0.0025444902,0.35570848,-9.82631,-0.001709612,0.011700941,-0.0010115528
54000000,0.0008870482,0.35430133,-9.825758,-0.0014571202,0.011851171,-0.0016479922
54004000,-0.008120728,0.35286012,-9.826432,-0.0020672083,0.012877315,-0.0018656569
54008000,-0.013473501,0.35089344,-9.820164,-0.0016730101,0.0133818835,-0.0015643871
54012000,-0.011558231,0.35520875,-9.817237,-0.0014847246,0.012701149,-0.0015446101
54016000,-0.008271522,0.360554,-9.820003,-0.0026086066,0.011657831,-0.001113992
54020000,-0.0013837549,0.3589418,-9.824721,-0.0020858166,0.012229413,-0.0008939966
54024000,0.0023279923,0.35820186,-9.824535,-0.002180226,0.012814419,-0.00095365837
54028000,0.0018775514,0.35769057,-9.817013,-0.0027576797,0.012071651,-0.00057292485
54032000,-0.0037511296,0.35284957,-9.819782,-0.0027189427,0.011845025,-0.0014111378
54036000,-0.0061744074,0.35817748,-9.822281,-0.0033167081,0.010829225,-0.0014523074
54040000,-0.003781733,0.35951233,-9.820417,-0.003383667,0.009951234,-0.0008786142
54044000,-0.0017687135,0.35212833,-9.814339,-0.002511064,0.010828435,-0.00084687886
54048000,0.005440265,0.351539,-9.814402,-0.0027427617,0.010231471,-9.405692e-05
54052000,-0.0022754762,0.35864437,-9.818642,-0.0034303672,0.009739533,-0.00068319205
54056000,-0.011922972,0.3596346,-9.815977,-0.0026434092,0.0095217,-0.0005849131
54060000,-0.0049230196,0.35588425,-9.814157,-0.002946841,0.009546946,-2.5837391e-05
54064000,-0.00039645168,0.35339087,-9.813145,-0.0033792995,0.010279736,-0.00032862715
54068000,-0.0059476816,0.3518749,-9.815131,-0.0030491464,0.010632952,-0.0009267721
54072000,-0.010373021,0.35649166,-9.811808,-0.0023552526,0.010889259,-0.0015471122
54076000,-0.0068200277,0.3562451,-9.810642,-0.002882505,0.010490628,-0.001325799
54080000,0.00055892626,0.34992772,-9.82051,-0.003871996,0.010060738,-0.00080209255
54084000,0.002864475,0.3513806,-9.812777,-0.0034656536,0.009593252,-0.00039506523
54088000,-0.0036468036,0.36272246,-9.803902,-0.003094372,0.00951699,-0.00047003946
54092000,-0.008531956,0.357597,-9.814425,-0.002837736,0.010011674,-0.0002922003
54096000,-0.012017718,0.34268874,-9.819229,-0.002791739,0.0096624885,-0.00066524465
54100000,-0.0132834,0.35040733,-9.814272,-0.0037913658,0.00856201,-0.0012267643
54104000,-0.0065342654,0.36013842,-9.814453,-0.00373592,0.008350434,-0.0012146475
54108000,-0.0044662626,0.36014006,-9.816689,-0.0025382948,0.009169654,-0.0007685019
54112000,-0.010330372,0.3543771,-9.807436,-0.0024808333,0.010544295,-0.0001258252
54116000,-0.012779133,0.3488784,-9.810247,-0.0033748627,0.009692666,-0.000119709825
54120000,-0.01031834,0.3542147,-9.815539,-0.004245917,0.0094061745,-0.00025945518
54124000,-0.0068108635,0.3554768,-9.816692,-0.0035157823,0.009106237,-0.00068565225
54128000,-0.004768688,0.34830403,-9.821805,-0.0027102698,0.008609171,-0.0009445281
54132000,-0.00016334912,0.3529908,-9.824719,-0.0017688854,0.009590043,-9.439436e-06
54136000,0.003755127,0.36703542,-9.818947,-0.0016264904,0.008902972,-0.0004947985
54140000,-0.0025091374,0.36310062,-9.809742,-0.002524725,0.008283761,-0.0010358288
54144000,-0.0110679325,0.35953802,-9.808721,-0.002621337,0.008748186,0.00047337374
54148000,-0.008482262,0.3557636,-9.806289,-0.0024899752,0.00791396,-1.318332e-05
54152000,-0.009286353,0.34650987,-9.803041,-0.00270442,0.0073953234,-0.0011050417
54156000,-0.009816159,0.3528909,-9.802565,-0.0028743038,0.008174505,-0.0009110644
54160000,-0.011641242,0.36415678,-9.80117,-0.0019004167,0.008063107,0.00013523741
54164000,-0.009946634,0.3558339,-9.805907,-0.0024256287,0.0078074373,-1.2609272e-05
54168000,-0.0044748583,0.35148883,-9.811501,-0.004068269,0.007901574,-0.0012936039
54172000,-0.0039407937,0.3618191,-9.811859,-0.0044685425,0.0076689823,-0.0015205209
54176000,-0.007847798,0.36068743,-9.805384,-0.00480785,0.006572877,-0.0015458043
54180000,-0.015885206,0.35823178,-9.79748,-0.003998099,0.006288957,-0.00081142
54184000,-0.010503996,0.35431772,-9.80608,-0.0029695786,0.0070258277,0.00016082637
54188000,-0.0021241717,0.35362318,-9.813542,-0.0035999934,0.0064559844,-0.00019951414
54192000,-0.0036389607,0.3513597,-9.818433,-0.003817108,0.007106896,-0.0010468324
54196000,-0.0052881045,0.3485347,-9.814833,-0.003301367,0.00704151,-0.001277452
54200000,-0.008872705,0.35713112,-9.804102,-0.0030235911,0.006380925,-0.001266516
54204000,-0.012672424,0.36245626,-9.80872,-0.003767232,0.007227446,-0.00167769
54208000,-0.008155195,0.35673714,-9.812044,-0.0042783218,0.006342211,-0.00088158797
54212000,-0.003976665,0.34907052,-9.807804,-0.0039805016,0.005843024,-8.053711e-05
54216000,-0.005757368,0.35079968,-9.80122,-0.0031948672,0.006522286,-0.00028713944
54220000,-0.0038168123,0.3560262,-9.805302,-0.002559873,0.006437534,-0.0006067552
54224000,-0.005136603,0.3621934,-9.806433,-0.0026493184,0.005542648,-0.00069868955
54228000,-0.0067934105,0.36228848,-9.798777,-0.0029217403,0.0051422725,-0.00022374935
54232000,-0.006114235,0.35175246,-9.804756,-0.0026173755,0.0059019383,-0.00022392448
54236000,-0.003055766,0.34979814,-9.8094845,-0.0024071764,0.006069744,0.000106047424
54240000,-0.0039215814,0.3540898,-9.810342,-0.0016946872,0.0062047294,0.0007870466
54244000,-0.011039475,0.34714204,-9.813965,-0.0011499501,0.007905361,0.00046153952
54248000,-0.011869656,0.34758484,-9.80829,-0.0023604506,0.0079679815,0.00014338008
54252000,-0.006004772,0.36040774,-9.802914,-0.002922073,0.007837905,0.00035358706
54256000,-0.0061608525,0.3610961,-9.810877,-0.0023070967,0.008191559,0.00050719874
54260000,-0.01073713,0.35633922,-9.810446,-0.0026638967,0.0076251356,0.000508526
54264000,-0.005625458,0.3492192,-9.806314,-0.0031333189,0.006034372,-0.00011329042
54268000,-0.0028285622,0.34597224,-9.799925,-0.0026025742,0.004984994,-0.0008423796
54272000,-0.0011044532,0.3514848,-9.794529,-0.0024014977,0.005866844,-0.00046273065
54276000,-0.0045205164,0.35521996,-9.797023,-0.0021647187,0.0059835585,0.0005051836
54280000,-0.0072966437,0.36153892,-9.797739,-0.0023026064,0.004648109,0.00033313615
54284000,-0.0048481133,0.35563257,-9.797644,-0.0022270703,0.00431485,-0.00020502634
54288000,-0.0036885317,0.35070294,-9.797305,-0.0024108903,0.004411232,-0.0007940677
54292000,-0.0019786684,0.35416555,-9.798405,-0.0030220689,0.004953717,-0.00075826456
54296000,-0.005143815,0.35571706,-9.798,-0.0025104403,0.0051528458,-0.00043462458
54300000,-0.008061445,0.3565411,-9.797798,-0.0014429156,0.0046676244,-0.00085001404
54304000,-0.0061895726,0.34960318,-9.802839,-0.0013060124,0.005943115,-0.00061297254
54308000,-0.0026002824,0.3553719,-9.806405,-0.0023457438,0.006522064,0.0006423953
54312000,-0.001340554,0.35985282,-9.8035145,-0.0037226572,0.0058187186,0.0006281409
54316000,-0.0040529473,0.3520231,-9.798153,-0.00444055,0.0058461125,-0.0003123676
54320000,-0.003326922,0.34908825,-9.794076,-0.0043917643,0.0057684463,-0.00038166138
54324000,-0.005314696,0.34797958,-9.79509,-0.00377253,0.0058678854,-0.00094421185
54328000,-0.005387534,0.3546573,-9.794822,-0.0037748758,0.006575834,-0.00082177826
54332000,0.0031257158,0.35731268,-9.793787,-0.0040941914,0.0058778045,9.951894e-05
54336000,-0.002820709,0.35116664,-9.793911,-0.00366923,0.0052632047,-0.00018348532
54340000,-0.012858865,0.3508349,-9.796937,-0.0023075754,0.005017822,-0.0008084258
54344000,-0.018292222,0.34673846,-9.797904,-0.0018917947,0.0047487873,-0.00029357462
54348000,-0.009723813,0.34310052,-9.798552,-0.0023507648,0.004741722,0.00066971174
54352000,-0.0016590299,0.35344875,-9.799307,-0.0016499807,0.004492341,0.00038148896
54356000,-0.012129694,0.3555568,-9.796772,-0.0010482497,0.00519889,-0.00025831786
54360000,-0.012644498,0.3535357,-9.798513,-0.0020433555,0.0053911135,-0.0008880808
54364000,-0.005214115,0.35561195,-9.806181,-0.003577097,0.004652727,-0.00095048005
54368000,-0.006720817,0.35827634,-9.807328,-0.0037812465,0.0049619162,-0.00071621616
54372000,-0.0017491907,0.36114368,-9.801384,-0.0029047404,0.00525345,-0.00064594473
54376000,-0.002056336,0.35582063,-9.804209,-0.0019031141,0.004873901,-0.0011226602
54380000,-0.0030088322,0.35291576,-9.805708,-0.0019839166,0.006221273,-0.0009882
54384000,0.00046392583,0.35328937,-9.803284,-0.0019662983,0.0070787016,-0.00075749715
54388000,-0.001604322,0.35388651,-9.798189,-0.0020617582,0.0061838753,-0.00055174436
54392000,0.0008522587,0.35668358,-9.793737,-0.0030332243,0.005228395,-0.00032302344
54396000,-0.006103109,0.35623828,-9.794817,-0.0034012855,0.0049936995,-0.0009177862
54400000,-0.0034390916,0.35262486,-9.796272,-0.0024081138,0.00658803,-0.0010244367
54404000,-0.0016820831,0.35229218,-9.798892,-0.0015187887,0.006424667,-0.0006037109
54408000,-0.0098854415,0.36031443,-9.802452,-0.001799038,0.005060899,-0.0001594194
54412000,-0.01046953,0.36097386,-9.809828,-0.0014063074,0.0046842643,-0.000799629
54416000,-0.0042917426,0.3594363,-9.804745,-0.001407973,0.0043222676,-0.0010180662
54420000,-0.00663331,0.35697415,-9.798527,-0.0023697447,0.0046699317,-6.5118904e-05
54424000,-0.015299874,0.3447165,-9.796799,-0.0024095785,0.005803918,0.00040725013
54428000,-0.01206522,0.34845167,-9.791884,-0.0012036241,0.005429604,0.0003699503
54432000,-0.0077722226,0.35019276,-9.78673,-0.0005593647,0.0047479076,0.00030316474
54436000,-0.012919977,0.35328767,-9.7906,-0.00053152215,0.0053472314,7.4153955e-05
54440000,-0.0109316055,0.3618903,-9.792389,-0.0014130273,0.005543992,-0.0007160687
54444000,-0.0050735227,0.35491353,-9.788311,-0.0014304036,0.0054866853,-0.0003584641
54448000,-0.005705958,0.35131875,-9.792467,-0.0018640915,0.0052343854,0.00092701294
54460000,-0.007778943,0.35124785,-9.794977,-0.0021770895,0.005306672,-0.00016060885
54464000,-0.0032731837,0.35378516,-9.793935,-0.0025285333,0.0044380794,-1.9409768e-05
54468000,-0.012444696,0.35900968,-9.795434,-0.0023287283,0.005375388,5.4868847e-06
54472000,-0.015381764,0.3550593,-9.79206,-0.0029912612,0.0058258455,0.00055472064
54476000,-0.012419911,0.35201082,-9.795172,-0.0029193591,0.005107545,-2.2701082e-05
54480000,-0.011774697,0.35063124,-9.794056,-0.00314671,0.0044471384,-0.00036955508
54484000,-0.009086911,0.35416436,-9.791706,-0.0025786126,0.004916615,0.0004933775
54488000,-0.0068852887,0.35627636,-9.794155,-0.0018591606,0.005076397,0.00038717594
54492000,-0.004924242,0.3488918,-9.796738,-0.00089870946,0.0040224697,0.00014907063
54496000,-0.007898374,0.35708526,-9.787539,0.001179634,0.0042503374,-5.4777785e-05
54500000,-0.01626431,0.3597541,-9.780506,0.0038118938,0.0038830277,-0.00019117082
54504000,-0.014253433,0.3538083,-9.780346,0.006161307,0.0038232142,-0.00033581132
54508000,-0.0022777058,0.35646746,-9.77631,0.008080451,0.004469349,6.96076e-05
54512000,-0.00024666707,0.35441115,-9.777644,0.010927907,0.004251379,0.00067755964
54516000,-0.0020604741,0.35244796,-9.784154,0.014514978,0.0038473604,0.0012470081
54520000,0.0015077256,0.35418102,-9.783796,0.019228036,0.0031124577,0.0003596646
54524000,-0.0029639523,0.35120386,-9.777937,0.023170628,0.0036617725,-0.0005368444
54528000,-0.012032628,0.3466223,-9.773737,0.02788253,0.0050672237,0.00020513413
54532000,-0.010796611,0.34802225,-9.77437,0.033651665,0.004238119,0.00086925476
54536000,-0.009465243,0.35494846,-9.7780285,0.039162345,0.0028204494,0.0009998557
54540000,-0.008200746,0.35334304,-9.786062,0.044666603,0.0030154334,0.0020433774
54544000,-0.005667028,0.3476955,-9.793977,0.050138727,0.002929778,0.0023821988
54548000,0.00027272454,0.34506625,-9.782666,0.056639537,0.0026555697,0.00021832171
54552000,-0.00027859333,0.35281384,-9.7809,0.063120075,0.0031503832,-0.0010619208
54556000,-0.012663984,0.35472256,-9.783644,0.06843716,0.0031981224,-0.00069268997
54560000,-0.013010498,0.35368964,-9.779453,0.07424944,0.0035559617,-0.00084052695
54564000,-0.008437332,0.35948756,-9.77898,0.08205052,0.0030114634,-0.00052393274
54568000,-0.008139955,0.35623366,-9.777941,0.08896443,0.0023404085,-0.0002522843
54572000,-0.0070653544,0.3560269,-9.7812605,0.09430551,0.0036393143,-0.00018144617
54576000,-0.0072113154,0.35223392,-9.782328,0.10177931,0.0033773629,2.1526097e-05
54580000,-0.014579002,0.34976226,-9.7845955,0.10954471,0.0022705474,-0.00057524646
54584000,-0.014051745,0.35583687,-9.78653,0.11712306,0.002620869,-0.0011697562
54588000,-0.0042654322,0.35392776,-9.786987,0.12393035,0.0029337981,-0.00057203916
54592000,-0.0065950705,0.345298,-9.785889,0.12996824,0.0025896945,0.0001573278
54596000,-0.0072005927,0.33917457,-9.78731,0.13821988,0.0031023622,-0.00059902406
54600000,-0.005469163,0.34370252,-9.784838,0.14544141,0.0036308193,-0.0002601396
54604000,-0.006161303,0.34830767,-9.778247,0.15135062,0.00224956,0.00071370223
54608000,-0.007833163,0.34289786,-9.780764,0.1578539,0.0017040062,-5.5334225e-05
54612000,-0.011490036,0.34325373,-9.787798,0.1648066,0.0022382843,-0.0004311833
54616000,-0.008940186,0.34280545,-9.7909565,0.17171627,0.0009828695,-0.00042255849
54620000,-0.0076512597,0.33774143,-9.790073,0.17765635,0.00043908556,-0.0008599398
54624000,-0.013733108,0.33927196,-9.79052,0.18376619,0.0018154841,-0.000979227
54628000,-0.009409889,0.34368074,-9.792696,0.1903984,0.0020009985,-0.0007367358
54632000,-0.0055806297,0.3447273,-9.797329,0.1970714,0.0010563813,-0.00076438347
54636000,-0.012482896,0.33961836,-9.797602,0.20194307,0.0010789649,-0.00031012387
54640000,-0.010371267,0.34091413,-9.794283,0.20760207,0.0014422608,0.00011357013
54644000,-0.009635253,0.34087056,-9.794305,0.21567357,0.0011797072,-0.00051418546
54648000,-0.006872116,0.33841118,-9.792366,0.22144505,0.0013155261,-0.00040291037
54652000,-0.00047688975,0.3448313,-9.794271,0.22718397,0.0016866386,0.00030954988
54656000,-0.0020701385,0.3425396,-9.805092,0.23327893,0.002265721,0.00045270543
54660000,-0.00841501,0.33717468,-9.810507,0.2376824,0.002745057,-1.5676404e-05
54664000,-0.013266207,0.33796602,-9.817137,0.24304563,0.0020185707,-0.0002734518
54668000,-0.0096901655,0.3433891,-9.822629,0.24858792,0.0018797292,-3.680121e-05
54672000,-0.0044615828,0.3449977,-9.820637,0.2529806,0.0012751056,-8.788283e-05
54676000,-0.006168133,0.34582004,-9.814545,0.25809008,0.0007486829,-0.00079902983
54680000,-0.0058340295,0.3497484,-9.811884,0.26404774,0.0010276273,-0.0008473297
54684000,-0.0076087806,0.34818822,-9.821051,0.26932704,0.0006315072,-0.00012485438
54688000,-0.006964723,0.34172815,-9.822424,0.2740331,0.0011040119,-0.0004436407
54692000,-0.005946449,0.3379482,-9.820047,0.27850068,0.0015480102,-0.0010528979
54696000,-0.0117139425,0.3392638,-9.824229,0.28287306,0.0013143255,-0.0006783745
54700000,-0.019007267,0.34596938,-9.827332,0.28675473,0.0016483847,-2.8217406e-05
54704000,-0.010773319,0.34411365,-9.834539,0.28977203,0.0015927434,0.00026504401
54708000,-0.0056779226,0.33889046,-9.833008,0.2929579,0.0016624572,-0.00013289868
54712000,-0.012580956,0.33705366,-9.8386135,0.2969219,0.0012967585,-0.00069305504
54716000,-0.011908359,0.33732063,-9.842535,0.30238044,0.0010823783,-0.00021983465
54720000,-0.014322665,0.3416205,-9.837965,0.30732515,0.0012907872,0.0005655032
54724000,-0.015675131,0.3402216,-9.843655,0.31043875,0.0007108858,0.0017585175
54728000,-0.005267822,0.33749306,-9.838572,0.31448483,0.0009573192,0.0014303386
54732000,-0.00083953014,0.3322644,-9.830219,0.31889033,0.00032210947,-0.00020727585
54736000,-0.012631985,0.33247,-9.8385,0.32220936,0.00063909416,-0.00082479086
54740000,-0.0152107645,0.33420983,-9.849667,0.32400888,0.0012264868,-0.00066790404
54744000,-0.0070621436,0.33554944,-9.853703,0.32656205,-0.00019075086,-0.0004446918
54748000,0.002344755,0.33650908,-9.8541355,0.3307866,0.00017504908,-0.00064852793
54752000,0.0010984526,0.3292681,-9.845749,0.33323658,0.0006222817,-0.00090711383
54756000,-0.0052578812,0.33113,-9.841559,0.3358738,0.00037001766,-0.00074921467
54760000,-0.00564324,0.33887076,-9.848774,0.33906007,0.0006252502,0.00035762927
54764000,-0.007637619,0.344896,-9.858817,0.34101588,0.00083293713,-0.00020746993
54768000,-0.014777729,0.3415311,-9.857849,0.3437199,0.0014226693,-0.0009278868
54772000,-0.014706325,0.33612886,-9.859076,0.34626782,0.0017689266,-0.0002892484
54776000,-0.0099955555,0.340015,-9.867411,0.34797043,0.0015626063,-0.00027214707
54780000,-0.011928365,0.3379149,-9.868006,0.3495302,0.0012230295,-0.00041884743
54784000,-0.008176447,0.3369558,-9.867519,0.35015908,0.000970565,-0.0004631792
54788000,-0.0016165593,0.33778137,-9.864786,0.352215,0.0011631462,-0.0010809443
54792000,-0.0031190948,0.33193284,-9.867773,0.35538054,0.0007644295,-0.0014663407
54796000,-0.0065080803,0.32975587,-9.866642,0.35719272,3.8596125e-05,-0.0013852671
54800000,-0.004269447,0.3341999,-9.863817,0.35779116,0.0009461518,-0.0011366027
54804000,-0.004793578,0.335139,-9.875381,0.35795394,0.0014519558,-0.0005465009
54808000,-0.0076031922,0.33442354,-9.877937,0.36021847,0.0017415998,-0.00033110357
54812000,-0.005175071,0.33961824,-9.879517,0.36298242,0.0023117699,-0.00091991446
54816000,-0.007802675,0.33578187,-9.886517,0.3637864,0.0021457335,-0.00051453663
54820000,-0.008358606,0.33466533,-9.891915,0.3650753,0.001369259,0.0006260245
54824000,-0.0070141973,0.33979928,-9.8964405,0.36591017,0.0016144742,0.0007154249
54828000,-0.0057490203,0.3316199,-9.890776,0.36596113,0.00064557826,0.00017715989
54832000,-0.009664768,0.32901067,-9.895209,0.3663835,-0.0014563631,-0.00054773124
54836000,-0.012357021,0.33220467,-9.89898,0.36681965,-0.0012167714,-0.00046504266
54840000,-0.0051479377,0.33330062,-9.891783,0.36680013,-0.0007022892,-0.00028530927
54844000,-0.0049319174,0.33651116,-9.893395,0.36794677,-0.00041584246,0.00021824017
54848000,-0.016529175,0.33722678,-9.891079,0.36927694,-0.00081371,0.00021559266
54852000,-0.015595497,0.33535448,-9.891478,0.36900425,-0.00037900964,-0.00081276085
54856000,-0.011324391,0.33364072,-9.900685,0.36903483,0.00092483324,-0.00011105614
54860000,-0.017321512,0.3332969,-9.896326,0.36984718,0.0015615256,0.0002588523
54864000,-0.009988223,0.33353686,-9.896355,0.3697585,0.001072561,-0.0003643672
54868000,-0.010972743,0.32876086,-9.899596,0.36919245,0.0012426685,-0.0006480832
54872000,-0.009056293,0.32586765,-9.898123,0.37010753,0.0010822912,-0.00020165369
54876000,-0.0003914106,0.32661957,-9.9024,0.37010896,0.0002561133,-0.00021081268
54880000,-0.0052709887,0.32939765,-9.908604,0.3686125,0.0008290819,-0.0010742774
54884000,-0.004076008,0.3250912,-9.907472,0.36929202,0.001429891,-0.0014664716
54888000,-0.004413663,0.3274908,-9.90588,0.3697394,0.0014722159,-0.0002337485
54892000,-0.0035381988,0.3311317,-9.910181,0.36801818,0.0015479627,0.00064807496
54896000,0.0023173778,0.32238665,-9.905413,0.3680215,0.0013371827,2.747355e-06
54900000,-0.006372982,0.3179732,-9.906516,0.36773592,0.00038751157,-5.8279125e-05
54904000,-0.011728392,0.32263476,-9.917661,0.36675298,-0.00078471523,0.00026200866
54908000,-0.00482534,0.32971066,-9.918751,0.3658526,-0.0013174383,0.0013357715
54912000,-0.004053168,0.33302718,-9.915043,0.36508775,-9.027598e-05,0.0010755785
54916000,-0.009689534,0.32903138,-9.915182,0.36380726,-6.8466805e-05,-0.0006257199
54920000,-0.00929163,0.3247008,-9.914302,0.36300045,-0.0008761538,-0.00080919603
54924000,-0.003481213,0.31756848,-9.917654,0.36271793,-0.0003686393,-0.00032916755
54928000,-0.0078873,0.3106782,-9.922138,0.36103427,-0.0002784074,-0.0005291853
54932000,-0.009155473,0.31813395,-9.921793,0.359418,0.00028156646,-0.0008868409
54936000,0.00012702658,0.32449472,-9.91831,0.35863066,0.0005100808,-0.00075536204
54940000,-0.006217327,0.3237484,-9.917328,0.35789537,-0.00019879933,-0.00091624464
54944000,-0.011138304,0.3238004,-9.923153,0.35653403,-0.0004862178,-0.0006559237
54948000,-0.0005985021,0.33018082,-9.924005,0.35561448,-0.00039875196,0.0002999554
54952000,-0.003376828,0.3304187,-9.916537,0.35454917,0.00019079,0.00025332416
54956000,-0.0074532107,0.32799792,-9.915955,0.35432824,-0.00020065761,1.4251258e-05
54960000,-0.004647513,0.32380885,-9.922994,0.3531831,-0.0015554265,0.00022784644
54964000,-0.011179632,0.32325548,-9.929884,0.3514138,-0.0013836696,-0.0006925242
54968000,-0.009135256,0.32481894,-9.929968,0.35069045,-0.0018759576,-0.001441575
54972000,-0.0035502426,0.32240775,-9.927634,0.34851134,-0.0018273294,-0.00066658267
54976000,-0.0067506256,0.3227469,-9.934513,0.34639674,0.00027395017,-0.00060218637
54980000,-0.0058596698,0.31623596,-9.938131,0.34646368,-0.00018889975,-0.00016831084
54984000,-0.008371066,0.31184545,-9.938168,0.3462823,-0.00100105,0.0005876722
54988000,-0.010004036,0.31309465,-9.941912,0.34416747,-0.00093812024,0.00018718513
54992000,-0.007386499,0.31215405,-9.94185,0.34150216,-0.0016880464,0.00052897254
54996000,-0.008936135,0.3114726,-9.937278,0.34035343,-0.0018958548,-6.299691e-05
55000000,-0.0068687308,0.31335485,-9.940776,0.33953625,-0.00095715106,-0.0006969192
55004000,-0.0019506444,0.31985018,-9.948784,0.33739534,-0.00093686563,-0.0004088655
55008000,-0.0060933623,0.31777787,-9.946939,0.3350988,-0.0015998763,-0.00031154018
55012000,-0.0073813205,0.31577593,-9.940813,0.3334107,-0.0017261151,0.00025439868
55016000,-0.007890832,0.31140065,-9.944038,0.3309188,-0.0014527553,-0.00066066324
55020000,-0.011786385,0.3087638,-9.943842,0.32817027,-0.0012424649,-0.0008455936
55024000,-0.0103830295,0.31876165,-9.939212,0.32644936,-0.0010165983,1.6596825e-05
55028000,-0.006204485,0.31490082,-9.940567,0.32459086,-0.0017899664,-0.00061760633
55032000,-0.0019639407,0.3071473,-9.947494,0.32226747,-0.0024112395,-0.0009708747
55036000,-0.014390139,0.31240094,-9.945368,0.32009453,-0.0013871664,-0.00021764492
55040000,-0.014332492,0.3113212,-9.941483,0.3193176,-0.000986187,-0.0010680421
55044000,-0.007383968,0.3074965,-9.952376,0.3181727,-0.001378952,-0.0011285987
55048000,-0.0070026186,0.30960503,-9.958492,0.31565607,-0.0019676932,0.0006937346
55052000,-0.0030898603,0.31542367,-9.953704,0.31363046,-0.002127584,0.0009376221
55056000,-0.004173784,0.30746937,-9.946695,0.31186503,-0.0023574715,0.0002317921
55060000,-0.0010140336,0.3041349,-9.946734,0.30964947,-0.002440089,-0.0005479114
55064000,0.0038445822,0.3098638,-9.9480505,0.3069839,-0.0031276003,-0.0005505775
55068000,0.0033575967,0.3032876,-9.949431,0.3048811,-0.004152117,0.00044578136
55072000,-0.0003573797,0.30230838,-9.953878,0.3039217,-0.0039718496,7.2989606e-05
55076000,-0.010143758,0.30204564,-9.959291,0.30134064,-0.0043018213,-0.0003912639
55080000,-0.012123244,0.3026585,-9.954873,0.29877135,-0.00432544,-0.0003682605
55084000,-0.006914706,0.30154908,-9.948019,0.29767695,-0.0034470742,-0.00069765677
55088000,-0.0037890857,0.30521303,-9.953017,0.29584497,-0.003733946,-0.00055887375
55092000,-0.005460238,0.3049689,-9.957334,0.29288137,-0.0034713638,-0.000752273
55096000,-0.009171249,0.29572457,-9.958881,0.28970945,-0.0029313036,-0.00075941184
55100000,-0.007536449,0.29712233,-9.958342,0.2876377,-0.002855579,0.00013140628
55104000,-0.010155184,0.30059808,-9.955517,0.2859924,-0.0028216706,7.829162e-06
55108000,-0.008463291,0.30141076,-9.960761,0.28322905,-0.0035761415,-0.00051534106
55112000,-0.006500123,0.30147484,-9.963869,0.28076714,-0.0037219508,5.0574305e-05
55116000,-0.0058564874,0.3035511,-9.958748,0.2790532,-0.004082236,0.00026350975
55120000,-0.001670416,0.3044055,-9.958542,0.276849,-0.0050707636,0.00013451466
55124000,-0.0018166932,0.2935585,-9.960932,0.27444166,-0.005255426,0.00013263979
55128000,-0.0077772904,0.28899828,-9.965716,0.27200598,-0.0043552266,-2.984391e-05
55132000,-0.008357659,0.2986886,-9.963212,0.26958907,-0.0039292374,-0.0005469125
55136000,-0.009942977,0.29371014,-9.957975,0.26635084,-0.003423485,-0.000743332
55140000,-0.008066213,0.2870032,-9.966862,0.2640198,-0.0023732784,-0.00010007675
55144000,-0.0064462703,0.29165626,-9.96768,0.26199546,-0.0025539533,0.00040782173
55148000,-0.015521069,0.29031625,-9.964708,0.2589858,-0.0033788353,-0.00013800888
55152000,-0.011993791,0.2957066,-9.965529,0.2570944,-0.0038682006,-6.8359135e-05
55156000,-0.0040283534,0.29700515,-9.966103,0.25477347,-0.0040372494,-0.00045109415
55160000,-0.011596872,0.2918223,-9.968199,0.252092,-0.0049429224,-0.0011005414
55164000,-0.016251393,0.28883556,-9.973198,0.25047973,-0.005665236,-7.332907e-06
55168000,-0.013498934,0.284348,-9.975838,0.2481257,-0.0049454435,0.00059276336
55172000,-0.013813185,0.28853074,-9.974991,0.24655174,-0.005131884,-0.00058952364
55176000,-0.015012536,0.2855025,-9.98114,0.24510702,-0.0056950953,-0.0010146159
55180000,-0.017432079,0.28100705,-9.975302,0.24216187,-0.006153152,0.00017721343
55184000,-0.009508311,0.28246677,-9.972309,0.23992598,-0.006480445,0.00067178335
55188000,-0.0056981505,0.28040022,-9.970424,0.23822618,-0.005949771,0.00087766116
55192000,-0.0073228288,0.2849113,-9.97028,0.23474611,-0.005629199,0.00049990317
55196000,-0.0015770528,0.28898257,-9.977121,0.23106253,-0.005662318,-1.816635e-05
55200000,-0.00486474,0.28834024,-9.974369,0.22987276,-0.0064018657,0.0008539133
55204000,-0.013038701,0.28733277,-9.974304,0.22719294,-0.006066364,0.00028024023
55208000,-0.012698039,0.28587997,-9.975906,0.22413763,-0.0055810725,-0.0008754629
55212000,-0.009495287,0.28090638,-9.977534,0.2227186,-0.0055211405,4.674359e-05
55216000,-0.0030727026,0.2788529,-9.9752445,0.22077191,-0.005446067,0.001013886
55220000,-0.0026408492,0.27178422,-9.971409,0.21897303,-0.005109408,0.00046749032
55224000,0.0041429913,0.27295738,-9.975979,0.21653959,-0.0047821887,-0.00059747644
55228000,0.00563716,0.27834138,-9.975009,0.21315669,-0.005061278,-0.0009324504
55232000,-0.00972379,0.2777558,-9.977533,0.21054712,-0.004998015,-0.00035108766
55236000,-0.00873182,0.28267723,-9.976924,0.20767587,-0.005423672,9.649976e-05
55240000,-0.008749738,0.28048044,-9.970884,0.20478529,-0.0050916355,-0.00011081226
55244000,-0.014937296,0.275378,-9.971988,0.20329499,-0.0056033153,4.6860703e-05
55248000,-0.012819782,0.27787134,-9.973193,0.20145167,-0.0060213013,-0.00012310165
55252000,-0.008025195,0.2798967,-9.977484,0.19894108,-0.0060674613,0.00021130376
55256000,-0.008985501,0.2766596,-9.970144,0.19590148,-0.006725175,0.00097345194
55260000,-0.008563205,0.26966548,-9.967005,0.19342616,-0.006201004,0.0011300029
55264000,-0.006590547,0.26924777,-9.976376,0.19187394,-0.0066036857,0.00043558894
55268000,-0.0036227389,0.269485,-9.980724,0.189282,-0.007416866,-0.00010923502
55272000,-0.0007535091,0.26698864,-9.976178,0.18642247,-0.0075413804,0.0002784817
55276000,-0.006577091,0.27069902,-9.973698,0.18272755,-0.0072319508,-0.0007562321
55280000,-0.006656667,0.27033067,-9.974712,0.18015411,-0.007053291,-0.00160934
55284000,-0.006479387,0.27154574,-9.969938,0.17808503,-0.00654873,-0.0013534751
55288000,-0.011022227,0.26929557,-9.973831,0.17578186,-0.0068135606,-0.0010353855
55292000,-0.0077281673,0.25938267,-9.976489,0.17401193,-0.0067571364,4.2410178e-05
55296000,-0.004897309,0.2619469,-9.971075,0.17122479,-0.0059868777,1.549394e-05
55304000,-0.011018684,0.2673239,-9.967565,0.16504636,-0.00620935,-0.0008725818
55308000,-0.009533512,0.26600406,-9.96946,0.16390637,-0.0066298814,-5.5776065e-05
55312000,-0.008913936,0.2604829,-9.974045,0.1621096,-0.00615681,-0.00022663453
55316000,-0.0056316275,0.25857058,-9.980209,0.15924186,-0.0053936364,-0.0006790504
55320000,-0.009197305,0.2644518,-9.974485,0.15675434,-0.005965157,-8.372893e-05
55324000,-0.012057944,0.25898662,-9.97064,0.15413508,-0.0068644527,0.00041315804
55328000,-0.0137734115,0.25466564,-9.975771,0.1509505,-0.007559033,0.00018133629
55332000,-0.016149186,0.26007044,-9.977919,0.14837179,-0.007569692,-1.9766865e-05
55336000,-0.011691639,0.26206672,-9.977758,0.14728674,-0.0072385566,-3.615711e-05
55340000,-0.012089313,0.251931,-9.974991,0.14493419,-0.0068372083,-0.00013906574
55344000,-0.016356815,0.24942711,-9.977279,0.14197093,-0.007085321,-0.00034336955
55348000,-0.011785984,0.25650668,-9.983524,0.13867599,-0.0073260968,-0.00089962315
55352000,-0.010147516,0.25851136,-9.974789,0.13528487,-0.007010626,-0.00038127534
55356000,-0.0047270153,0.25477073,-9.970754,0.13323906,-0.007397848,0.0003053131
55360000,-0.0051228357,0.24476565,-9.972677,0.13055237,-0.008587896,0.00066497474
55364000,-0.013342323,0.24767996,-9.966752,0.12863213,-0.0077241883,0.00034075257
55368000,-0.013955675,0.25049353,-9.96569,0.12657219,-0.0071855797,-5.125121e-06
55372000,-0.015825832,0.24697286,-9.970146,0.12375561,-0.0074240807,0.0003098837
55376000,-0.010785123,0.24625199,-9.972727,0.1213066,-0.00791229,-0.0001460035
55380000,-0.0051743216,0.24295682,-9.974996,0.119973466,-0.0071961577,-0.00025089603
55384000,-0.007623201,0.23787354,-9.975042,0.11803255,-0.006717483,0.00020930124
55388000,-0.0031564648,0.23940574,-9.974255,0.1149136,-0.007617087,0.0005742872
55392000,-0.00085985346,0.24273618,-9.973249,0.11242819,-0.0071531525,-0.00026793938
55396000,-0.005390819,0.24592724,-9.974806,0.11031222,-0.006752834,0.00014450216
55400000,-0.0066659586,0.24356626,-9.978428,0.10808906,-0.007474714,0.0009844553
55404000,-0.005701616,0.23969449,-9.976515,0.1056599,-0.0077117956,2.7815373e-05
55408000,-0.003573615,0.24474727,-9.975708,0.10276206,-0.007631119,-0.00032759577
55412000,-0.0035715508,0.24241512,-9.980995,0.10084452,-0.0072484356,-0.00019855607
55416000,-0.007027787,0.23873772,-9.981022,0.098735996,-0.0061815544,9.577782e-05
55420000,-0.010324657,0.23056471,-9.976183,0.09521237,-0.007187875,-0.00028212977
55424000,-0.01450251,0.23418184,-9.976248,0.09244924,-0.008269154,-0.000167465
55428000,-0.019504074,0.24369596,-9.977638,0.09022486,-0.008571902,-0.0003104568
55432000,-0.015819691,0.23528217,-9.973793,0.087314524,-0.00837777,-0.00010346148
55436000,-0.01251206,0.23792577,-9.9717245,0.08477845,-0.006997896,0.00045469575
55440000,-0.0067957346,0.24468271,-9.974905,0.0830517,-0.006930839,0.00033141408
55444000,-0.010387924,0.23751962,-9.980341,0.08088054,-0.007195628,0.0004923646
55448000,-0.015013134,0.23010612,-9.9842205,0.07883473,-0.007098842,3.4554363e-05
55452000,-0.009774599,0.2248967,-9.983913,0.07792102,-0.00742716,-0.000310354
55456000,-0.012724908,0.22747485,-9.980796,0.0761784,-0.00741413,-0.00068214635
55460000,-0.0089526195,0.22932397,-9.980671,0.07317577,-0.006867574,-0.00012585155
55464000,-0.0044941315,0.220167,-9.98786,0.07140705,-0.0071910773,0.00035012251
55468000,-0.008737996,0.22976694,-9.989098,0.06970367,-0.007302669,-0.00016690893
55472000,-0.01100105,0.2299744,-9.982246,0.066768706,-0.0062217065,-0.00037300997
55476000,-0.014571533,0.22162944,-9.984549,0.06406176,-0.00682707,-0.00024587527
55480000,-0.019592654,0.22200532,-9.985561,0.06159411,-0.0070119943,0.0004804569
55484000,-0.012763443,0.21833768,-9.97828,0.059319653,-0.005976751,0.000108902066
55488000,-0.008584995,0.22091712,-9.980238,0.057701826,-0.006278299,-0.00057665026
55492000,-0.00670966,0.21953583,-9.981034,0.055240557,-0.007435367,0.00070855004
55496000,-0.004351197,0.21226406,-9.978151,0.052208275,-0.007178767,0.0008667265
55500000,-0.008305638,0.21411061,-9.989319,0.05046063,-0.006452753,0.00095443544
55504000,-0.013772897,0.22057508,-9.989365,0.04877582,-0.006625814,0.0004659542
55508000,-0.015829183,0.21879737,-9.981464,0.046718944,-0.0063393805,-0.0006983932
55512000,-0.017561467,0.21171592,-9.985303,0.044091027,-0.006165107,0.0001906236
55516000,-0.017540608,0.20844962,-9.987265,0.041683737,-0.005810513,0.0012996554
55520000,-0.0094463155,0.21772562,-9.982756,0.039808035,-0.004837105,0.00057877693
55524000,-0.006893901,0.21474306,-9.975734,0.037516654,-0.0040435195,-0.000341858
55528000,-0.010182682,0.21016026,-9.978746,0.035593163,-0.004592283,0.00039799427
55532000,-0.005825775,0.21375927,-9.977003,0.033902384,-0.0054966607,0.00032767907
55536000,-0.005036504,0.21016672,-9.971039,0.031912602,-0.007054935,6.169547e-05
55540000,-0.011949088,0.20687811,-9.974596,0.030182663,-0.00816896,8.908018e-05
55544000,-0.012237748,0.20544991,-9.974985,0.028298728,-0.007011481,0.00011076315
55548000,-0.006624165,0.20610027,-9.975895,0.026915343,-0.006324209,0.000527356
55552000,-0.0070439177,0.21282794,-9.982773,0.025337715,-0.0061269887,0.000112763315
55556000,-0.009885302,0.21253178,-9.977939,0.023519732,-0.005390965,-0.0001419797
55560000,-0.0062015164,0.20297958,-9.977783,0.022015069,-0.005153232,-0.00042595633
55564000,-0.010071575,0.20031936,-9.982264,0.019343287,-0.0054714894,-0.00048760217
55568000,-0.010324315,0.20298636,-9.98291,0.01665624,-0.005489844,0.0003031364
55572000,-0.008435677,0.19906221,-9.98139,0.01422893,-0.004843546,-0.000105792584
55576000,-0.0066039427,0.19295487,-9.980983,0.0117041385,-0.0045111477,0.0003075492
55580000,-0.009837998,0.19459927,-9.990332,0.0094929775,-0.004699909,0.00073315593
55584000,-0.009254707,0.20220032,-9.98646,0.00812907,-0.005145639,-0.00017697497
55588000,-0.006166314,0.20029528,-9.978914,0.0077341218,-0.005443319,-0.0010552172
55592000,-0.0012316082,0.19569741,-9.980108,0.006150516,-0.005797699,-0.00043565736
55596000,-0.00037034048,0.1990625,-9.983758,0.004043732,-0.0063722343,-0.00055930647
55600000,-0.01063969,0.19756734,-9.9901085,0.0011331204,-0.0059207818,-0.00073593855
55604000,-0.011119729,0.19379622,-9.990582,-0.0014326577,-0.00500822,-0.0005117106
55608000,-0.010601878,0.1946819,-9.988648,-0.0025021194,-0.0041908594,-0.00055145525
55612000,-0.007327562,0.20096487,-9.981998,-0.004364041,-0.0040452005,0.00074144517
55616000,-0.009032983,0.19968042,-9.976763,-0.0058901194,-0.0047857496,0.0006065434
55620000,-0.011754129,0.19111332,-9.983568,-0.008012118,-0.004828183,0.0008335624
55624000,-0.010318531,0.19087607,-9.981766,-0.009606191,-0.0047787605,0.00058570824
55628000,-0.014905611,0.18728554,-9.978394,-0.009707448,-0.005315942,-0.00068749354
55632000,-0.018555775,0.19350533,-9.9831505,-0.01189806,-0.004716551,9.2872084e-05
55636000,-0.012326256,0.20164862,-9.983885,-0.015101869,-0.004644958,0.00023925884
55640000,-0.007452839,0.19396979,-9.978304,-0.01686158,-0.005235958,0.0001454075
55644000,-0.020215584,0.18910553,-9.978863,-0.019264912,-0.005244428,-0.0003792565
55648000,-0.016705226,0.18876989,-9.98226,-0.02140722,-0.0057596825,-0.00041357745
55652000,-0.0035576907,0.18971656,-9.971119,-0.022794092,-0.005687209,0.00072920904
55656000,-0.005380389,0.1867609,-9.967274,-0.0253456,-0.00557915,0.0012433941
55660000,-0.008009454,0.18497626,-9.972006,-0.027265308,-0.0053800526,0.000477397
55664000,-0.011860335,0.19130184,-9.976588,-0.028214753,-0.0045309,0.00041876239
55668000,-0.012736447,0.1892749,-9.981699,-0.029188607,-0.0039151837,0.000954024
55672000,-0.014459715,0.1783155,-9.984646,-0.030532533,-0.0031574417,-7.367666e-05
55676000,-0.014587094,0.17718895,-9.986187,-0.032034107,-0.0025216024,0.00020902173
55680000,-0.0077956337,0.1784593,-9.982336,-0.033767313,-0.0024077427,0.0002985073
55684000,-0.0073122242,0.17559782,-9.982562,-0.035468772,-0.0030218223,-0.00023190917
55688000,-0.009125957,0.17167081,-9.986757,-0.037708774,-0.0033053744,0.00044616594
55692000,-0.0019764183,0.16744386,-9.98908,-0.03959712,-0.0025862542,0.00039821753
55696000,-0.0043785092,0.16910073,-9.981483,-0.040352613,-0.0023602268,0.0006602109
55700000,-0.011206543,0.17470735,-9.980349,-0.042298235,-0.0029566314,0.0006463024
55704000,-0.011315798,0.16636989,-9.982405,-0.04368934,-0.0032852201,-0.00041884102
55708000,-0.007629408,0.16093561,-9.972275,-0.045003414,-0.0033158662,-0.0002017509
55712000,-0.007587081,0.16916345,-9.972309,-0.047211774,-0.0030147731,-0.0009680176
55716000,-0.009706125,0.1738896,-9.980093,-0.04906316,-0.0027961293,-0.00073445623
55720000,-0.008821325,0.17263016,-9.98197,-0.05007206,-0.002552059,0.0005342184
55724000,-0.008646676,0.16669662,-9.981802,-0.051229432,-0.0019432398,0.0002853595
55728000,-0.008612139,0.16362564,-9.983196,-0.0533133,-0.0015359456,2.878544e-05
55732000,-0.010878576,0.1705995,-9.985016,-0.055387065,-0.0015501505,-0.00010560022
55736000,-0.010230118,0.17001368,-9.982718,-0.05743462,-0.0018477231,-0.0002741672
55740000,-0.008721016,0.16606729,-9.978233,-0.059895497,-0.0017444676,-0.00072792446
55744000,-0.011470795,0.16663007,-9.982767,-0.061873514,-0.0013028337,-0.0009891759
55748000,-0.009153605,0.16293757,-9.979989,-0.06267017,-0.0010387094,-0.0005107441
55752000,-0.00851214,0.16251,-9.980524,-0.064305484,-0.00084649684,-0.00053209584
55756000,-0.015062724,0.1640616,-9.98307,-0.06613082,-0.0014123514,-0.00040996948
55760000,-0.015037819,0.15779474,-9.979794,-0.06638151,-0.001343896,3.7254395e-05
55764000,-0.009803124,0.16289613,-9.981295,-0.067627214,-0.00089163,-0.0009954721
55768000,-0.007062466,0.16372,-9.974247,-0.06862965,-0.0008859049,-0.00053283974
55772000,-0.0047429726,0.15213047,-9.966953,-0.069099344,-0.0012982943,7.854434e-05
55776000,-0.012642596,0.15060453,-9.971951,-0.0709475,-0.0018528716,-0.00010104692
55780000,-0.015268215,0.14572601,-9.971802,-0.07198675,-0.0016150551,0.00056733843
55784000,-0.010116668,0.14519827,-9.970312,-0.072491296,-0.0021972447,-0.0007028666
55788000,-0.008896713,0.1503851,-9.9714775,-0.07417662,-0.0015851406,-0.00017857595
55792000,-0.005387476,0.14758612,-9.969731,-0.07559612,-0.00027358197,0.0006908168
55796000,-0.0071313856,0.14742972,-9.968079,-0.07670419,8.666965e-05,-0.0003337334
55800000,-0.011584965,0.14692096,-9.963173,-0.0771226,0.000422102,-0.0006114001
55804000,-0.010568088,0.1482631,-9.966473,-0.07803354,0.0012843979,-0.00087550125
55808000,-0.00854916,0.1456745,-9.966233,-0.081269935,0.0028579533,-0.0007040046
55812000,-0.008586682,0.14465246,-9.964605,-0.083147004,0.0025634735,-0.00031335786
55816000,-0.01192091,0.15280277,-9.968605,-0.08447966,0.0019024768,-0.00029197705
55820000,-0.013855094,0.14844303,-9.969561,-0.08627611,0.0018434321,-0.00054982986
55824000,-0.01117881,0.13976869,-9.965387,-0.08727816,0.00088073395,1.4872292e-05
55828000,-0.008056516,0.13726407,-9.9664,-0.088218644,0.0013748364,-0.0002492884
55832000,-0.005630959,0.14652286,-9.967431,-0.089362904,0.002117644,-0.0004610174
55836000,-0.011877374,0.14646743,-9.9677925,-0.09046689,0.0021973469,6.25593e-05
55840000,-0.013973428,0.14125732,-9.975798,-0.09157901,0.0024623857,-6.484494e-05
55844000,-0.011673823,0.14770596,-9.973532,-0.09270024,0.0024648719,0.0003519948
55848000,-0.015375275,0.14595129,-9.96821,-0.093195915,0.002201378,0.0009200026
55852000,-0.019883333,0.13961123,-9.960932,-0.09410172,0.0015306595,0.000488383
55856000,-0.013448572,0.13625336,-9.959145,-0.09601164,0.0022103991,0.00026065693
55860000,-0.00734708,0.13729267,-9.961907,-0.09807259,0.0031562552,-0.00016051617
55864000,-0.0119945705,0.14392163,-9.961302,-0.09981422,0.003270031,0.00016598395
55868000,-0.015890263,0.13909115,-9.963145,-0.100292355,0.0040850164,0.00088483875
55872000,-0.01837608,0.13078737,-9.96257,-0.10136677,0.005041303,0.00028563538
55876000,-0.007853424,0.13648853,-9.958912,-0.10357457,0.0047994587,-0.00010115297
55880000,0.0014300136,0.13309193,-9.956541,-0.10362859,0.0047971765,-0.00010641293
55884000,-0.011172759,0.120327085,-9.956942,-0.10428312,0.0052157925,3.9742936e-05
55888000,-0.017055815,0.12811264,-9.960625,-0.10551183,0.0041718152,-0.00022701618
55892000,-0.012393683,0.13681571,-9.964323,-0.10563719,0.0040112697,-0.00064710714
55896000,-0.006737301,0.13403888,-9.963536,-0.1068379,0.0049265367,-0.00091510813
55900000,-0.0059607746,0.13250464,-9.960913,-0.10825753,0.00523878,-0.0005871743
55904000,-0.010887448,0.12737001,-9.957382,-0.10980324,0.006504735,-0.00024618488
55908000,-0.0022821962,0.124998525,-9.952936,-0.1115652,0.0065178364,0.0004452882
55912000,-0.0007228921,0.12195847,-9.952565,-0.11264065,0.00603802,0.00085841824
55916000,-0.008211929,0.123540334,-9.952246,-0.11333999,0.0064403648,0.00066886394
55920000,-0.013102954,0.12949942,-9.950935,-0.11453225,0.0061576823,0.00012788683
55924000,-0.016421821,0.1204724,-9.948114,-0.11585039,0.0069805337,-0.00041159632
55928000,-0.012011229,0.12377112,-9.944319,-0.116802014,0.007931268,0.0002746891
55932000,-0.01427497,0.13175432,-9.948004,-0.11823467,0.008194117,0.00056305714
55936000,-0.012281239,0.12681715,-9.94673,-0.1192337,0.008260909,0.00090079685
55940000,-0.0033912412,0.121986955,-9.94449,-0.1195872,0.008692816,0.00024699155
55944000,-0.0048611197,0.12262804,-9.94068,-0.12077403,0.009291009,-0.00094672857
55948000,-0.009233339,0.123247944,-9.939214,-0.12168585,0.008887746,-0.00010632506
55952000,-0.012335606,0.11633954,-9.941994,-0.1220705,0.008089575,0.00046891847
55956000,-0.009468173,0.11256803,-9.94043,-0.12315146,0.008791032,0.00058456534
55960000,-0.008452724,0.12374966,-9.943954,-0.12408548,0.010116003,0.0009129371
55964000,-0.014926769,0.12132152,-9.950806,-0.1241689,0.00976954,0.00068828795
55968000,-0.015361286,0.111522876,-9.949148,-0.1255173,0.010442071,0.00011818475
55972000,-0.01509548,0.11388711,-9.94508,-0.12765914,0.010741435,0.00050216157
55976000,-0.013665735,0.11733006,-9.94622,-0.12736195,0.009680171,0.0004459241
55980000,-0.013578181,0.11684039,-9.94353,-0.12827751,0.010165907,0.0007497387
55984000,-0.013519495,0.11443795,-9.938889,-0.12932609,0.010177216,0.0018030503
55988000,-0.010483971,0.11506368,-9.941393,-0.12908423,0.010193303,0.0006315163
55992000,-0.011821263,0.10862859,-9.936714,-0.13057911,0.011316985,0.00019726738
55996000,-0.015639417,0.10874629,-9.929824,-0.13163757,0.011212382,0.00046487103
56000000,-0.01626195,0.11051344,-9.930962,-0.1317456,0.012373164,0.00026287866
56004000,-0.013697445,0.10865374,-9.935125,-0.13247979,0.012985315,0.000155757
56008000,-0.010935978,0.10537789,-9.9323845,-0.13393414,0.011790358,0.00030935273
56012000,-0.007422707,0.1080166,-9.930824,-0.13496146,0.012740551,-0.0002996364
56016000,-0.007389346,0.107970364,-9.93196,-0.13694528,0.012659721,-0.00025629817
56020000,-0.007129171,0.10399009,-9.927692,-0.13771424,0.013349559,-0.00044565983
56024000,-0.010699146,0.11119073,-9.932975,-0.13800302,0.014496407,-0.0012533582
56028000,-0.013985679,0.10578592,-9.935451,-0.13828497,0.014154339,-0.00040965894
56032000,-0.009818134,0.09851207,-9.93376,-0.13843338,0.014679685,-0.00062574307
56036000,-0.009256628,0.105772085,-9.926418,-0.13972268,0.014111322,-0.00057738676
56040000,-0.012103012,0.10304714,-9.927956,-0.13959417,0.013156281,-0.00033300565
56044000,-0.013459552,0.1002176,-9.933262,-0.14101715,0.013487654,-0.0002562436
56048000,-0.017906005,0.10370754,-9.929275,-0.14310732,0.014383215,-0.00021879165
56052000,-0.015297126,0.09822742,-9.931494,-0.1426848,0.013893949,6.123728e-05
56056000,-0.009294217,0.10350362,-9.924661,-0.14271635,0.014122243,0.00027279582
56060000,-0.012086298,0.104716405,-9.918216,-0.14341715,0.014743121,-0.0010419869
56064000,-0.010215916,0.10449173,-9.923046,-0.14408511,0.0143636055,-0.00033494446
56068000,-0.008116789,0.10361792,-9.925497,-0.14516553,0.015007548,0.0013223232
56072000,-0.017486474,0.09465538,-9.923501,-0.14568609,0.014976111,0.00034632877
56076000,-0.020602103,0.09297348,-9.925066,-0.1465025,0.01513284,-0.0007392267
56080000,-0.014244508,0.09252848,-9.921958,-0.14725658,0.015422371,-0.0010765962
56084000,-0.009960061,0.08704427,-9.921112,-0.1477074,0.01505298,-0.00039073662
56088000,-0.013339996,0.086752854,-9.92684,-0.14819176,0.016209567,0.0006129387
56092000,-0.016962303,0.098611906,-9.9282465,-0.14854187,0.016766265,0.000597262
56096000,-0.01692189,0.0940063,-9.924595,-0.148815,0.016016152,0.0004842845
56100000,-0.011554087,0.087849125,-9.920435,-0.14967632,0.016688246,-0.00011371047
56104000,-0.007497973,0.09332661,-9.922047,-0.15051663,0.017667696,-0.00026448574
56108000,-0.009311096,0.09258735,-9.924637,-0.15072507,0.017892215,5.494916e-05
56112000,-0.009784505,0.08946009,-9.924899,-0.1510293,0.018356986,-0.00028115016
56116000,-0.010707435,0.08502041,-9.920295,-0.1506719,0.017352777,0.00014055872
56120000,-0.013398264,0.08217084,-9.918031,-0.15159222,0.016551426,7.3617906e-05
56124000,-0.015456863,0.07638024,-9.919334,-0.15212336,0.017482366,-0.00014356582
56128000,-0.0081615485,0.076946616,-9.925905,-0.15165272,0.01757222,0.0009416419
56132000,-0.0045557315,0.08615871,-9.931139,-0.15254053,0.017378207,0.0006945038
56136000,-0.009413549,0.08299295,-9.930783,-0.15298648,0.0176921,0.00010024065
56140000,-0.012451503,0.0815542,-9.925259,-0.15396142,0.017397381,0.0005787391
56144000,-0.011367368,0.07963219,-9.919481,-0.1538263,0.0176906,0.0013208603
56148000,-0.014357207,0.07357071,-9.92052,-0.15447518,0.018816164,0.00078431994
56152000,-0.021351352,0.07726064,-9.919746,-0.15608984,0.019126384,0.00026488776
56156000,-0.019255185,0.08679898,-9.917428,-0.15602529,0.018702215,0.00090775173
56160000,-0.00759796,0.086779445,-9.927881,-0.1560371,0.017766044,0.0008106622
56164000,-0.008914714,0.08331747,-9.930798,-0.15531947,0.018311044,0.0006721498
56168000,-0.015276011,0.08640897,-9.919453,-0.15538132,0.019546317,7.747956e-05
56172000,-0.01760933,0.07877673,-9.922802,-0.15656805,0.019106835,0.00058402726
56176000,-0.019152533,0.07159162,-9.928573,-0.15764877,0.019982418,0.00070642575
56180000,-0.016582053,0.07593635,-9.923574,-0.15753245,0.02087645,-4.3827084e-05
56184000,-0.011760817,0.077370085,-9.922453,-0.1565513,0.020154258,0.00033352445
56188000,-0.003836309,0.07207737,-9.924728,-0.15660731,0.019636502,-0.00013258164
56192000,-0.0055693374,0.07057655,-9.921695,-0.15743741,0.019473497,5.122949e-05
56196000,-0.011890926,0.07161791,-9.920595,-0.15790194,0.019532612,1.137051e-05
56200000,-0.011112757,0.07124253,-9.9176655,-0.15785113,0.019374065,-0.00056740566
56204000,-0.009284424,0.07295282,-9.911686,-0.15852489,0.020107185,-0.0007545524
56208000,-0.009012413,0.07646045,-9.917849,-0.15995753,0.020880435,-0.00010498283
56212000,-0.011478138,0.07076111,-9.928847,-0.16090691,0.02068934,-7.3950316e-05
56216000,-0.005966259,0.064676255,-9.924063,-0.16030717,0.020338695,-0.00021059996
56220000,-0.008609462,0.07338643,-9.917582,-0.16019985,0.02076158,0.00026084846
56224000,-0.019775093,0.06862165,-9.922079,-0.1604465,0.02023247,0.00030000217
56228000,-0.013313514,0.06557503,-9.92375,-0.16027853,0.020759556,-0.00013753658
56232000,-0.005136044,0.073510125,-9.923407,-0.16084883,0.021567466,-0.00064119353
56236000,-0.0065453583,0.06381716,-9.9240055,-0.16073665,0.020566514,-0.00074976165
56240000,-0.010461463,0.060697574,-9.92634,-0.15981737,0.019662077,-0.00040830226
56244000,-0.011169457,0.069589056,-9.923674,-0.16006967,0.020088691,8.33757e-05
56248000,-0.011392131,0.07234509,-9.91205,-0.16042167,0.02209525,0.00087830634
56252000,-0.011696551,0.06344929,-9.909306,-0.15935162,0.02220251,0.0013769438
56256000,-0.011122682,0.057102762,-9.907753,-0.15974142,0.02103101,0.0010393666
56260000,-0.0066369637,0.0689697,-9.909437,-0.16103894,0.021480218,0.00016756168
56264000,-0.007396116,0.07304086,-9.913864,-0.16132462,0.02284233,-0.00032776268
56268000,-0.011782629,0.06864418,-9.918594,-0.16204259,0.023147246,4.69144e-05
56272000,-0.01638466,0.06368001,-9.915617,-0.1614613,0.024142161,0.00043495436
56276000,-0.017085087,0.05579313,-9.910026,-0.16073716,0.023552358,0.0007754285
56280000,-0.009287245,0.05975954,-9.915156,-0.16182639,0.02197045,-0.00044366324
56284000,-0.011186332,0.073102094,-9.91489,-0.16164388,0.022906013,-0.0010513213
56288000,-0.008062709,0.07249622,-9.911899,-0.16087617,0.022675509,-0.00053752895
56292000,-0.0052954396,0.061753593,-9.920048,-0.16154099,0.022680713,-0.00058767677
56296000,-0.0075058853,0.05037127,-9.929279,-0.1621876,0.022955937,0.00032899028
56300000,-0.006635259,0.051551703,-9.92864,-0.16218778,0.022431035,0.00036333464
56304000,-0.0058599086,0.062212057,-9.924574,-0.16106531,0.023166506,-0.0002869074
56308000,-0.009372686,0.059241507,-9.921467,-0.16006514,0.023161417,-0.0003241248
56312000,-0.006993175,0.05935653,-9.917485,-0.16031474,0.022320662,-0.00048188082
56316000,-0.0017678492,0.057573933,-9.91775,-0.16024528,0.022113536,-0.00021832419
56320000,-0.0041036746,0.04998575,-9.919846,-0.1603393,0.022266254,-0.0004884883
56324000,-0.0041671786,0.05050435,-9.921017,-0.16046679,0.022472762,-3.517798e-05
56328000,-0.0046433,0.051282696,-9.920606,-0.1601469,0.022791374,0.000106794876
56332000,-0.0061890027,0.049051836,-9.924103,-0.1602803,0.02340875,-0.00011382786
56336000,-0.007814711,0.04409747,-9.924835,-0.16145124,0.02439208,-0.0005381547
56340000,-0.0048773843,0.04018696,-9.920729,-0.16173255,0.023913143,-0.00079029205
56344000,-0.011919975,0.039848633,-9.931442,-0.16076417,0.023270478,-0.0007891457
56348000,-0.011408688,0.04057671,-9.929053,-0.16047375,0.023544848,-0.00035199965
56352000,-0.0014799794,0.050699763,-9.917471,-0.16070187,0.02354309,7.591683e-05
56356000,-0.0046632458,0.05742801,-9.920149,-0.16103694,0.023378253,0.0007675456
56360000,-0.0043907547,0.046660148,-9.926569,-0.1612146,0.022843719,0.00069601624
56364000,-0.0030164723,0.049617715,-9.923767,-0.16057025,0.023072673,-0.0007827907
56368000,-0.012770082,0.05439401,-9.925926,-0.16028093,0.023486068,-0.00090603053
56372000,-0.015948033,0.047469098,-9.927877,-0.16045332,0.02340724,-0.00045468906
56376000,-0.011814931,0.045405965,-9.925227,-0.1596222,0.024030255,0.0011152751
56380000,-0.008263711,0.041296802,-9.917456,-0.15854011,0.024612982,0.00091261126
56384000,-0.008894995,0.038221292,-9.918409,-0.15848282,0.023563746,-0.00021702448
56388000,-0.013061296,0.04235955,-9.9282055,-0.15837544,0.023626463,-4.4109536e-05
56392000,-0.012127869,0.043530267,-9.920462,-0.15798734,0.024282632,-0.00019496471
56396000,-0.007819279,0.04033576,-9.914974,-0.1583103,0.024066288,6.0429415e-05
56400000,-0.011712938,0.040586036,-9.919596,-0.15873143,0.023541678,0.0002627815
56404000,-0.0154475,0.038635444,-9.926411,-0.15870945,0.022927495,0.0010254759
56408000,-0.01367119,0.041687768,-9.927664,-0.15867817,0.024440737,0.00037209925
56412000,-0.012277119,0.04294404,-9.9254,-0.15838498,0.024742171,-0.00040083632
56416000,-0.0014398999,0.03689147,-9.926037,-0.15781416,0.023100331,0.00068248936
56420000,-0.0026065342,0.040410537,-9.932541,-0.15732804,0.0232259,0.0010752392
56424000,-0.0096334675,0.040062737,-9.928705,-0.15645732,0.023869632,0.0008591492
56428000,-0.012712314,0.037832387,-9.923347,-0.15546775,0.023350202,0.0007065702
56432000,-0.015444455,0.041818198,-9.930123,-0.15564507,0.022938948,-7.682235e-06
56436000,-0.009991454,0.04758259,-9.924036,-0.15590306,0.023609394,-0.0011990506
56440000,-0.008311208,0.04847442,-9.920599,-0.15525584,0.024573006,-9.102192e-05
56444000,-0.014760124,0.039949078,-9.927622,-0.15538499,0.025142543,0.00081846147
56448000,-0.016800717,0.0402483,-9.929415,-0.15545532,0.024717262,0.00033012166
56452000,-0.011138102,0.036227893,-9.923734,-0.155103,0.023889618,0.00034772055
56456000,-0.0068303687,0.030841712,-9.921535,-0.15479313,0.02441924,0.00041732463
56460000,-0.008573503,0.033834003,-9.925528,-0.15486144,0.023894137,0.00042249498
56464000,-0.012108632,0.03171368,-9.924176,-0.15547526,0.023188855,0.00088756456
56468000,-0.011411663,0.030040553,-9.930835,-0.15411618,0.023435142,0.00054394867
56472000,-0.008824355,0.033771873,-9.928129,-0.15264112,0.022522293,-0.000287036
56476000,-0.0061929524,0.038186584,-9.91516,-0.15295103,0.021867868,-0.0005323408
56480000,-0.0029498532,0.033460822,-9.917067,-0.15213977,0.023378603,-0.00035896362
56484000,-0.005300401,0.026560368,-9.916359,-0.15162894,0.024914477,0.00017070406
56488000,-0.017450009,0.025933743,-9.915812,-0.1515455,0.02445157,-0.00034713617
56492000,-0.016882189,0.03043086,-9.921459,-0.15181236,0.024849622,-0.0005583338
56496000,-0.008310324,0.037604805,-9.916977,-0.15141718,0.024032472,-0.0007948244
56500000,-0.010446103,0.041293036,-9.915436,-0.15075998,0.023017988,-2.1124629e-06
56504000,-0.0129863545,0.032016154,-9.922961,-0.15074246,0.024014303,0.00086834107
56508000,-0.012118729,0.031878613,-9.919389,-0.15075637,0.02412972,0.000632212
56512000,-0.01183233,0.03475129,-9.912362,-0.15164864,0.022736376,0.0006990556
56516000,-0.012402786,0.027650436,-9.915558,-0.15087515,0.022355419,0.0002504241
56520000,-0.008713843,0.027669998,-9.920069,-0.14961144,0.022774987,0.00023257421
56524000,-0.0074554216,0.029715765,-9.911036,-0.14901046,0.022432143,0.00061389315
56528000,-0.0048885606,0.024923997,-9.90984,-0.14831617,0.023346016,0.0015887743
56532000,-0.008636633,0.020258717,-9.91346,-0.14876595,0.024421591,0.0022457421
56536000,-0.013797224,0.021100892,-9.914295,-0.14878358,0.022954116,0.00037950362
56540000,-0.008647436,0.024979955,-9.918908,-0.14793965,0.022404704,0.00021431685
56544000,-0.00829678,0.033460464,-9.917748,-0.14815015,0.023661016,0.0004573565
56548000,-0.01644474,0.032183997,-9.912714,-0.1473011,0.021914992,-0.0009495525
56552000,-0.020836601,0.027048998,-9.912803,-0.14618853,0.021204779,-0.00030458774
56556000,-0.014950259,0.027444195,-9.913727,-0.14564246,0.022287106,-0.00045478955
56560000,-0.012343703,0.032845855,-9.913304,-0.14526185,0.022470841,-0.0008431075
56564000,-0.00041370658,0.026159177,-9.911871,-0.14529444,0.021856949,-4.268789e-05
56568000,0.0017566311,0.022618458,-9.9034605,-0.14403927,0.021786068,-0.00024168017
56572000,-0.011908907,0.026896726,-9.900556,-0.14310206,0.022530878,0.0003646653
56576000,-0.016933464,0.024553772,-9.90074,-0.1438233,0.022563158,0.0008875211
56580000,-0.014733986,0.026857616,-9.904112,-0.14429283,0.021705367,-0.00015029023
56584000,-0.009291009,0.024709525,-9.897786,-0.14372554,0.020028187,-0.0007276013
56588000,-0.0059808246,0.022550043,-9.895285,-0.14320472,0.021239294,0.0004977279
56592000,-0.0022197373,0.020682761,-9.904323,-0.14296311,0.02253279,0.0010572053
56596000,-0.006703551,0.017799791,-9.904077,-0.14156803,0.021745237,0.000416854
56600000,-0.022355974,0.021604516,-9.90022,-0.14103687,0.02173319,0.00018757785
56604000,-0.023733374,0.026177185,-9.902571,-0.1412746,0.021154441,-0.00016072381
56608000,-0.015472081,0.02150644,-9.903245,-0.13978887,0.02096245,-0.0003703351
56612000,-0.008642587,0.017268717,-9.900884,-0.13895126,0.021807525,-0.00079739885
56616000,-0.0048563317,0.011431874,-9.904184,-0.13937189,0.021757446,0.00021220397
56620000,-0.008662365,0.0057641934,-9.901536,-0.13902283,0.02164205,0.0007602068
56624000,-0.007043542,0.015149469,-9.901006,-0.13856184,0.021169882,0.00073193625
56628000,-0.0052902102,0.026231963,-9.900035,-0.13795587,0.020186074,0.0009621084
56632000,-0.0046193474,0.024491875,-9.899473,-0.13785778,0.019734586,-0.00044766613
56636000,-0.004554031,0.0141879665,-9.904327,-0.137254,0.019515086,-0.0009795078
56640000,-0.00637218,0.012307743,-9.900203,-0.13624966,0.01981101,-0.0005964003
56644000,-0.007930249,0.020399915,-9.893268,-0.13572434,0.020098737,-0.00054178375
56648000,-0.01187264,0.020222543,-9.89621,-0.13571602,0.01941453,0.00042047657
56652000,-0.010918957,0.013052439,-9.896608,-0.13569754,0.018935766,0.00037880903
56656000,-0.012381383,0.011269101,-9.892722,-0.13383453,0.019486785,-0.0008952857
56660000,-0.0069075706,0.015421849,-9.886162,-0.13289648,0.019555172,0.00018669176
56664000,-0.0044429055,0.012034992,-9.889671,-0.13289906,0.01856611,0.0016950958
56668000,-0.012794587,0.00558512,-9.893087,-0.1326077,0.018454727,0.0014254769
56672000,-0.009321082,0.009316266,-9.883576,-0.1319426,0.018971546,0.0009929562
56676000,-0.00496948,0.016165039,-9.883734,-0.13074829,0.018924331,0.0008356919
56680000,-0.005020493,0.013781557,-9.876605,-0.13025194,0.018861271,0.00031512004
56684000,-0.00630298,0.01087166,-9.875063,-0.13001755,0.019258274,-0.00027834426
56688000,-0.011362432,0.015318262,-9.888048,-0.12993813,0.019463846,-0.00023682565
56692000,-0.01486758,0.007895862,-9.885484,-0.12915167,0.019386142,-0.00023296164
56696000,-0.008597795,0.0072852,-9.878521,-0.12795343,0.019179353,-0.00084760017
56700000,-0.005393761,0.009029104,-9.882186,-0.12697849,0.019119067,-0.00033830575
56704000,-0.006573187,0.0030781461,-9.890008,-0.12642549,0.018736517,0.00039159023
56708000,-0.011817688,0.009640142,-9.886657,-0.126867,0.018747374,0.00022842934
56712000,-0.010342765,0.011857306,-9.878895,-0.12683657,0.018487874,0.0009860072
56716000,-0.0017557004,0.00749568,-9.880571,-0.126475,0.01739335,0.0010738773
56720000,-0.0033594277,0.0096774995,-9.884962,-0.12549031,0.017419344,0.0010548264
56724000,-0.008433248,0.012379133,-9.882179,-0.12543288,0.01767333,0.0008575815
56728000,-0.010629397,0.010416639,-9.871878,-0.12541917,0.016678028,2.9983263e-05
56732000,-0.0069277496,0.00886577,-9.871897,-0.12433271,0.016655032,-0.0005803303
56736000,-0.00094626425,0.01457288,-9.872693,-0.123413466,0.017146992,-0.00036815202
56740000,-0.000957154,0.018115198,-9.869577,-0.12259228,0.01655724,0.00042020917
56744000,-0.007453542,0.01655602,-9.867329,-0.12151159,0.016438972,-0.0002811643
56748000,-0.009579875,0.01320954,-9.874441,-0.119860746,0.016085152,-0.0010664297
56752000,-0.0134321535,0.0028703904,-9.86764,-0.11972938,0.01515159,0.0001360124
56756000,-0.010909249,0.009059711,-9.86327,-0.11961684,0.01523836,0.00046636592
56760000,-0.007677264,0.014645399,-9.871832,-0.11901086,0.01639526,-0.00071092346
56764000,-0.0070733493,0.008564813,-9.868412,-0.11898397,0.016214287,-0.00042871304
56768000,-0.0030084676,0.0036798243,-9.869806,-0.118196495,0.014867907,-0.00048027784
56772000,-0.004387357,0.0008796293,-9.873131,-0.117546104,0.01396327,9.651014e-06
56776000,-0.004339613,0.006956882,-9.865595,-0.11729558,0.0147146955,0.00044361115
56780000,-0.002415633,0.006559431,-9.861942,-0.11694619,0.014470291,0.00016271097
56784000,-0.0031139038,0.0064400574,-9.859545,-0.11651194,0.013824537,-0.00018571172
56788000,-0.009848341,0.014932923,-9.858763,-0.115795255,0.013827114,-0.00038574758
56792000,-0.012186099,0.009969855,-9.859048,-0.11531977,0.01325558,-0.0001671814
56796000,-0.006794217,0.0073462734,-9.845606,-0.11400245,0.012310905,-0.00043819018
56800000,-0.008036918,0.013809242,-9.849834,-0.113666475,0.012584395,-0.0008918419
56804000,-0.0040480075,0.009445993,-9.861837,-0.11441252,0.01378392,-0.0013428791
56808000,-0.00013165828,0.0027259802,-9.856595,-0.11434033,0.013457937,-0.00037478123
56812000,-0.0027715145,0.0037345015,-9.848055,-0.113567874,0.013119035,0.00025014745
56816000,-0.0024304332,0.009115822,-9.855846,-0.11203418,0.012867241,-0.0008042547
56820000,-0.0063697905,0.0038427666,-9.862435,-0.11205395,0.011890039,-0.00029076752
56824000,-0.01192156,0.0028923193,-9.859308,-0.11260451,0.011397304,0.00088883255
56828000,-0.008492495,0.0050505158,-9.856965,-0.11137141,0.010671369,0.0013732741
56832000,-0.005175607,0.00017084875,-9.851494,-0.11010033,0.01016329,0.000841723
56836000,-0.0042940928,-0.0001543475,-9.853425,-0.10992491,0.009931686,0.00024598202
56840000,-0.009932762,0.0023299004,-9.856306,-0.10940839,0.009829806,0.0004947552
56844000,-0.010788527,0.0060801646,-9.859226,-0.108908236,0.010765498,0.0008174208
56848000,-0.0073479326,0.0063124616,-9.858024,-0.10705052,0.010586556,0.0009988744
56852000,-0.01035046,-0.0007330287,-9.848963,-0.106316335,0.0106898,0.0008807238
56856000,-0.007905378,9.718447e-06,-9.850459,-0.10608083,0.009824792,0.00079685776
56860000,-0.0056792377,0.006071902,-9.854557,-0.10514699,0.008600567,0.00010890019
56864000,-0.0044163307,0.006446068,-9.855956,-0.1055128,0.008307316,0.00033717576
56868000,-0.0051196916,0.0044258363,-9.848713,-0.104614414,0.009020784,0.0022079672
56872000,-0.005133679,0.0002500835,-9.849285,-0.10445109,0.009496516,0.0010440957
56876000,-0.0024811635,0.002340341,-9.851701,-0.10475406,0.008394002,-0.00054900703
56880000,-0.0081117805,0.002870734,-9.850296,-0.10407729,0.008101533,0.001236296
56884000,-0.01043256,0.003637663,-9.852094,-0.103740916,0.0079787485,0.0012452585
56888000,-0.00020526283,0.006278191,-9.850889,-0.10283419,0.006976174,0.00064227486
56892000,0.0005484194,0.001082407,-9.8436365,-0.10152654,0.0060438733,0.0010185565
56896000,-0.008657234,-0.0043197777,-9.838186,-0.101834536,0.005317881,0.0010896132
56900000,-0.008637741,-0.0017068462,-9.845285,-0.101397246,0.00566663,0.0010373769
56904000,-0.0034792053,0.000847926,-9.844759,-0.09991054,0.0065866476,0.0010528953
56908000,-0.0038327079,0.00040415223,-9.838638,-0.10024507,0.0065288753,0.00064238417
56912000,-0.006811925,0.0020481478,-9.841983,-0.0996743,0.0064077536,0.00056214613
56916000,-0.008149751,-0.00037526988,-9.844545,-0.09793037,0.005727918,0.0011886299
56920000,-0.010371623,-0.0014560083,-9.841587,-0.097791485,0.0054184874,0.00078320655
56924000,-0.0072729695,-0.002164163,-9.843574,-0.097298004,0.0051847263,0.00058634585
56928000,0.003668897,-0.0070520365,-9.841148,-0.09614369,0.0047147116,0.00095122505
56932000,0.0042483257,-0.004985958,-9.841581,-0.09604274,0.0050525307,0.00079194905
56936000,0.00074598944,-0.00014101273,-9.844093,-0.09658107,0.0047246977,0.000847743
56940000,-0.002554238,0.0026720734,-9.844953,-0.09571436,0.0045695966,0.00047289243
56944000,-0.007821197,0.005121758,-9.84763,-0.095361665,0.004587646,0.0011716712
56948000,-0.0022750874,-0.005495419,-9.839733,-0.095842525,0.0032971024,0.0019165766
56952000,-0.000523461,-0.008747963,-9.832647,-0.09535376,0.0019350917,0.0010159976
56956000,-0.0063070455,-0.0027314266,-9.836614,-0.09462871,0.0018896388,0.00030908143
56960000,-0.0017845766,-0.001535032,-9.838608,-0.09243744,0.0021364507,0.00029845425
56964000,0.0013911406,-0.004024724,-9.839399,-0.09094003,0.0023239388,0.00089349906
56968000,-0.009993055,-0.009317011,-9.843399,-0.09062361,0.0020910099,0.001155068
56972000,-0.009509983,-0.0063443114,-9.840046,-0.090615585,0.0014162713,0.0010799075
56976000,-0.0077273417,-0.00033139004,-9.8354225,-0.09020095,0.00064898684,0.0007744237
56980000,-0.014401674,0.00062436546,-9.840325,-0.08980523,0.00019645995,0.00034346335
56984000,-0.007743678,-0.010260096,-9.837021,-0.090532124,0.0012639401,-0.00012336226
56988000,-0.008705585,-0.013656251,-9.837038,-0.089683056,0.0021581755,0.0006385861
56992000,-0.012525758,-0.0038297134,-9.846024,-0.08884716,0.0017816682,0.0007753188
56996000,-0.007658798,-0.00722041,-9.841932,-0.088524155,0.0021133132,-0.00030928364
57000000,-0.00038681465,-0.006154193,-9.842875,-0.08726394,0.001848231,8.342609e-05
57004000,0.002306718,-0.0016303925,-9.847469,-0.08734728,0.00058909436,-4.5463432e-05
57008000,-0.0033176092,-0.0025042566,-9.840878,-0.0866072,0.00030722792,0.00045393553
57012000,-0.0047745197,-0.008154305,-9.836411,-0.08443126,-0.0003383853,0.0017187994
57016000,0.0017087602,-0.017535299,-9.838095,-0.083573624,-0.0002787077,0.0014474777
57020000,0.00069086684,-0.012392952,-9.841451,-0.08349004,4.368051e-05,0.0011805061
57024000,-0.005528558,-0.0021907068,-9.838044,-0.08309558,0.0005561916,0.0012435206
57028000,-0.004896615,-0.0055671367,-9.835511,-0.082700044,0.00042935612,0.0011851684
57032000,-0.008151525,-0.01044844,-9.836253,-0.082132384,-0.00060735655,0.00089207833
57036000,-0.00591048,-0.0066901897,-9.836649,-0.08083083,-0.00024429624,0.00042136345
57040000,-0.0016485213,-0.0010611429,-9.83947,-0.08004366,-0.0016024249,-2.0865933e-05
57044000,-0.012029938,0.0030433824,-9.835789,-0.08012405,-0.00261951,7.8533696e-05
57048000,-0.010288263,-0.004503866,-9.826404,-0.07946966,-0.0022543552,0.00036747562
57052000,0.0009447863,-0.012506389,-9.828349,-0.07956516,-0.0023550591,0.00082095125
57056000,-0.0015210853,-0.007692528,-9.837884,-0.07980271,-0.0024297968,0.0010691399
57060000,-0.0072861174,-0.00650561,-9.839237,-0.078446925,-0.0030632121,0.000113966846
57064000,-0.0041884836,-0.008897261,-9.835876,-0.07750812,-0.0030764425,2.2233378e-05
57068000,0.001275391,-0.0024059063,-9.827861,-0.077338874,-0.0026880612,0.0005862715
57072000,0.003714981,-0.0019499325,-9.832577,-0.07681213,-0.0032006854,0.0005272831
57076000,-0.00364838,-0.0040991474,-9.832867,-0.07619791,-0.0041242414,0.0006947173
57080000,-0.008583874,-0.0008199636,-9.822624,-0.0752944,-0.0045118,0.0011091218
57084000,-0.006488799,-0.003489364,-9.8198395,-0.0747792,-0.0051184143,0.0008751108
57088000,-0.003535936,-1.5366002e-05,-9.825472,-0.07456089,-0.0045899195,0.00082419685
57092000,-0.0003582222,0.0019771906,-9.824404,-0.073502794,-0.0039978493,0.0009106609
57096000,-0.0009882521,-0.0039054707,-9.820086,-0.07270168,-0.0043086433,0.00054018735
57100000,-0.002267162,-0.0038635125,-9.823317,-0.0721571,-0.0046052122,0.0006973456
57104000,-0.004864506,-0.009978802,-9.827053,-0.07066696,-0.0042250175,0.00063226704
57108000,-0.004427129,-0.0087893475,-9.837225,-0.06913684,-0.0046321563,-4.910223e-05
57112000,-0.005150903,0.00046245143,-9.83957,-0.06916316,-0.0059026997,-0.00049021863
57116000,-0.0043462976,-0.006046425,-9.83111,-0.0689735,-0.0059359735,-0.00040654407
57120000,-0.008016437,-0.00903342,-9.823516,-0.06825936,-0.005352953,-3.5162575e-05
57124000,-0.0032128268,-0.005135703,-9.824303,-0.068344876,-0.005039142,-0.0003202262
57128000,0.0018407595,-0.0045188805,-9.827898,-0.06795964,-0.0062872353,0.00013996864
57132000,-0.0065505486,-0.0063690953,-9.827991,-0.06651394,-0.0072622844,4.4965793e-05
57136000,-0.0031424474,-0.0060871947,-9.823776,-0.06539923,-0.006613171,-0.0011176084
57140000,-0.002695358,-0.003100917,-9.823455,-0.065190785,-0.0064515183,-0.0011523295
57144000,-0.007876313,-0.007660026,-9.821491,-0.06486314,-0.0066257846,0.0003157808
57148000,-0.006668456,-0.008659785,-9.819607,-0.06455016,-0.0063197506,0.00089271006
57152000,-0.0056896075,-0.008944065,-9.825362,-0.06408261,-0.007252948,0.0006781669
57156000,-0.004360875,-0.0062884237,-9.826969,-0.063431144,-0.0071928734,0.0018339418
57160000,-0.0025987565,-0.0069371155,-9.8211565,-0.06334902,-0.006761332,0.0016489201
57164000,0.0012656744,-0.009865418,-9.817294,-0.06220756,-0.008165154,-0.00020400513
57168000,0.0015007321,-0.0040674326,-9.81855,-0.06129167,-0.008464541,-0.0009929923
57172000,0.0010835672,-0.0077009536,-9.817642,-0.061060075,-0.008078638,0.0005132421
57176000,-0.0006188691,-0.01196723,-9.820946,-0.06081991,-0.007823318,0.0014502272
57180000,-0.0064498554,-0.009881272,-9.821922,-0.060664095,-0.007472923,0.001301303
57184000,-0.00720229,-0.015615271,-9.812936,-0.059978656,-0.007866699,0.0014249905
57188000,-0.0042564315,-0.014911072,-9.807646,-0.05954711,-0.008133296,0.0011771747
57192000,0.00018546134,-0.008639298,-9.814407,-0.05875603,-0.008244535,0.00062788854
57196000,0.0041923174,-0.009805525,-9.821402,-0.058825616,-0.0074755745,0.0002512197
57200000,0.0023634336,-0.0129961325,-9.813296,-0.05806596,-0.0071251406,0.00049311353
57204000,-0.0032320977,-0.012222681,-9.804853,-0.056895513,-0.008313962,0.0013859189
57208000,-0.0006107745,-0.007982833,-9.812656,-0.056233563,-0.008909322,0.0008641764
57212000,0.00031355146,-0.0022615327,-9.816235,-0.053824697,-0.008568176,-0.0003456298
57216000,0.004042888,-0.0034897518,-9.810919,-0.052424334,-0.007444872,-0.00040294637
57220000,0.005235153,-0.004320929,-9.810247,-0.052459307,-0.007541434,4.0318762e-05
57224000,0.0044440445,0.00029702694,-9.810478,-0.052937634,-0.00857496,0.0005405215
57228000,0.0032734093,-0.003478248,-9.815224,-0.053461906,-0.008925697,0.0007713246
57232000,-0.0036013913,-0.008616752,-9.81752,-0.053551238,-0.008380411,-7.0815855e-05
57236000,-0.004193793,-0.010695568,-9.807015,-0.05258688,-0.008756871,-0.0002786484
57240000,0.0019737664,-0.009510762,-9.806473,-0.05087435,-0.009095907,0.0004047028
57244000,0.0016428402,-0.006968864,-9.81708,-0.050022196,-0.008362982,-0.00023145135
57248000,-0.0005573479,-0.0035211337,-9.817909,-0.04939547,-0.008308737,6.365844e-05
57252000,-0.0047198087,-0.0066385423,-9.811381,-0.049410656,-0.008751417,0.0006381547
57256000,-0.008052213,-0.01306783,-9.8124275,-0.048711415,-0.009361241,-0.00019932985
57260000,-0.00165515,-0.011532192,-9.809763,-0.046993505,-0.009571578,-0.0010968829
57264000,-0.0045407284,-0.004947962,-9.807274,-0.046578147,-0.009159343,-0.000627538
57268000,-0.0043722647,-0.0079304045,-9.810711,-0.045953956,-0.009049099,-0.0004108801
57272000,0.0058451737,-0.01289977,-9.800067,-0.04581049,-0.009946037,-0.0007424024
57276000,0.005806373,-0.010719024,-9.802998,-0.045778695,-0.009593179,-0.00012230659
57280000,-0.0011983513,-0.01160848,-9.81455,-0.0454399,-0.008985357,0.0005807141
57284000,0.0040506762,-0.0099680675,-9.813843,-0.044781107,-0.0093833525,0.0009172367
57288000,0.0021260544,-0.0044928263,-9.814161,-0.04362627,-0.009176991,-0.0001205339
57292000,-0.0060623875,-0.005563653,-9.80966,-0.043414097,-0.009306766,-0.0010155366
57296000,-0.005983662,-0.008321711,-9.8062725,-0.043677524,-0.0098837735,-0.0008497161
57300000,-0.0031917926,-0.01368782,-9.807903,-0.04360215,-0.010144516,-0.0005607978
57304000,-0.0027655507,-0.01470238,-9.805234,-0.042134713,-0.009942077,0.0006725532
57308000,-0.0032662947,-0.01347154,-9.804627,-0.04085937,-0.009295785,0.00096786016
57312000,-0.002305729,-0.014355306,-9.806639,-0.040251475,-0.008644602,-0.00046328714
57316000,-0.005483698,-0.011157489,-9.807365,-0.0402059,-0.009362566,-0.0014048143
57320000,-0.0031798007,-0.0134313805,-9.798677,-0.041081596,-0.010375288,-0.0007308289
57324000,0.0034107193,-0.014594739,-9.801928,-0.040511828,-0.01043698,0.000389117
57328000,0.0060000177,-0.010938599,-9.811874,-0.038898483,-0.010466565,-0.0003689254
57332000,0.0010179481,-0.00972794,-9.806074,-0.038115233,-0.009522072,-0.0003745891
57336000,0.00096892595,-0.01130454,-9.795992,-0.038096804,-0.0087926695,0.00085021346
57340000,0.0020109126,-0.018947596,-9.798725,-0.03705537,-0.009213544,0.00069971813
57344000,-0.00277336,-0.012415568,-9.810591,-0.036087736,-0.009779012,0.00023090892
57348000,-0.003041803,-0.0071291886,-9.808323,-0.037023947,-0.009585324,-0.00043366838
57352000,-0.004194124,-0.018110827,-9.803129,-0.036280505,-0.00873145,-0.0009556351
57356000,-0.007146177,-0.008341082,-9.801371,-0.03588572,-0.00875777,-0.0008692199
57360000,-0.0051349523,-0.00410594,-9.79996,-0.035987858,-0.008613691,0.0002142552
57364000,0.003815943,-0.011387247,-9.802328,-0.03428854,-0.008439401,0.00047529783
57368000,0.0075103017,-0.01325402,-9.801811,-0.033054918,-0.008256636,0.0007130212
57372000,0.0048142252,-0.013726554,-9.802042,-0.03294261,-0.0075254664,0.001360411
57376000,-0.001048673,-0.015673688,-9.802282,-0.033253625,-0.0071374173,0.00042464514
57380000,-0.00360845,-0.012755285,-9.801971,-0.033355005,-0.007773574,0.00033921868
57384000,0.0021393313,-0.005407191,-9.80403,-0.032908984,-0.009057815,0.00027595367
57388000,-0.0019348859,-0.0055619394,-9.79865,-0.03160504,-0.008594559,0.00030828494
57392000,-0.0052564857,-0.008670495,-9.796403,-0.031205865,-0.0071812356,0.0004803237
57396000,-0.0012254522,-0.015532905,-9.795404,-0.03082502,-0.007378222,0.00032285028
57400000,0.0019694804,-0.010550583,-9.794426,-0.03116332,-0.0076064346,0.0005379206
57404000,0.0057554804,-0.012505721,-9.807711,-0.031327296,-0.007567,0.0005840312
57408000,0.0060265446,-0.015373567,-9.809738,-0.030197268,-0.0080698375,0.00089255715
57412000,0.0062583005,-0.006068266,-9.801391,-0.030196495,-0.0077026924,0.0008532508
57416000,0.002723428,-0.004772208,-9.798882,-0.02943684,-0.007518653,0.00078848825
57420000,0.0060332576,-0.011477871,-9.797638,-0.027671633,-0.008310163,0.0014920693
57424000,0.0076736743,-0.015325855,-9.799971,-0.02798756,-0.008059064,0.000684673
57428000,-0.000999836,-0.012859798,-9.797522,-0.028670937,-0.007814554,0.00039410504
57432000,-0.000114012626,-0.011752769,-9.790565,-0.02760844,-0.0075053675,0.0007038595
57436000,-0.0033593313,-0.0067554824,-9.787173,-0.026898613,-0.006339557,0.0005528897
57440000,-0.006749135,-0.011562538,-9.791315,-0.026683673,-0.0058010817,0.0010581727
57444000,-0.00072341686,-0.0121606765,-9.795479,-0.02559811,-0.006161309,0.00042404415
57448000,0.005432884,-0.013107444,-9.793289,-0.024154335,-0.006162416,4.7815167e-05
57452000,0.001876635,-0.019167822,-9.801306,-0.023501683,-0.005569054,0.00033765257
57456000,-0.0013525485,-0.0149651645,-9.805431,-0.024002941,-0.004882171,-0.00019543285
57460000,0.0041962387,-0.01330814,-9.803369,-0.024743488,-0.00435422,-0.000287066
57464000,0.0016009555,-0.016942643,-9.803402,-0.02414076,-0.0037116597,-0.0006005092
57468000,-0.004331708,-0.014187132,-9.803755,-0.023756292,-0.0040625096,-0.0006206366
57472000,-0.0017646373,-0.008725229,-9.803095,-0.023675872,-0.0045050825,0.00049301254
57476000,0.0069827773,-0.01251616,-9.797865,-0.02309708,-0.0034697414,0.00012469679
57480000,0.009272214,-0.016243292,-9.797963,-0.023116551,-0.0031286753,-3.7729245e-05
57484000,-0.006125306,-0.010464029,-9.796692,-0.022439133,-0.0025921469,-0.0002495191
57488000,-0.009512418,-0.010950279,-9.798616,-0.022501044,-0.003335444,-0.00028884772
57492000,0.0036290472,-0.013399648,-9.802494,-0.022521203,-0.0035874767,0.00034509425
57496000,0.006219482,-0.009694353,-9.810022,-0.02133735,-0.0030357924,-0.0004863531
57500000,0.003055018,-0.0112394,-9.806946,-0.021246085,-0.004300895,-0.0005838997
57504000,0.0020653435,-0.010230612,-9.798658,-0.021659374,-0.0044043716,0.0003193024
57508000,0.0032175998,-0.010066142,-9.799343,-0.021360494,-0.003712659,0.00076656934
57512000,0.0030245343,-0.017550789,-9.80592,-0.02034183,-0.0037349355,0.00014168271
57516000,0.0017387101,-0.020182587,-9.801595,-0.020103032,-0.0037434269,-0.00011720226
57520000,0.004819508,-0.015719412,-9.789414,-0.020192403,-0.003249842,0.0005116826
57524000,0.0071551036,-0.012617314,-9.792882,-0.01862131,-0.0023241902,0.00076834025
57528000,0.003981822,-0.011300031,-9.797911,-0.018010605,-0.002173364,0.0009054072
57532000,0.0046069305,-0.012753317,-9.79889,-0.017851576,-0.001826791,-0.00040259204
57536000,0.0054327436,-0.01699223,-9.8043,-0.01778026,-0.00089420634,0.00021516059
57540000,0.006283921,-0.018773846,-9.810457,-0.017320853,-0.0006527298,0.0010070072
57544000,0.0062550753,-0.0133514535,-9.805893,-0.015908264,-0.0011398357,0.00011421751
57548000,0.0061982255,-0.0062202336,-9.802043,-0.016413083,-0.0014739798,0.0007609883
57552000,0.0076032663,-0.0049297493,-9.793877,-0.016776528,-0.0011820276,0.00015087276
57556000,0.005398187,-0.013948335,-9.791422,-0.016511956,-0.0007515525,9.8544886e-05
57560000,-0.0001604647,-0.014068432,-9.797586,-0.016485306,-0.0005212169,1.3900815e-05
57564000,-0.0016380684,-0.009338414,-9.795773,-0.016391257,0.0001627961,-0.00020557472
57568000,-0.0008021184,-0.014511606,-9.798016,-0.016344018,0.0012494951,0.0001607146
57572000,0.0036598402,-0.01232443,-9.792496,-0.015905786,0.000915195,0.00038423733
57576000,0.0022532996,-0.013816578,-9.787937,-0.015633758,7.503017e-06,0.00030282326
57580000,-0.004631418,-0.01002789,-9.800131,-0.016234057,6.993669e-05,0.00065111474
57584000,-0.00102379,-0.0044476124,-9.805462,-0.016607624,6.823187e-05,3.0566724e-05
57588000,0.0069209975,-0.011573674,-9.801065,-0.015522935,0.00065435196,-0.0013249317
57592000,0.007237978,-0.016578922,-9.799652,-0.014388147,0.0020529123,-0.00059002126
57596000,0.0021643739,-0.020150343,-9.788722,-0.01507209,0.0024095422,0.0003322378
57600000,0.0017110505,-0.018998478,-9.781536,-0.015441147,0.0027411962,0.00090309634
57604000,0.0017196741,-0.012242901,-9.792833,-0.014384464,0.0035898285,0.0010969215
57608000,-0.0020085669,-0.0047293655,-9.800823,-0.013442582,0.0029318612,0.001445369
57612000,0.005415298,-0.008421086,-9.795386,-0.012902505,0.0025083378,0.0007012892
57616000,0.0123880925,-0.015070931,-9.790115,-0.012509584,0.0030363721,-0.0011283095
57620000,0.006665023,-0.012833895,-9.787857,-0.01167914,0.0034869455,-0.00051664014
57624000,0.0024669461,-0.0069184597,-9.782167,-0.01128537,0.0043723267,0.00041296973
57628000,0.002439164,-0.010171692,-9.789114,-0.01112917,0.003786886,-0.00021269721
57632000,0.0041202474,-0.013400193,-9.794095,-0.011387582,0.004003815,0.00015443639
57636000,0.0030771228,-0.013106446,-9.794364,-0.011491808,0.00411351,-0.00020074389
57640000,0.0016267665,-0.0105888415,-9.794975,-0.010439989,0.0038395997,1.3500274e-05
57644000,0.0011306668,-0.011548576,-9.796941,-0.010258804,0.0053867046,0.0010175095
57648000,-0.0005748928,-0.015476831,-9.798714,-0.011394277,0.0057906117,-7.5914244e-07
57652000,0.0045294613,-0.013756451,-9.791084,-0.012021669,0.005213868,-0.0010892481
57656000,0.007925421,-0.01475515,-9.78887,-0.011189261,0.005166533,-0.00022005856
57660000,0.005873706,-0.0155376075,-9.796597,-0.010919153,0.005545781,0.0005210786
57664000,0.007644938,-0.011811696,-9.796242,-0.011268052,0.0058782552,-0.00034114977
57668000,0.005703197,-0.011134148,-9.788162,-0.010713511,0.005740216,-0.001109096
57672000,0.0021710177,-0.015397159,-9.785793,-0.009027737,0.006370874,-0.00018719604
57676000,0.0008202102,-0.01660333,-9.788169,-0.008875231,0.006899025,0.00079946226
57680000,-5.8800484e-05,-0.017522061,-9.791294,-0.009469325,0.007156669,0.00080429664
57684000,0.0100518735,-0.012805805,-9.788382,-0.009403351,0.0067153242,0.00134228
57688000,0.015001232,-0.0068777166,-9.792209,-0.009228669,0.0063008536,0.002444624
57692000,0.0049650245,-0.009459861,-9.795705,-0.00798721,0.0075476845,0.0017166444
57696000,0.0009063139,-0.010105065,-9.790499,-0.008007718,0.008426242,0.0007593674
57700000,0.0024294117,-0.009714947,-9.793063,-0.008143778,0.009106647,0.00036689086
57704000,0.004453318,-0.015715022,-9.799385,-0.008456597,0.009398088,0.0009551579
57708000,0.0025207766,-0.01586557,-9.792557,-0.008951647,0.010104017,0.0022111
57712000,0.0014374016,-0.010076247,-9.784115,-0.008897615,0.010681476,0.0018466599
57716000,0.0006513496,-0.0013282682,-9.784861,-0.00921333,0.010429915,0.0012055371
57720000,-0.00060793175,-0.004711876,-9.78352,-0.009455172,0.0108170565,0.00013845736
57724000,0.004958313,-0.013218652,-9.785473,-0.009670306,0.01130461,0.00020774044
57728000,0.00689301,-0.009746695,-9.787591,-0.009235536,0.011723474,0.0009384672
57732000,0.0030803832,-0.012351757,-9.783215,-0.009188902,0.011796066,0.0009840057
57736000,-0.0010163533,-0.018488219,-9.777733,-0.008498334,0.011342012,0.0013966465
57740000,0.0012167331,-0.020988695,-9.786547,-0.0077271014,0.012301084,0.0011850811
57744000,0.0063902987,-0.011713752,-9.7960825,-0.0078042694,0.013539236,0.0010919762
57748000,0.00304556,-0.005576406,-9.791403,-0.008646043,0.013250334,0.0007066215
57752000,0.0015239328,-0.010988432,-9.787207,-0.008475472,0.013158625,0.00014753419
57756000,0.0030474332,-0.012981366,-9.7848015,-0.0067163818,0.013396522,7.913585e-05
57760000,0.0070608975,-0.0142232105,-9.784201,-0.0068923244,0.013698309,-0.00017339861
57764000,0.004585657,-0.012694716,-9.781952,-0.0073850816,0.014852793,0.00096458895
57768000,0.009967718,-0.012328374,-9.787905,-0.007559722,0.013846581,0.0021256541
57772000,0.013236668,-0.01667291,-9.788756,-0.0069947788,0.0134793,0.0010328535
57776000,0.0017307084,-0.01609454,-9.790768,-0.006875761,0.014644476,0.000574438
57780000,0.004968367,-0.0064243358,-9.793858,-0.00689437,0.0149683105,0.0018689687
57784000,0.010005015,-0.007701362,-9.783939,-0.0066672303,0.015639,0.0018016924
57788000,0.012990435,-0.012307242,-9.782332,-0.0064504226,0.015187655,0.0013734513
57792000,0.008415168,-0.007866837,-9.776993,-0.006306709,0.015115734,0.0015574703
57796000,0.00074220053,-0.00021775287,-9.773521,-0.006210376,0.0160372,0.0018884012
57800000,0.003463898,-0.0019758644,-9.771109,-0.005456775,0.016240967,0.0028709706
57804000,0.009493696,-0.010710201,-9.7690525,-0.0052464018,0.01694771,0.0014195342
57808000,0.016790446,-0.009816625,-9.779516,-0.0058184117,0.01819042,6.3835345e-05
57812000,0.013299255,-0.004640625,-9.780206,-0.0058609364,0.017639978,0.0012047943
57816000,0.0014382806,-0.0029265978,-9.771258,-0.0063116583,0.017702146,0.0020848687
57820000,0.0017131339,-0.0060658767,-9.76819,-0.007221015,0.01850281,0.0023412548
57824000,0.0026715756,-0.00923772,-9.777555,-0.0058751875,0.018347288,0.0016331788
57828000,0.0045736567,-0.0131264385,-9.788067,-0.0046872934,0.016728912,0.0010410739
57832000,0.011520823,-0.0075445944,-9.78817,-0.004348995,0.016099678,0.0013491132
57836000,0.009257382,-0.009204088,-9.782409,-0.0051932787,0.017340539,0.000822619
57840000,0.007918834,-0.013067612,-9.781893,-0.005426547,0.01778349,5.134605e-05
57844000,0.011987561,-0.011971156,-9.784136,-0.0053160903,0.018041546,0.0012044751
57848000,0.012903025,-0.015845949,-9.784265,-0.0047482457,0.017760552,0.0013467832
57852000,0.0105109885,-0.022795161,-9.7867365,-0.0038597633,0.017981699,0.000113840426
57856000,0.012823528,-0.021719715,-9.782524,-0.004150609,0.019122757,-0.00023860898
57860000,0.0132353995,-0.011922888,-9.780295,-0.0041282824,0.020156197,-8.479836e-05
57864000,0.0015195499,-0.008698414,-9.785023,-0.0045915507,0.019807206,0.000672626
57868000,-0.0006514125,-0.012383165,-9.782192,-0.005367029,0.019846007,0.0011716887
57872000,0.007963115,-0.012863223,-9.782706,-0.005480488,0.02015447,0.001193409
57876000,0.011356983,-0.01137756,-9.78885,-0.0046720686,0.019854145,4.2626098e-06
57880000,0.008749681,-0.011700471,-10.10767,-0.0040016063,0.018108128,-0.0009850054
57884000,0.0028383103,-0.013134254,-10.65827,-0.0042332155,0.011568241,-0.00023117563
57888000,0.003951813,-0.010736725,-11.059245,-0.004673742,-0.004149547,0.00038668388
57892000,-0.005059112,-0.003703047,-11.361619,-0.0055648237,-0.031853028,0.0009500912
57896000,-0.013996403,-0.011246652,-11.619381,-0.00698288,-0.07702115,0.0017348655
57900000,-0.025142822,-0.011353153,-11.833748,-0.009712888,-0.14010051,0.0019885255
57904000,-0.040934168,-0.0030508717,-11.983812,-0.012693966,-0.21606538,0.00050729327
57908000,-0.05193434,-0.008749246,-12.072944,-0.014996458,-0.30287454,0.000520938
57912000,-0.06632236,-0.011928066,-12.120976,-0.01837964,-0.39652014,0.0009820419
57916000,-0.07383843,-0.010680439,-12.135643,-0.021193627,-0.4958298,0.00013507459
57920000,-0.07502945,-0.014869891,-12.115591,-0.024629205,-0.60036695,0.00053136627
57924000,-0.082323894,-0.013342037,-12.087307,-0.029255945,-0.7068547,0.0009870384
57928000,-0.09345934,-0.010769652,-12.049398,-0.032527633,-0.81108236,0.0007614539
57932000,-0.08883296,-0.015375834,-12.000347,-0.03606601,-0.9120213,0.0008851349
57936000,-0.086393006,-0.015495583,-11.940802,-0.03942563,-1.0099856,0.0006012656
57940000,-0.097560264,-0.015362851,-11.890383,-0.043635797,-1.1032221,0.0014193285
57944000,-0.10059879,-0.017663559,-11.840761,-0.04766696,-1.1900907,0.0015426276
57948000,-0.09781508,-0.013392762,-11.777015,-0.04858936,-1.2696669,-0.0006105565
57952000,-0.09789119,-0.014240703,-11.722116,-0.050126005,-1.3418806,-0.0009334605
57956000,-0.094876975,-0.012482789,-11.665308,-0.05135196,-1.4067469,-0.00096289976
57960000,-0.09644931,-0.008796505,-11.597984,-0.05158296,-1.4653056,-0.0006316472
57964000,-0.09600572,-0.008007735,-11.531358,-0.054544803,-1.5169154,-8.2177256e-05
57968000,-0.09266404,-0.0033842216,-11.462195,-0.05724206,-1.5606759,-0.00019190295
57972000,-0.09805031,-0.0017143695,-11.389922,-0.057730075,-1.5989666,0.00023364766
57976000,-0.100730866,-0.0060903984,-11.312948,-0.058828413,-1.6328576,0.00023764421
57980000,-0.09486961,-0.011424345,-11.236208,-0.06040124,-1.6607317,-0.0003483284
57984000,-0.09008499,-0.014860853,-11.168453,-0.060373627,-1.6826644,-0.0011099308
57988000,-0.09141672,-0.01185759,-11.09181,-0.058405988,-1.7009008,-0.00072497095
57992000,-0.09456973,-0.010118482,-11.014011,-0.05747398,-1.7138431,-0.00019407074
57996000,-0.09320312,-0.008060665,-10.945206,-0.057667803,-1.7239277,-0.001257552
58000000,-0.089077845,-0.007490168,-10.875614,-0.058003183,-1.7319078,-0.0019356237
58004000,-0.08831733,-0.012857543,-10.799956,-0.05930779,-1.7356961,-0.00065909355
58008000,-0.08485407,-0.0077496297,-10.73055,-0.061532903,-1.7359564,-0.0005294181
58012000,-0.081075504,-0.008531747,-10.660213,-0.062691666,-1.7324326,-0.0019152885
58016000,-0.08162912,-0.003590117,-10.602982,-0.061994776,-1.7277153,-0.0025591746
58020000,-0.08093668,-0.002714535,-10.551823,-0.061469503,-1.7200322,-0.0026094061
58024000,-0.07216506,-0.0062257987,-10.489332,-0.06072652,-1.7088093,-0.003009152
58028000,-0.070264086,-0.0037442616,-10.436566,-0.05838003,-1.696674,-0.0026306952
58032000,-0.071224846,-0.0062700585,-10.382784,-0.056519162,-1.6829944,-0.0017583956
58036000,-0.06141037,-0.009150365,-10.323072,-0.05585527,-1.6665745,-0.0019035774
58040000,-0.0632526,-0.012870864,-10.269651,-0.05531028,-1.6470921,-0.0013013266
58044000,-0.06802961,-0.009942401,-10.216575,-0.05508393,-1.6276662,-0.0022222176
58048000,-0.061605506,-0.007948576,-10.164928,-0.05490859,-1.6073025,-0.0032724128
58052000,-0.06586253,-0.013141733,-10.122108,-0.055477824,-1.5840576,-0.0026943246
58056000,-0.066002265,-0.010233534,-10.072649,-0.055958834,-1.5602932,-0.0027895197
58060000,-0.05811236,-0.0043509332,-10.030487,-0.05366833,-1.536449,-0.0033789256
58064000,-0.054123268,-0.009050114,-9.994331,-0.05043228,-1.5113921,-0.0028189118
58068000,-0.05765696,-0.012773513,-9.954203,-0.048464943,-1.4855738,-0.003091719
58072000,-0.059610087,-0.006174276,-9.911932,-0.047185637,-1.4578004,-0.0044876253
58076000,-0.057071432,-0.0016564381,-9.867695,-0.045685284,-1.4291307,-0.004470736
58080000,-0.058046572,-0.0024799064,-9.82929,-0.046255462,-1.4012325,-0.0046040537
58084000,-0.060800664,-0.0063979686,-9.79414,-0.04588608,-1.3720567,-0.004056525
58088000,-0.059544817,-0.009185905,-9.757155,-0.044817388,-1.3420508,-0.0037318354
58092000,-0.048032843,-0.0022735137,-9.720402,-0.04511591,-1.3136669,-0.004803406
58096000,-0.0495573,-0.003369445,-9.691226,-0.044125985,-1.2846673,-0.00521556
58100000,-0.055461325,-0.009432363,-9.6631775,-0.042263336,-1.2542694,-0.0053030853
58104000,-0.04891426,-0.008082886,-9.637865,-0.039557215,-1.2242393,-0.005341542
58108000,-0.05131743,-0.009040171,-9.619007,-0.03714687,-1.1941831,-0.005897157
58112000,-0.0552872,-0.012975807,-9.590353,-0.035110872,-1.1640203,-0.006544026
58116000,-0.053012356,-0.013139013,-9.561243,-0.034121122,-1.1337863,-0.006405685
58120000,-0.055197373,-0.011548896,-9.544342,-0.032911096,-1.1025517,-0.0058510066
58124000,-0.050192334,-0.010787686,-9.522902,-0.03251407,-1.0725695,-0.005355482
58128000,-0.045692347,-0.0063946415,-9.49605,-0.03319397,-1.0442549,-0.0059065484
58132000,-0.04466208,-0.007945833,-9.473547,-0.031607818,-1.0137897,-0.0060741915
58136000,-0.044473648,-0.009732035,-9.457114,-0.03039435,-0.98479235,-0.0055621634
58140000,-0.05245158,-0.0048193135,-9.437489,-0.030060373,-0.9567178,-0.006241797
58144000,-0.052540354,-0.008104425,-9.423048,-0.028491572,-0.9268837,-0.005997834
58148000,-0.04452636,-0.006668924,-9.41716,-0.027258346,-0.89755046,-0.005638253
58152000,-0.04635014,-0.008096962,-9.407073,-0.025956595,-0.868412,-0.0061608683
58156000,-0.046957478,-0.009226511,-9.386665,-0.0238445,-0.8403688,-0.0056109354
58160000,-0.046958853,-0.007036655,-9.375631,-0.022659518,-0.81163216,-0.005569403
58164000,-0.04709354,-0.008753616,-9.376116,-0.022034679,-0.78389853,-0.006055829
58168000,-0.04636929,-0.003776506,-9.364399,-0.020974485,-0.7565643,-0.006120345
58172000,-0.049670797,-0.004200279,-9.351795,-0.020250428,-0.7283708,-0.0058318656
58176000,-0.054371584,-0.0032129728,-9.342781,-0.020345366,-0.70303196,-0.0069460007
58180000,-0.057142895,-0.0040563815,-9.336838,-0.019795964,-0.67732096,-0.007628351
58184000,-0.051887203,-0.007488971,-9.331683,-0.01868941,-0.6512265,-0.0072037447
58188000,-0.05045396,-0.006765571,-9.324328,-0.017199377,-0.6261653,-0.0068417573
58192000,-0.056329913,-0.009138568,-9.321407,-0.015246662,-0.6005589,-0.0071638185
58196000,-0.061975952,-0.011190545,-9.321535,-0.014483464,-0.57538104,-0.0078072324
58200000,-0.05385594,-0.011974181,-9.323131,-0.0127396155,-0.5510417,-0.006827569
58204000,-0.044627756,-0.009539955,-9.325422,-0.011943145,-0.5271795,-0.0074577224
58208000,-0.047579817,-0.009034748,-9.324085,-0.011805141,-0.5033209,-0.008114665
58212000,-0.0524444,-0.009829574,-9.320522,-0.010532416,-0.47953373,-0.0067194384
58216000,-0.054357916,-0.009358133,-9.321716,-0.010183073,-0.4568247,-0.00682484
58220000,-0.052185353,-0.008714912,-9.328921,-0.009400902,-0.43530053,-0.0073384815
58224000,-0.055719733,-0.006826524,-9.33022,-0.00784451,-0.41364294,-0.00759008
58228000,-0.05976621,-0.0071108337,-9.333441,-0.0065596285,-0.3928507,-0.008138031
58232000,-0.05417326,-0.0069382163,-9.338734,-0.006353415,-0.37293684,-0.00751404
58236000,-0.058509983,-0.0028658223,-9.335169,-0.0060842186,-0.35095543,-0.006916385
58240000,-0.062489796,-0.0059271567,-9.3399105,-0.0048299776,-0.32910395,-0.007640796
58244000,-0.06133992,-0.008552843,-9.350161,-0.003781684,-0.30868596,-0.00782474
58248000,-0.063049525,-0.00780732,-9.350399,-0.003453893,-0.28860024,-0.00662062
58252000,-0.06347643,-0.0054819845,-9.353218,-0.0030327418,-0.26919878,-0.006971942
58256000,-0.060908966,-0.011128425,-9.360413,-0.0022173338,-0.25021172,-0.008009218
58260000,-0.055464514,-0.010868437,-9.3668585,-0.0018084837,-0.23126185,-0.0072362185
58264000,-0.06545429,0.0037016203,-9.385398,-0.00047931945,-0.2136774,-0.0071729487
58268000,-0.06817868,-2.797976e-05,-9.389645,0.0007253914,-0.19751427,-0.0069320565
58272000,-0.06618747,-0.0084000155,-9.38855,0.001176562,-0.18051967,-0.007224065
58276000,-0.07162848,-0.007934687,-9.392589,0.002158427,-0.16296872,-0.008579148
58280000,-0.06964311,-0.0076488615,-9.399193,0.002760623,-0.1465444,-0.00855291
58284000,-0.06390726,-0.002125015,-9.408883,0.0025332954,-0.12978816,-0.0075686043
58288000,-0.06974134,-0.006356667,-9.417473,0.003002483,-0.113123864,-0.007050012
58292000,-0.07637978,-0.008450405,-9.433348,0.0045754537,-0.09849238,-0.0075093685
58296000,-0.07127582,-0.000521549,-9.439726,0.004642592,-0.082996614,-0.0067788702
58300000,-0.07033981,-0.0048228134,-9.443501,0.003963039,-0.06702012,-0.0064760363
58304000,-0.07190485,-0.00763205,-9.443556,0.0043415413,-0.05186988,-0.0066969153
58308000,-0.07829651,-0.00923745,-9.449369,0.0044520455,-0.03743937,-0.0066962326
58312000,-0.08602153,-0.013373326,-9.469004,0.0054947236,-0.022974761,-0.0065997764
58316000,-0.08459398,-0.0076360684,-9.475187,0.006425729,-0.008597719,-0.0067047756
58320000,-0.07903698,-0.0021586446,-9.479134,0.0067134504,0.0047860355,-0.007134464
58324000,-0.074524894,-0.0054527093,-9.488447,0.006927134,0.019053068,-0.0058877817
58328000,-0.08349257,-0.0082693035,-9.501114,0.007617622,0.033090465,-0.005890434
58332000,-0.09687419,-0.004179178,-9.515125,0.009068385,0.045262337,-0.0073590986
58336000,-0.09354296,0.00052895723,-9.522547,0.0100995,0.05778011,-0.0063732257
58340000,-0.088329606,-0.0047272607,-9.537149,0.0104372855,0.070743926,-0.005656395
58344000,-0.089146376,-0.008213697,-9.544325,0.010683928,0.08328572,-0.006288882
58348000,-0.089466155,-0.0114178425,-9.548773,0.011487077,0.094740435,-0.0057084174
58352000,-0.08978853,-0.01022734,-9.560976,0.012104427,0.10563373,-0.0050706216
58356000,-0.09268394,-0.008550785,-9.565878,0.012144953,0.117351875,-0.004999613
58360000,-0.0983229,-0.009229292,-9.574715,0.01232905,0.12812062,-0.004637689
58364000,-0.09723644,-0.005273797,-9.582023,0.012174877,0.13894764,-0.005015509
58368000,-0.09283947,-0.006859666,-9.592473,0.011863615,0.15013385,-0.0057854713
58372000,-0.09076941,-0.007944094,-9.611055,0.012688306,0.15957981,-0.00526897
58376000,-0.09639454,-0.0011903455,-9.62436,0.013661104,0.16948985,-0.004358232
58380000,-0.1011851,0.0040483763,-9.63161,0.014202315,0.18098259,-0.0039658872
58384000,-0.10105392,0.00526689,-9.64217,0.015228154,0.19053566,-0.0055664876
58388000,-0.10242624,0.0006629699,-9.655214,0.017062543,0.20033273,-0.0061024544
58392000,-0.106518544,-0.00715242,-9.6643505,0.017046653,0.21058004,-0.0043092566
58396000,-0.108954504,-0.008766874,-9.675194,0.0168842,0.21887282,-0.0041931905
58400000,-0.11138078,-0.011071025,-9.677147,0.016297892,0.22702959,-0.0045897667
58404000,-0.1137572,-0.009069752,-9.687643,0.016349606,0.23557183,-0.0046674074
58408000,-0.11423434,-0.006353009,-9.70286,0.017567176,0.24498935,-0.0039121686
58412000,-0.11277044,-0.0046207644,-9.700615,0.017688036,0.25310895,-0.0041550025
58416000,-0.114699975,-0.0014762823,-9.715664,0.018362237,0.26004738,-0.0049810708
58420000,-0.12022443,0.0020427185,-9.730712,0.018475141,0.26845527,-0.004775288
58424000,-0.117963195,0.0035299058,-9.737091,0.018068163,0.27706116,-0.00395734
58428000,-0.1187457,0.0018213468,-9.746079,0.019108301,0.2845232,-0.0038806798
58432000,-0.12246218,-0.005665717,-9.7479515,0.020102175,0.2920834,-0.0039278967
58436000,-0.12335673,-0.005227649,-9.750928,0.020422293,0.2995417,-0.003314926
58440000,-0.12027955,-0.00057059625,-9.75967,0.021195332,0.30601406,-0.0031426714
58444000,-0.120229885,-0.0020618208,-9.769434,0.021357393,0.3127197,-0.0028330155
58448000,-0.13051695,0.0026106224,-9.779314,0.021596147,0.31907704,-0.0028400116
58452000,-0.13301674,0.0020825206,-9.793614,0.021247553,0.32463464,-0.002523364
58456000,-0.1291872,0.0035047291,-9.798227,0.021526195,0.32989895,-0.0026079756
58460000,-0.13227937,-0.000113544265,-9.806908,0.022749834,0.33510894,-0.0023902543
58464000,-0.13268358,-0.0048829634,-9.811855,0.024009125,0.34095693,-0.0026501936
58468000,-0.13009427,-0.0023072592,-9.820943,0.024871862,0.34694603,-0.0030377244
58472000,-0.13124974,-0.0022754716,-9.8363285,0.024461195,0.35294372,-0.0028286353
58476000,-0.13416177,-0.0043878523,-9.842419,0.023947384,0.35958642,-0.0025420198
58480000,-0.13560818,-0.0051372866,-9.84787,0.023545716,0.36492115,-0.0026161724
58484000,-0.13707298,0.000746999,-9.86096,0.024636144,0.3697307,-0.0029054729
58488000,-0.139593,-0.0005232881,-9.871893,0.024280276,0.37554207,-0.002712718
58492000,-0.14055395,-0.003245759,-9.878853,0.023156915,0.3802917,-0.0025744238
58496000,-0.14275873,-0.0035245777,-9.893246,0.023418868,0.38387024,-0.0017356515
58500000,-0.15171564,-0.005975747,-9.897078,0.024280336,0.38813573,-0.0018097719
58504000,-0.15539148,-0.0027189553,-9.903239,0.024956249,0.39349395,-0.0016336037
58508000,-0.14718403,-0.0020097876,-9.914871,0.025061745,0.39802468,-0.0010581391
58512000,-0.14039454,-0.010541798,-9.922171,0.026394712,0.40298045,-0.001029497
58516000,-0.1417677,-0.0077531594,-9.921103,0.027112452,0.40732113,-0.00057492184
58520000,-0.14981109,0.004018438,-9.921511,0.026695184,0.4112647,-0.00061165885
58524000,-0.15035582,0.0033533606,-9.93354,0.026856309,0.41413242,-0.0021916737
58528000,-0.1508879,0.00094699574,-9.9434395,0.027530907,0.4172103,-0.0017020926
58532000,-0.15507242,0.0014694107,-9.944442,0.027616272,0.42061847,-0.0009201096
58536000,-0.15903978,-0.0060300813,-9.946587,0.027825708,0.42258745,-0.00096168934
58540000,-0.16199705,-0.009082024,-9.9502735,0.027833523,0.42597115,-0.0008993
58544000,-0.16388649,-0.0047152555,-9.9510145,0.027708316,0.42917073,-0.0006595756
58548000,-0.17275357,-0.00746527,-9.971891,0.027570348,0.43242422,0.00012812839
58552000,-0.16884695,-0.013557013,-9.980341,0.027635759,0.43541288,-0.0010253192
58556000,-0.1607996,-0.0075786635,-9.974052,0.028172461,0.4383355,-0.001362794
58560000,-0.16103786,-0.0015889495,-9.978815,0.02809063,0.44111484,-0.0010121174
58564000,-0.16449678,-0.0039360314,-9.980937,0.027943647,0.4424866,-0.0007981282
58568000,-0.16932729,-0.0022284621,-9.9922,0.028580522,0.44433147,0.00035106597
58572000,-0.1711442,-0.002267754,-10.002784,0.028600926,0.44741672,0.000389923
58576000,-0.18004051,-0.00503001,-9.9987135,0.028316088,0.44871897,-0.00026819736
58580000,-0.17925382,-0.0038706057,-10.001936,0.02948218,0.45060927,-0.0002329848
58584000,-0.17463368,-0.0020639075,-10.010877,0.030308686,0.45292354,-0.00027455293
58588000,-0.17803253,-0.0022669088,-10.014564,0.030894794,0.45493197,-0.0003556213
58592000,-0.1831246,-0.004303973,-10.023168,0.03078078,0.45760316,8.414343e-05
58596000,-0.18332449,-0.00019198541,-10.032305,0.030039547,0.45915717,0.0003604931
58600000,-0.18225273,0.0016127414,-10.034611,0.029982965,0.46075198,-0.00037566814
58604000,-0.18396391,-0.0006686243,-10.041607,0.029625168,0.4624121,-0.00033823145
58608000,-0.18934405,0.007168363,-10.0491495,0.029845374,0.46399695,0.00027580818
58612000,-0.19296485,0.006823928,-10.048529,0.029174045,0.46504164,0.00030460986
58616000,-0.18390793,-0.0008337117,-10.048367,0.028278481,0.4653244,0.00087616954
58620000,-0.18312171,-0.0037473466,-10.047113,0.029300973,0.46599495,0.0014098488
58624000,-0.18470484,-0.003172197,-10.0527525,0.029392114,0.4681546,0.0011876472
58628000,-0.19021294,-0.006837201,-10.0601635,0.029463692,0.46967918,0.0019661738
58632000,-0.19680005,-0.0066026896,-10.064488,0.030377189,0.4703262,0.0017958436
58636000,-0.19506378,-0.0031346881,-10.069669,0.031056905,0.47082233,0.0011056386
58640000,-0.19639382,0.002565278,-10.067773,0.031716757,0.47109097,0.0009287611
58644000,-0.19413315,0.008437202,-10.070297,0.031161927,0.47129148,0.00085755927
58648000,-0.19316036,0.0041223047,-10.081595,0.02964237,0.47023833,0.0016680643
58652000,-0.2000951,0.0023778134,-10.088174,0.03002269,0.46992695,0.0015784268
58656000,-0.20192371,0.0003560068,-10.083494,0.029869275,0.47018898,0.001446752
58660000,-0.19828606,-0.004065873,-10.08471,0.029374914,0.47011322,0.0017785805
58664000,-0.19957343,-0.0026827767,-10.087905,0.029168386,0.47100288,0.0016027937
58668000,-0.2030561,-0.004427592,-10.0893345,0.029841302,0.47156954,0.0014034999
58672000,-0.20521738,-0.004209209,-10.097725,0.030601354,0.47184262,0.0015589125
58676000,-0.21460615,0.0048431167,-10.096954,0.029536674,0.4725951,0.0021433458
58680000,-0.21755122,0.0062741153,-10.097066,0.030086465,0.47221634,0.0020571004
58684000,-0.2152583,-0.0035111068,-10.099458,0.030937647,0.47129726,0.0018322063
58688000,-0.21579996,-0.013880118,-10.10053,0.03086708,0.47134668,0.0024973776
58692000,-0.21408348,-0.0105225835,-10.103956,0.03059029,0.4712724,0.0013440214
58696000,-0.21274327,-0.0015613884,-10.103838,0.030016383,0.4705137,0.0007512633
58700000,-0.21366107,0.0040811715,-10.101608,0.029245911,0.4694185,0.0016814012
58704000,-0.21404913,0.0014378794,-10.102407,0.029862955,0.46801233,0.0017458618
58708000,-0.20897499,-0.0034805262,-10.103344,0.030731305,0.4676359,0.0018595457
58712000,-0.21160394,-0.0028059417,-10.107079,0.030463697,0.46785778,0.002901759
58716000,-0.21881849,-0.0048326775,-10.105251,0.030140236,0.46718234,0.0028156708
58720000,-0.22046077,-0.00028427035,-10.1023445,0.030083992,0.46640918,0.0016251119
58724000,-0.21359691,0.0030414828,-10.105989,0.029355863,0.46645087,0.0022832502
58728000,-0.21896788,0.0032632349,-10.112003,0.028965129,0.4661708,0.0021224204
58732000,-0.22764786,0.004932036,-10.114971,0.02887911,0.46493286,0.0023583968
58736000,-0.2298817,0.0041272654,-10.104799,0.027823206,0.46277213,0.0020039883
58740000,-0.22640081,0.005613039,-10.105192,0.027451271,0.4609251,0.0013385768
58744000,-0.22283575,0.0045838454,-10.113895,0.028341275,0.46107313,0.002837316
58748000,-0.22327355,0.0007293945,-10.117382,0.029051833,0.46023265,0.0026453289
58752000,-0.2281858,-0.0012793343,-10.113922,0.0287774,0.45816147,0.0018255278
58756000,-0.23541719,0.00032640036,-10.112038,0.02770966,0.45813692,0.0013275258
58760000,-0.23559242,0.004520333,-10.117717,0.028106673,0.45800525,0.0014046248
58764000,-0.24260986,0.0010592043,-10.1156435,0.028414577,0.45573005,0.0019178981
58768000,-0.23895472,-0.00056956406,-10.11269,0.02791897,0.4545052,0.0025609313
58772000,-0.23784453,0.00015938027,-10.124889,0.027291102,0.45267338,0.0023664583
58776000,-0.23667058,-0.004896928,-10.125959,0.027109105,0.450221,0.0019363695
58780000,-0.23349833,-0.0066063604,-10.119813,0.027852923,0.44901156,0.0024341715
58784000,-0.23626891,-0.0052471235,-10.121588,0.02803426,0.4470908,0.0026915728
58788000,-0.23682374,-0.004775478,-10.115517,0.027880514,0.44547027,0.0032484066
58792000,-0.23915787,-0.0018269002,-10.11686,0.027484378,0.44455266,0.002760499
58796000,-0.2433237,0.0037477107,-10.113053,0.02782905,0.44328097,0.002377306
58800000,-0.2434018,0.004411347,-10.110676,0.027760554,0.4420836,0.0025842974
58804000,-0.24944666,0.0021987977,-10.117632,0.026775451,0.44028056,0.002634509
58808000,-0.24777989,0.00038106678,-10.109964,0.025460368,0.4383056,0.0032144627
58812000,-0.24223736,0.0027639484,-10.103312,0.02499071,0.43620348,0.0032355553
58816000,-0.24702094,-0.0049488456,-10.10169,0.025202764,0.4336101,0.003338023
58820000,-0.2377074,-0.006224154,-10.106386,0.026133966,0.4318959,0.0030737084
58824000,-0.24014647,0.0015503807,-10.110264,0.027051564,0.42924744,0.002142242
58828000,-0.24838157,0.004966058,-10.109165,0.02609498,0.42653012,0.0022285061
58832000,-0.24487689,0.009835894,-10.1098385,0.025474166,0.4246269,0.0022849282
58836000,-0.2493141,0.009565896,-10.108217,0.025986811,0.4239122,0.0016442359
58840000,-0.24684955,0.0008919765,-10.105006,0.026044821,0.4219818,0.0014117453
58844000,-0.24302727,-0.008285638,-10.102179,0.025056457,0.41896075,0.0018901258
58848000,-0.2457247,-0.008407793,-10.099842,0.024032352,0.41685814,0.0019728553
58852000,-0.2464791,-0.0021080303,-10.098281,0.024629425,0.41458482,0.0026794618
58856000,-0.25511718,0.004475528,-10.09864,0.024457013,0.4119629,0.0034416304
58860000,-0.2617547,0.0045176283,-10.095335,0.023983464,0.40972495,0.00280289
58864000,-0.26084632,0.0017051292,-10.090054,0.024487792,0.40870354,0.0024709178
58868000,-0.26170856,0.00027624855,-10.085323,0.024392005,0.40655166,0.0022906915
58872000,-0.25937817,0.0034946406,-10.085716,0.023898555,0.40433896,0.0029464115
58876000,-0.25738713,0.002253268,-10.084129,0.023352388,0.4022472,0.0029037592
58880000,-0.26285338,0.0017838024,-10.081085,0.023202414,0.40068972,0.001951194
58884000,-0.26526678,0.0032091863,-10.084969,0.0225493,0.3984952,0.0021161973
58888000,-0.2641539,0.008670062,-10.083367,0.021743476,0.39583713,0.0022636654
58892000,-0.26529318,0.0035286113,-10.080658,0.022237645,0.39363006,0.002536086
58896000,-0.2596774,-0.0051075346,-10.078578,0.022679387,0.39088082,0.002158536
58900000,-0.25821564,0.0021263135,-10.071098,0.021496149,0.38830632,0.001283982
58904000,-0.26396522,0.0050299084,-10.072155,0.021282356,0.38606697,0.0018622861
58908000,-0.27044684,0.006656937,-10.06983,0.02179614,0.3836774,0.0025835298
58912000,-0.2721557,0.0035006157,-10.064854,0.021706652,0.381171,0.0028118028
58916000,-0.27420217,0.00022215823,-10.071064,0.02175888,0.3797382,0.0024463544
58920000,-0.27429622,0.001814376,-10.069001,0.021304356,0.37737733,0.0019677782
58924000,-0.2671335,-0.0005550786,-10.061019,0.020000156,0.3741709,0.0024006502
58928000,-0.2691072,0.0011327339,-10.057415,0.019615434,0.3710673,0.0017935979
58932000,-0.2704026,0.002051884,-10.059138,0.019593505,0.36866218,0.0010054869
58936000,-0.26036024,-0.00052436546,-10.060903,0.018407818,0.36623657,0.00069948763
58940000,-0.2616226,0.0019087814,-10.05525,0.0185129,0.36313933,0.001571501
58944000,-0.27253664,0.00695962,-10.050679,0.019198928,0.361081,0.0020555914
58948000,-0.274015,0.008843611,-10.046884,0.019269638,0.36010954,0.002291492
58952000,-0.27549535,-0.001317901,-10.041916,0.019165102,0.3579647,0.0021940838
58956000,-0.27160305,-0.0053155725,-10.042285,0.019766025,0.35459143,0.0015142363
58960000,-0.273102,0.00017359608,-10.046931,0.019819437,0.35232443,0.0018670133
58964000,-0.27336726,0.0003714713,-10.041043,0.018570684,0.35003936,0.001089004
58968000,-0.26838785,0.0030407498,-10.035488,0.018528251,0.34698063,0.0007291419
58972000,-0.27882802,0.0032159872,-10.039591,0.018816203,0.3441999,0.0019044357
58976000,-0.2834963,-0.0028289782,-10.032326,0.01809355,0.34077868,0.0027164787
58980000,-0.2742108,-0.0032545505,-10.026745,0.017130647,0.33853272,0.0024737504
58984000,-0.27271676,0.00081961043,-10.024275,0.016469266,0.336251,0.0016498251
58988000,-0.2796525,0.00056291115,-10.016229,0.016328545,0.33298916,0.0016852883
58992000,-0.28139818,0.000920611,-10.020165,0.015391815,0.33144838,0.0026629663
58996000,-0.27780485,0.008686121,-10.014793,0.015548303,0.33003342,0.0017625552
59000000,-0.27933866,0.0039070803,-10.00498,0.016744016,0.3279682,0.0018633361
59004000,-0.2790737,-0.0011816052,-10.001772,0.01583668,0.32433903,0.001723372
59008000,-0.27988064,0.0017339252,-10.000694,0.014606197,0.32123306,0.0014609863
59012000,-0.28054994,0.002338626,-10.006321,0.014837863,0.3187643,0.001844359
59016000,-0.27698433,0.006406397,-10.001221,0.01447146,0.31613055,0.0009850733
59020000,-0.27825862,0.0029224874,-9.992748,0.01345345,0.31292373,0.0015673151
59024000,-0.28409088,0.00043888864,-9.996664,0.013364876,0.3101353,0.001244455
59028000,-0.2940176,0.0003420081,-9.997768,0.013329332,0.3074059,0.00067457056
59032000,-0.29333502,0.0017481389,-10.001741,0.013657213,0.30488396,0.0009298257
59036000,-0.28844756,-0.004180643,-9.997012,0.013586909,0.3033259,0.00089037226
59040000,-0.28749537,-0.00789482,-9.979761,0.013521249,0.30072194,0.0011976376
59044000,-0.28807586,-0.0031938353,-9.976187,0.013614201,0.2990347,0.0022271946
59048000,-0.28620654,-0.0053690644,-9.974091,0.012382612,0.29625583,0.0022655786
59052000,-0.29035518,0.00068415,-9.977224,0.0122851655,0.2932779,0.001397527
59056000,-0.29766178,0.0064978795,-9.988376,0.01237008,0.29072845,0.0011280694
59060000,-0.2929885,0.005561009,-9.983978,0.012693042,0.2878464,0.0013295988
59064000,-0.2910993,0.0055428944,-9.964706,0.013055329,0.28608477,0.0015280765
59068000,-0.2904997,-0.0016779797,-9.961973,0.012457748,0.28270406,0.0017731166
59072000,-0.29345804,-0.002607031,-9.9700365,0.0116282925,0.27936292,0.0010451222
59076000,-0.29763126,0.0014331808,-9.963387,0.011224333,0.27730253,0.0013292072
59080000,-0.28814545,0.002535952,-9.957789,0.011745543,0.2756274,0.0025365879
59084000,-0.28910622,0.00040355453,-9.956327,0.011152799,0.2736383,0.002278209
59088000,-0.299287,0.0016165063,-9.951411,0.009810331,0.2708946,0.0011534338
59092000,-0.29978505,0.006041533,-9.953422,0.008635138,0.26803488,0.0007229811
59096000,-0.2933203,0.0065137385,-9.952446,0.009125787,0.2657733,0.00062143424
59100000,-0.2852081,0.002924845,-9.941637,0.009587186,0.26381883,-0.00023433068
59104000,-0.29026595,0.005538278,-9.941702,0.009495947,0.26112112,-0.00018240833
59108000,-0.29320687,0.00371328,-9.945176,0.009153664,0.25898203,0.0011323779
59112000,-0.29122683,-0.0018359337,-9.94009,0.009226879,0.25689083,0.0010878769
59116000,-0.2982672,0.007621342,-9.943234,0.009000212,0.25445473,0.001055681
59120000,-0.30220068,0.006712233,-9.948067,0.008439036,0.25265807,0.0011779041
59124000,-0.30186635,0.0003340032,-9.93938,0.007988697,0.2508353,0.0009577566
59128000,-0.29455835,-0.005573123,-9.937254,0.007963076,0.24745229,0.0015332472
59132000,-0.29308164,-0.0010134173,-9.941351,0.008738652,0.2441449,0.0013797462
59136000,-0.29880857,0.005510487,-9.932751,0.008314537,0.24164605,0.0012965968
59140000,-0.3052803,0.0043178136,-9.92688,0.00732752,0.23924297,0.0006758224
59144000,-0.30264142,0.005856649,-9.926773,0.0061924043,0.23744535,0.00021267559
59148000,-0.29181808,0.0025173016,-9.926628,0.0067137745,0.23602334,1.42077015e-05
59152000,-0.29380924,0.0016732663,-9.924416,0.007812706,0.23380266,-0.000987123
59156000,-0.30048397,-0.0064832494,-9.920965,0.0070900153,0.231316,-0.00029867573
59160000,-0.3010205,-0.0065503563,-9.912317,0.0059298524,0.22936869,0.00087451714
59164000,-0.2939757,0.0002134187,-9.907251,0.006211567,0.22715509,0.00046452673
59168000,-0.29653233,0.005206796,-9.907627,0.005830233,0.22368765,0.0005365636
59172000,-0.2990545,0.008967867,-9.904934,0.0054238345,0.21991985,0.0011816651
59176000,-0.29793888,0.010152518,-9.904284,0.005394325,0.21802245,0.0007906826
59180000,-0.30334347,0.00892701,-9.901955,0.0047869785,0.21738063,0.00039720014
59184000,-0.30234915,0.00088251097,-9.902931,0.0057994733,0.2156857,0.00042087297
59188000,-0.29710746,-0.00034910833,-9.907402,0.005359002,0.21297105,0.0008069083
59192000,-0.29527038,-8.959301e-05,-9.902519,0.004434501,0.21011356,0.0013884888
59196000,-0.29527193,0.00487911,-9.894148,0.0046156175,0.20756578,0.0010465151
59200000,-0.29697305,0.0064525963,-9.890249,0.004229844,0.20587468,0.0011534097
59204000,-0.30022106,0.0033712012,-9.888012,0.0039355787,0.20383534,0.0005141053
59208000,-0.3015861,-0.00026711277,-9.887437,0.0035421213,0.20236756,0.00028375033
59212000,-0.30493897,2.780156e-05,-9.888889,0.0032450203,0.20073743,0.0005493326
59216000,-0.30450478,0.001252307,-9.886586,0.0033392254,0.19838913,-0.00015306199
59220000,-0.3042115,-0.00076950964,-9.886918,0.0029231643,0.1963804,0.000102245096
59224000,-0.3097697,-0.00729476,-9.8821745,0.0028745357,0.19449031,0.0008187318
59228000,-0.3122492,-0.006427653,-9.870441,0.0036134075,0.19262886,0.00060075015
59232000,-0.31075597,0.0038514677,-9.876827,0.002565653,0.1905654,-4.6076416e-06
59236000,-0.30466473,0.0039345864,-9.877796,0.0023592873,0.18765289,0.00012956283
59240000,-0.30740434,-0.0008794276,-9.874333,0.00327994,0.18539724,0.001438248
59244000,-0.30681962,0.0025734582,-9.883091,0.0026942147,0.18421404,0.0015726252
59248000,-0.30811366,0.0033563897,-9.878309,0.002892256,0.18236819,-4.7517646e-05
59252000,-0.31002462,-0.0025317464,-9.866997,0.0031206985,0.17948715,-0.000736202
59256000,-0.29987735,-0.0006269457,-9.86215,0.0018525815,0.17777008,1.3709719e-05
59260000,-0.29741675,0.008586395,-9.86487,0.0015073408,0.17685431,0.0004499628
59264000,-0.30007645,0.0076875906,-9.869435,0.001043049,0.17397325,-0.00023585012
59268000,-0.30072975,0.004399245,-9.862513,0.00047130443,0.171802,-0.00080286287
59272000,-0.29974085,0.008290231,-9.862579,0.0010779464,0.17130655,-0.00013718198
59276000,-0.30359593,0.006058994,-9.862679,0.00077750016,0.16888887,2.3072904e-05
59280000,-0.31040007,-0.00061849994,-9.85898,0.00036103363,0.16665599,0.0005205287
59284000,-0.30826193,-0.011134829,-9.862116,8.567512e-05,0.16572765,0.0003320133
59288000,-0.3048094,-0.006324581,-9.863741,-0.00021359808,0.16329333,-0.0002587907
59292000,-0.30549073,0.00069896533,-9.861233,-0.00042978174,0.16084832,0.00083526596
59296000,-0.3089642,-0.0040536374,-9.8555355,-0.0005427455,0.159631,0.0009471166
59300000,-0.31043413,-0.0029858565,-9.856642,0.0006584084,0.1568231,-0.00020285643
59304000,-0.30474383,-0.003703435,-9.860985,0.0011147313,0.15490809,-0.0005647844
59308000,-0.30596274,-0.0012591978,-9.856523,0.00043304067,0.15479049,0.0005772174
59312000,-0.30737305,0.0047400035,-9.851126,0.0009569311,0.15249746,0.00038744343
59316000,-0.30216038,0.0011732829,-9.853716,0.0010021644,0.14992458,-0.00034391877
59320000,-0.308047,-0.003549259,-9.850607,0.00055056944,0.14827104,-0.00032341387
59324000,-0.30892134,-0.004591937,-9.849741,-2.3818324e-05,0.14754432,-9.936521e-05
59328000,-0.30523908,0.0006888541,-9.848125,-0.0008287118,0.14680716,0.0004952222
59332000,-0.30758262,0.0033999442,-9.839264,-8.964474e-05,0.14494875,0.0005707225
59336000,-0.30642438,-0.003781827,-9.845095,0.00070208556,0.14317259,0.0001988691
59340000,-0.3102314,-0.00023088523,-9.852553,0.00014906396,0.1417224,-0.00011967616
59344000,-0.30966857,-0.0014308329,-9.843767,0.00020778921,0.13987416,-0.00035911417
59348000,-0.31512028,0.0002073557,-9.843597,0.00045624576,0.13768312,0.00041573666
59352000,-0.3115272,0.008665277,-9.843623,0.00022729769,0.13635513,0.0004592492
59356000,-0.3050809,0.0021923948,-9.831542,0.0007237196,0.13437279,-0.00044415693
59360000,-0.30972505,0.0026949772,-9.826397,0.0005982947,0.13200685,-0.00027250106
59364000,-0.3117863,0.0072619664,-9.828557,-0.00026121142,0.1306288,-0.000454136
59368000,-0.3038075,-0.0013540057,-9.826633,-0.0005185105,0.12947226,-0.0010632346
59372000,-0.29985124,-0.005931707,-9.828994,-0.00093302195,0.12866938,-0.00020444547
59376000,-0.31037438,-0.0026043581,-9.8385315,-0.0018772141,0.12714651,-0.0004381938
59380000,-0.31390268,0.0013769671,-9.841885,-0.0008148512,0.12530868,-0.0012429002
59384000,-0.30649143,0.004185613,-9.832118,-7.8621044e-05,0.12402867,-0.00079961744
59388000,-0.29994503,0.005922916,-9.827087,-0.0006614678,0.12268286,-0.00018688892
59392000,-0.30467963,0.009174982,-9.830139,-0.0006089862,0.12081366,-0.00059580774
59396000,-0.31055802,0.006388748,-9.830189,5.3697266e-05,0.11894257,-0.000236136
59400000,-0.31493834,0.007736259,-9.833521,0.00035565664,0.11745848,0.0007752294
59404000,-0.31345642,0.0060731275,-9.824624,-0.00056587235,0.11615485,-0.00042076645
59408000,-0.31084383,0.0018006894,-9.822367,-0.0017092521,0.11440812,-0.000865152
59412000,-0.31292158,-0.00049600104,-9.825933,-0.0024772275,0.11258246,-0.00047680392
59416000,-0.31230533,-0.004720252,-9.827763,-0.0032828206,0.112326495,-0.0003397039
59420000,-0.31060112,-0.001336069,-9.82739,-0.0026270992,0.11228758,-0.00088224467
59424000,-0.3133793,-0.004188421,-9.815985,-0.0021788825,0.10996355,-0.0015123391
59428000,-0.31341314,-0.0072426796,-9.815631,-0.0026096269,0.1079146,-0.0014129338
59432000,-0.30836955,-0.0056804386,-9.820797,-0.0016638492,0.106748685,-0.0008359375
59436000,-0.3080703,-0.00011843572,-9.825558,-0.0009894897,0.10546474,-5.5270568e-05
59440000,-0.31533122,0.0007403895,-9.820961,-0.0011151321,0.104954824,-0.0005243008
59444000,-0.3161119,0.00028413715,-9.813768,-0.001391735,0.10423595,-0.00052379287
59448000,-0.3145141,0.0012834251,-9.815069,-0.00082559045,0.10303502,-0.0006598063
59452000,-0.31479093,0.00086787983,-9.817921,-0.00055429176,0.10248343,-0.0014692249
59456000,-0.31258345,0.004907271,-9.8216095,-0.0011973334,0.10100194,-0.0008724291
59460000,-0.31243682,0.0027547614,-9.822866,-0.0012442606,0.09860105,-0.000688637
59464000,-0.31668156,0.0056045484,-9.816786,-0.0005053358,0.09687998,-0.0009162152
59468000,-0.312415,-0.002023015,-9.8124485,-0.000120058205,0.0957662,-0.0015490472
59472000,-0.30607224,-0.0031893635,-9.815359,-0.0016377805,0.09560859,-0.0014950577
59476000,-0.31240773,0.0013035096,-9.820228,-0.0031166966,0.0945918,-0.0005972485
59480000,-0.31305546,0.0064500347,-9.81925,-0.0036302176,0.09262487,-4.377707e-05
59484000,-0.30659986,0.005890301,-9.818018,-0.0025778457,0.09182758,-0.00031460216
59488000,-0.30722806,-0.005681779,-9.820207,-0.00097463455,0.09057036,-0.0015299397
59492000,-0.30934617,-0.0034156877,-9.810827,-0.0015707036,0.08976959,-0.000978382
59496000,-0.31096774,-0.007254303,-9.805166,-0.001954141,0.088252276,-0.0002869716
59500000,-0.31129766,-0.006281415,-9.807016,-0.0019618392,0.0861685,-0.00095062086
59504000,-0.31332034,-0.006292619,-9.80942,-0.0026181065,0.08596483,-0.00063179753
59508000,-0.30824333,-0.008489815,-9.814097,-0.0029821107,0.0846021,-0.0006837381
59512000,-0.30466634,-0.003979118,-9.813251,-0.0025065788,0.083297305,-0.00076498836
59516000,-0.31055492,-0.0065076994,-9.816046,-0.0027845446,0.08203077,8.745503e-05
59520000,-0.31407386,-0.0004698434,-9.820492,-0.0027448856,0.08169568,0.0002251116
59524000,-0.31808323,0.008713859,-9.815198,-0.0031411708,0.08190511,-0.000882434
59528000,-0.3174185,0.0036780722,-9.812019,-0.0029123079,0.079377174,-0.0019013757
59532000,-0.31955478,-0.002600178,-9.809793,-0.0016404787,0.07728925,-0.0012922112
59536000,-0.32142258,0.004454566,-9.8113785,-0.002248344,0.077458516,-0.0012245106
59540000,-0.32328296,0.0034442595,-9.814678,-0.0022278982,0.07722819,-0.0014108809
59544000,-0.31910235,0.0047223987,-9.814989,-0.0017496267,0.07607181,-0.00048060462
59548000,-0.31222287,0.010342912,-9.819944,-0.0016625996,0.07521887,-0.00060227537
59552000,-0.31033325,-0.0012282279,-9.812973,-0.0014726364,0.07434021,-0.0011641786
59556000,-0.3110711,-0.0049039507,-9.805067,-0.002116416,0.07357055,-0.0013969666
59560000,-0.30871552,-0.00041755068,-9.80709,-0.0020521542,0.072693646,-0.0010476589
59564000,-0.30142087,0.0038960949,-9.80996,-0.0020163096,0.070764065,-0.00045109994
59568000,-0.30896842,0.0035716319,-9.814117,-0.002347013,0.06924166,-0.0012259505
59572000,-0.31477398,0.00010603439,-9.814113,-0.0029458972,0.069341145,-0.001008166
59576000,-0.30554318,0.0038994,-9.804401,-0.0034450933,0.06905543,-0.0013518148
59580000,-0.30769718,0.007231161,-9.808626,-0.002350754,0.06724066,-0.0018015904
59584000,-0.31035453,0.0014757178,-9.818678,-0.002520723,0.06650098,-0.00073547085
59588000,-0.3076614,-0.00076328625,-9.809788,-0.002690818,0.065384075,-0.0009532765
59592000,-0.31089222,0.004346757,-9.801271,-0.002420045,0.06383663,-0.0008804407
59596000,-0.31456298,-0.002109134,-9.808765,-0.002395962,0.06370592,-0.0013664237
59600000,-0.31592977,-0.000987113,-9.815945,-0.0028622637,0.063336745,-0.0024385632
59604000,-0.31179327,0.00864529,-9.817877,-0.0037765866,0.06268005,-0.0020893037
59608000,-0.3104287,0.0030424753,-9.821655,-0.004064652,0.060483873,-0.001212204
59612000,-0.3201785,-0.00026041988,-9.815784,-0.0037174139,0.058945082,-0.0013186322
59616000,-0.3168032,0.001587003,-9.812986,-0.0026713633,0.05872421,-0.0017916923
59620000,-0.3038458,-0.0020050812,-9.812605,-0.0021025573,0.059279177,-0.0015284261
59624000,-0.304892,0.002737701,-9.81295,-0.002178863,0.059531443,-0.0017050703
59628000,-0.30472037,0.002623026,-9.820035,-0.0033715458,0.057855878,-0.00088675343
59632000,-0.30797762,-0.0049218116,-9.818641,-0.0040383846,0.05702399,0.00025368587
59636000,-0.31065893,-0.001218658,-9.809539,-0.0035693762,0.056086756,-0.00026445236
59640000,-0.31377465,-0.0009287856,-9.8116,-0.0030839432,0.054811552,-0.0006854892
59644000,-0.31402794,-0.00016678631,-9.809099,-0.002853272,0.054856904,-0.0005738179
59648000,-0.30891806,9.844955e-05,-9.812107,-0.0027037875,0.053934354,-0.0013868832
59652000,-0.31470293,-0.0050736414,-9.820139,-0.003104483,0.05369582,-0.0014750398
59656000,-0.31405893,-0.0059102853,-9.816101,-0.0033478856,0.0533898,-0.00034074418
59660000,-0.30666745,0.00081112166,-9.810634,-0.0030276072,0.05218373,-0.0005294938
59664000,-0.30671108,7.8611694e-05,-9.81299,-0.003159411,0.051416323,-0.001071067
59668000,-0.31248328,-0.002374245,-9.814559,-0.0031874522,0.05024078,-0.0009229514
59672000,-0.3153699,0.0038932362,-9.813782,-0.0028164438,0.049031273,-0.0013095059
59676000,-0.31544524,-0.0008802148,-9.814928,-0.0023887213,0.04810293,-0.0019164283
59680000,-0.31654352,0.0013781736,-9.806665,-0.0027612182,0.04784833,-0.0018825213
59684000,-0.32027537,0.011508438,-9.804657,-0.0028893272,0.04799019,-0.0012806123
59688000,-0.30963188,0.0075133257,-9.809547,-0.0036313534,0.047186095,-0.0012631929
59692000,-0.29643458,0.0092670405,-9.804995,-0.004901711,0.04563975,-0.0009874072
59696000,-0.30423373,0.014180103,-9.803992,-0.003871623,0.046072792,-0.00095488154
59700000,-0.30422148,0.00842877,-9.805821,-0.003613044,0.045299087,-0.0010819504
59704000,-0.30445156,0.0069954754,-9.812433,-0.0040768017,0.044317394,-0.00022459026
59708000,-0.3114485,0.0044475878,-9.8115835,-0.004671881,0.043621074,-0.00034684502
59712000,-0.31288174,-0.00094393466,-9.8102455,-0.004889568,0.042188745,-0.0022144115
59716000,-0.31254864,0.0032699523,-9.812545,-0.0040335325,0.04216247,-0.002706404
59720000,-0.3071869,-1.5296217e-05,-9.808594,-0.0031971275,0.04244752,-0.0021006581
59724000,-0.30350983,0.0014032723,-9.80881,-0.0027244973,0.040941916,-0.0014374044
59728000,-0.30096328,-0.00083912886,-9.809515,-0.0023258287,0.03939832,-0.0013442216
59732000,-0.30647904,-0.004118095,-9.808948,-0.0026663763,0.03989712,-0.001585278
59736000,-0.30776098,-0.0009439743,-9.810802,-0.003725577,0.039972775,-0.00086462597
59740000,-0.3031165,-0.0038476496,-9.813915,-0.0029512753,0.039435722,-0.0010600076
59744000,-0.31057325,0.005377004,-9.809334,-0.0026505971,0.03944964,-0.0013808381
59748000,-0.3143274,0.0051354747,-9.807354,-0.0026199978,0.0387996,-0.0014184263
59752000,-0.30544126,-0.0012459323,-9.805315,-0.002809129,0.037941583,-0.0015914327
59756000,-0.2987134,-0.002330641,-9.806253,-0.0031761026,0.037903666,-0.0017132075
59760000,-0.3060382,-0.0047186017,-9.807518,-0.0033141288,0.03652315,-0.00096918654
59764000,-0.31204915,-0.0007502443,-9.808395,-0.004113534,0.03573263,-0.0010445314
59768000,-0.3109424,0.0045080166,-9.808402,-0.0037498309,0.036373965,-0.0012054101
59772000,-0.30890176,0.0054309214,-9.803322,-0.004178207,0.03653819,-0.0014075036
59776000,-0.3068661,9.041534e-05,-9.803747,-0.0055107116,0.03538925,-0.0014399779
59780000,-0.30387884,-0.0026599795,-9.8013115,-0.0052750595,0.034532122,-0.0010547396
59784000,-0.30279532,0.0068186494,-9.799982,-0.0043351217,0.03449529,-0.0013998288
59788000,-0.3043254,0.0013931703,-9.80637,-0.0031318197,0.034592193,-0.00095953466
59792000,-0.30892906,-0.0041335714,-9.806569,-0.003022554,0.033597685,-0.0010737132
59796000,-0.31338835,0.0016667723,-9.803286,-0.0029886311,0.032203373,-0.0008679666
59800000,-0.31398004,-0.0016941341,-9.804184,-0.0020341843,0.03253559,-0.00042635843
59804000,-0.3114435,-0.0019017309,-9.808027,-0.0025065925,0.031225605,-0.0006419756
59808000,-0.30526942,0.0028257992,-9.807278,-0.0027631512,0.03064531,-0.0005789414
59812000,-0.30173668,8.85485e-05,-9.803348,-0.0022249464,0.030591698,-0.00094298465
59816000,-0.3087036,-0.0070046354,-9.800464,-0.0018021163,0.02915721,-0.0015430258
59820000,-0.30622742,-0.0073360885,-9.79789,-0.002507734,0.029444471,-0.0018294321
59824000,-0.3044787,-0.00740193,-9.799369,-0.0038547441,0.03038979,-0.0014465739
59828000,-0.31298876,-0.002801434,-9.801897,-0.0031389345,0.030413296,-0.0013239165
59832000,-0.31242046,0.0013007963,-9.799508,-0.0026740024,0.029940957,-0.00082797825
59836000,-0.30745995,0.0037556877,-9.800057,-0.0029762003,0.0284014,-0.0013478901
59840000,-0.30251217,0.0023054355,-9.801844,-0.0031689247,0.027674083,-0.001823459
59844000,-0.31029508,-0.002291748,-9.801386,-0.0034891912,0.028004132,-0.0006769075
59848000,-0.30903035,0.0012968853,-9.809248,-0.003721644,0.028042221,0.00017083969
59852000,-0.30358398,0.00015155874,-9.814697,-0.0036325403,0.028433923,0.00017177378
59856000,-0.30390596,-0.0035786717,-9.8109045,-0.0040156506,0.027597746,-0.0008330373
59860000,-0.30221355,-0.0060922503,-9.808438,-0.004246602,0.026573265,-0.0016663483
59864000,-0.30291563,-0.006540552,-9.805042,-0.0025105886,0.027500674,-0.0012710638
59868000,-0.30746555,-0.0034623605,-9.804995,-0.0015870979,0.0268143,-0.0011538794
59872000,-0.31780717,0.0030813671,-9.808526,-0.0026533538,0.024438918,-0.0011413355
59876000,-0.31843632,0.0047579757,-9.813035,-0.002832438,0.02422975,0.0001996421
59880000,-0.31129456,0.0009886698,-9.807116,-0.0029830327,0.023603901,-0.00017841438
59884000,-0.30443284,0.0024860508,-9.806044,-0.0030481396,0.023096314,-0.002212276
59888000,-0.30058908,-0.0020148575,-9.8110895,-0.0024517959,0.024032507,-0.0026572787
59892000,-0.29985183,-0.006238637,-9.8079605,-0.0023298594,0.024428897,-0.0015909435
59896000,-0.30170247,-0.004053835,-9.801325,-0.0030733724,0.024302622,-0.0007180476
59900000,-0.3050652,-0.00024826298,-9.79986,-0.002579691,0.02407822,-0.000776461
59904000,-0.3036762,-0.00020152057,-9.803627,-0.0020706947,0.023216765,-0.0010658741
59908000,-0.29695928,-0.002304239,-9.807703,-0.0038227749,0.022872519,-0.0016221965
59912000,-0.2994381,0.0013272223,-9.806246,-0.0036807668,0.022747468,-0.0010645395
59916000,-0.31238732,0.0022298158,-9.798828,-0.0031407962,0.022139978,-0.00049951544
59920000,-0.30950594,-0.000339225,-9.798098,-0.003402179,0.022233551,-0.0014708529
59924000,-0.29954997,-0.0035436715,-9.803593,-0.0037405172,0.022054084,-0.0018812373
59928000,-0.30333954,-0.0056182616,-9.806494,-0.003320638,0.022226725,-0.0013015344
59932000,-0.30400813,-0.011197526,-9.805111,-0.0026512244,0.021738838,-0.00096390455
59936000,-0.30330598,-0.006298212,-9.8054695,-0.0030322433,0.020975286,-0.0008387069
59940000,-0.3051858,0.005305024,-9.802865,-0.002742586,0.020960772,-0.00090987695
59944000,-0.30590993,0.0038136514,-9.797752,-0.002328553,0.020483922,-0.00066357513
59948000,-0.3060602,-0.00044322974,-9.803486,-0.002125265,0.020697026,-0.00093397667
59952000,-0.3047887,0.0019738742,-9.812573,-0.002082039,0.020534052,-0.00084824796
59956000,-0.30025735,0.0029348142,-9.810263,-0.0032580092,0.01926941,-0.00016184797
59960000,-0.3008217,-0.004167777,-9.81065,-0.003768422,0.019211212,-0.0013742031
59964000,-0.30775118,-0.004860544,-9.805244,-0.0024837095,0.019679068,-0.00210063
59968000,-0.31360638,0.0041538198,-9.805172,-0.002466274,0.019345094,-0.0018182243
59972000,-0.30768806,0.007284261,-9.80735,-0.002739791,0.019380923,-0.0010524753
59976000,-0.29999897,-0.002089546,-9.804375,-0.0025439125,0.0193711,-0.000528592
59980000,-0.30243015,-0.0026731326,-9.801376,-0.0031604057,0.017963195,-0.0007067409
59984000,-0.30741382,-0.0011250033,-9.803865,-0.0027360516,0.017092679,-0.0011874505
59988000,-0.31090438,0.002326609,-9.81101,-0.0035619817,0.018070113,-0.0010164138
59992000,-0.31104317,0.0008041293,-9.801002,-0.0056758947,0.018423544,-0.00049728097
59996000,-0.3071745,-0.005919444,-9.792853,-0.005035944,0.017501758,-0.0010753035
60000000,-0.30330443,-0.0039674677,-9.803139,-0.0031263093,0.016757306,-0.00089064
60004000,-0.30521685,-0.0036678512,-9.810453,-0.0027881803,0.017486462,-0.0007945142
60008000,-0.3041193,0.00048590454,-9.810282,-0.0036432527,0.017699882,-0.0015213094
60012000,-0.30224127,0.0010848502,-9.806675,-0.0028460687,0.01741105,-0.0011471949
60016000,-0.30457902,-0.0011255179,-9.80344,-0.0025447921,0.016806465,-0.0011748485
60020000,-0.29931056,-0.005814281,-9.801767,-0.004014805,0.01674207,-0.001640076
60024000,-0.29734334,-0.0027471175,-9.807393,-0.0035477555,0.017310193,-0.0005663736
60028000,-0.29881355,0.0031320336,-9.811419,-0.0029280817,0.01706174,-0.00043641406
60032000,-0.30335432,-0.0009437499,-9.803367,-0.004328688,0.017210344,-0.0018468248
60036000,-0.3082922,-0.0061059543,-9.802546,-0.004661841,0.015230338,-0.001866476
60040000,-0.30080408,-0.006008071,-9.806751,-0.004423339,0.013274822,-0.0008745746
60044000,-0.29978365,-0.0014227154,-9.806404,-0.004313167,0.013186054,-0.0011080939
60048000,-0.31176418,0.0011233867,-9.807125,-0.0037826942,0.013060313,-0.0012816933
60052000,-0.31580526,0.0025452888,-9.812508,-0.0037029083,0.0137081705,0.00074067654
60056000,-0.30701107,0.0014784924,-9.809141,-0.0035833006,0.0147093255,0.0010669895
60060000,-0.30373865,-0.0021514713,-9.799685,-0.0039381017,0.01474336,-0.00071326556
60064000,-0.3003952,0.0018596547,-9.800119,-0.004079423,0.0143034225,-0.00060624315
60068000,-0.29746172,0.007910337,-9.814177,-0.0028029596,0.015048506,-9.644423e-05
60072000,-0.30519202,0.0053522694,-9.817814,-0.002417447,0.014780914,-0.00042399444
60076000,-0.30570906,0.0032113963,-9.813784,-0.0033127111,0.013824634,-0.0005607506
60080000,-0.29993075,-0.0032071148,-9.814452,-0.0030027244,0.013993938,-0.0013056718
60084000,-0.2962826,-0.007486145,-9.809255,-0.003151316,0.013972801,-0.00056027767
60088000,-0.29389906,-0.0047892816,-9.812309,-0.0038719068,0.013332146,-5.428795e-05
60092000,-0.2938521,-0.006632603,-9.811737,-0.0041242708,0.013211369,-0.0011157399
60096000,-0.29433566,-0.010279673,-9.800669,-0.0044831005,0.013592527,-0.0017248722
60100000,-0.29789177,-0.008355044,-9.8043785,-0.004697626,0.013051168,-0.0016080493
60104000,-0.30027056,-0.0016832498,-9.8055,-0.0042975335,0.012362613,-0.00063917
60108000,-0.30404484,0.004077633,-9.791903,-0.0039416384,0.012150671,-0.00089391856
60112000,-0.30415145,0.0058659003,-9.798435,-0.0042489264,0.011977553,-0.0012321072
60116000,-0.29808873,0.005046472,-9.810019,-0.0048795943,0.011774227,-0.0011230079
60120000,-0.29965553,-0.002321482,-9.804155,-0.0045364266,0.0118086515,-0.0013496359
60124000,-0.30255067,-0.006232865,-9.804365,-0.0047582868,0.011663025,-0.0016672696
60128000,-0.30165607,0.0016031121,-9.809125,-0.0055951485,0.011488379,-0.0014402624
60132000,-0.29984057,0.00806306,-9.809542,-0.0049218326,0.011863964,-0.0010276749
60136000,-0.3027759,0.010414162,-9.8051605,-0.004103654,0.011687332,-0.0013978084
60140000,-0.3033622,0.006657741,-9.810188,-0.0041595516,0.011327212,-0.0018558828
60144000,-0.29999134,-0.00047339857,-9.807712,-0.0043021254,0.011253393,-0.0014038046
60148000,-0.29591656,0.00089251,-9.801452,-0.0029887476,0.010336573,-0.0013705696
60152000,-0.29587695,-0.0011268862,-9.813435,-0.0033825804,0.010012204,-0.0010809159
60156000,-0.30078006,-0.004784641,-9.808388,-0.0047870115,0.010932386,-0.00010068602
60160000,-0.29778558,-0.0058009303,-9.808613,-0.0047601345,0.011134409,-0.0004490213
60164000,-0.2999869,-0.005851755,-9.810857,-0.005007127,0.010682945,-0.0008959663
60168000,-0.30334747,-0.0037472788,-9.799094,-0.0041409926,0.010944635,-0.00078525604
60172000,-0.3037857,-0.006422052,-9.806257,-0.00407897,0.010650132,0.0002484739
60176000,-0.3096326,-0.0015664679,-9.815227,-0.00512704,0.011034798,0.00031529108
60180000,-0.30758345,0.0030115198,-9.809557,-0.005633021,0.011222171,-0.00069703866
60184000,-0.30106264,-0.00020480229,-9.804438,-0.0048254635,0.010578799,-0.0008473053
60188000,-0.30252606,-0.005336343,-9.807817,-0.0046805106,0.010089506,-0.0015186182
60192000,-0.2983982,-0.0011035629,-9.805898,-0.005445561,0.00927484,-0.0017792241
60196000,-0.29637772,0.0011080549,-9.805178,-0.0057059103,0.009687532,-0.0014793364
60200000,-0.300288,0.0013234196,-9.806232,-0.00559962,0.00864817,-0.0015527022
60204000,-0.29684082,0.0036107951,-9.804836,-0.0050556525,0.008214365,-0.00070267846
60208000,-0.2991784,0.0029664047,-9.806353,-0.0047265217,0.009525309,-0.0006694692
60212000,-0.29641998,0.0042462726,-9.805241,-0.0058649946,0.009604141,-0.0006835536
60216000,-0.29372203,0.004082076,-9.803438,-0.006631838,0.008948759,0.00033266592
60220000,-0.2980948,-0.004278858,-9.8051815,-0.0048620347,0.008883649,-0.0004358476
60224000,-0.2931832,-0.005728903,-9.807394,-0.0052991505,0.009039843,-0.0019649884
60228000,-0.29054588,-0.004101477,-9.80851,-0.0065271985,0.008888512,-0.0018576524
60232000,-0.2908134,-0.006768615,-9.81139,-0.0058006253,0.008619604,-0.0009994021
60236000,-0.29736173,0.005402637,-9.813375,-0.0058886996,0.009095373,-0.0008765707
60240000,-0.3023454,0.0016483512,-9.808476,-0.005798852,0.00911759,-0.00032155294
60244000,-0.30048177,-0.0001444991,-9.805962,-0.005643729,0.008736912,-0.00061263045
60248000,-0.30222082,0.0017423489,-9.807502,-0.0057651126,0.008903926,-0.0006538623
60252000,-0.3017689,-0.0055151056,-9.806585,-0.0058771456,0.008524393,-0.0003243528
60256000,-0.30339056,0.0039559742,-9.802958,-0.0059430506,0.0076880776,-0.00023810146
60260000,-0.30307645,0.00039529818,-9.798548,-0.0049662013,0.0068873353,0.00018519607
60264000,-0.29535288,-0.013811464,-9.807041,-0.0051852013,0.0070716296,-0.00064785517
60268000,-0.29963285,-0.004265464,-9.808491,-0.005214309,0.00737014,-0.0009596563
60272000,-0.30214584,0.004712692,-9.802338,-0.0051628635,0.007918023,-0.000659055
60276000,-0.3027435,0.0029249066,-9.805677,-0.006100638,0.008009836,-0.00068561226
60280000,-0.29853857,0.0012979868,-9.804133,-0.006443923,0.0077218,-0.0007602612
60284000,-0.29335627,-0.0022499596,-9.801104,-0.0070694643,0.0074200896,-0.0008963263
60288000,-0.30106378,0.0010208099,-9.808725,-0.0068226894,0.0071552116,-0.0013364509
60292000,-0.29558915,0.0065811854,-9.8129425,-0.0062178713,0.0071981726,-0.0023803574
60296000,-0.2895777,0.002807712,-9.815308,-0.006545975,0.0065255356,-0.0022477636
60300000,-0.29509032,0.0004413567,-9.8121395,-0.0065775234,0.0072086165,-0.001678356
60304000,-0.2946247,0.0034259148,-9.804175,-0.006347395,0.0075111613,-0.0012104289
60308000,-0.29144254,0.003577096,-9.807148,-0.0074434844,0.0066098874,-0.00045277225
60312000,-0.29244822,0.0016881919,-9.813726,-0.008260445,0.0074771466,-0.00012894545
60316000,-0.2962507,0.00035476056,-9.8121195,-0.007869451,0.007317851,-0.0003782841
60320000,-0.29307002,0.006653733,-9.805119,-0.0070623183,0.0061629396,-0.00088228314
60324000,-0.2865085,0.005003448,-9.810899,-0.0062624556,0.0066201505,-0.00063608063
60328000,-0.28989244,-0.00045408012,-9.815106,-0.0067136036,0.008230581,-0.0010156386
60332000,-0.2935083,-0.0013983472,-9.813838,-0.0069527877,0.00859365,-0.0014235056
60336000,-0.29523504,0.0002808034,-9.816984,-0.0062652626,0.007467261,-0.00021083822
60340000,-0.29091758,0.006182571,-9.814085,-0.0064014974,0.0066965693,-7.4897005e-05
60344000,-0.2910664,0.008010206,-9.812176,-0.006870668,0.0072385496,-0.001109303
60348000,-0.29477274,0.0035766107,-9.806826,-0.0067916824,0.0069181835,-0.0016801511
60352000,-0.29428864,0.002852872,-9.809203,-0.0071857166,0.0060349666,-0.0016456224
60356000,-0.28932643,0.005452682,-9.809582,-0.0062706387,0.006468165,-0.002163892
60360000,-0.285277,0.0065654586,-9.806388,-0.005851642,0.007168246,-0.0027291623
60364000,-0.28874624,0.00031311935,-9.810132,-0.0062201205,0.007428646,-0.0011452852
60368000,-0.29021087,-0.010066946,-9.813212,-0.006820739,0.006536,-0.00073968153
60372000,-0.2915371,-0.006168719,-9.810425,-0.0073371734,0.0066077,-0.0008236829
60376000,-0.2928322,0.0012504637,-9.803885,-0.006895405,0.006894087,0.00027335063
60380000,-0.30043384,0.0020371992,-9.804834,-0.0072531896,0.005894082,-0.00018565336
60384000,-0.30807805,0.002924128,-9.810231,-0.0069301957,0.0052880454,-0.0012091569
60388000,-0.29690245,0.00030811405,-9.813581,-0.006498983,0.0065532206,-0.00079203234
60392000,-0.2867685,-0.008875595,-9.815512,-0.008179976,0.0064407424,-0.00079716305
60396000,-0.29132017,-0.00549601,-9.818204,-0.008525226,0.0050078477,-0.0012625516
60400000,-0.29361358,-0.00015517043,-9.819754,-0.007228817,0.0053636897,-0.00062590576
60404000,-0.29505992,-0.0022751002,-9.812729,-0.0068670646,0.005019927,-0.0010864787
60408000,-0.28323245,-0.001851859,-9.802958,-0.007273561,0.0050381753,-0.0017026977
60412000,-0.28354716,0.0030394883,-9.8115835,-0.0070151193,0.0046674563,-0.001235176
60416000,-0.29243433,0.0023382716,-9.815669,-0.0060827294,0.0040363073,-0.0012331946
60420000,-0.28727347,-0.003834465,-9.819374,-0.006037498,0.0055635306,-0.0010749095
60424000,-0.29549277,0.0017043644,-9.818685,-0.00676009,0.007601779,-0.00081771845
60428000,-0.3000661,0.0056324378,-9.813364,-0.0068797925,0.008238264,-0.0004584742
60432000,-0.29826766,0.0018669287,-9.805895,-0.005968356,0.0077735656,-0.0007689137
60436000,-0.29898614,0.0038564003,-9.804935,-0.005625268,0.00772945,-0.0013165526
60440000,-0.29246622,0.005092954,-9.813969,-0.006651956,0.007050844,-0.0010991896
60444000,-0.2934711,0.0041567804,-9.823071,-0.0071428083,0.006206294,-0.00024943275
60448000,-0.29902977,0.007283331,-9.8252125,-0.0062559377,0.0061419685,-0.0005936716
60452000,-0.28826702,0.004108371,-9.819143,-0.006192734,0.0066629066,-0.001294439
60456000,-0.28897536,-0.0024389958,-9.816078,-0.0071563,0.007180692,8.166987e-05
60460000,-0.29750344,-0.0025542735,-9.808449,-0.0068234787,0.0072801304,0.00021184824
60464000,-0.2912658,0.0005032356,-9.805792,-0.006510361,0.0072633456,-0.0011213371
60468000,-0.29237652,0.0017088413,-9.807886,-0.006215642,0.008302894,-0.00065398024
60472000,-0.29855484,-0.001676689,-9.813324,-0.005235579,0.010402041,0.0001988532
60476000,-0.29516807,-0.0016419099,-9.815159,-0.005780771,0.013338515,-0.0013290053
60480000,-0.29240537,0.0018493957,-9.813831,-0.0061023245,0.01662432,-0.0018608664
60484000,-0.29533398,-0.0036156382,-9.820688,-0.005546648,0.020100687,-0.0008186966
60488000,-0.29678082,-0.0069697658,-9.821766,-0.0061081084,0.02465456,0.0005643387
60492000,-0.29011363,0.0025805633,-9.818012,-0.00598271,0.02912253,-0.0005529391
60496000,-0.28065667,0.010609026,-9.816643,-0.005730507,0.03371007,-0.001525647
60500000,-0.28435665,0.0087646395,-9.815914,-0.0055957753,0.03830466,0.00011590432
60504000,-0.27950203,0.003788887,-9.819313,-0.0048832023,0.04380581,-0.00079623057
60508000,-0.27547002,2.74723e-05,-9.819937,-0.003917933,0.049725972,-0.0014532486
60512000,-0.2866059,0.0018195022,-9.814451,-0.004655378,0.055559766,-0.0010209606
60516000,-0.2876798,-0.0013711555,-9.81417,-0.0046893796,0.06146045,-0.0004778747
60520000,-0.28180355,0.00025935026,-9.817223,-0.0030424814,0.06739804,-0.0006235468
60524000,-0.2783457,0.0053417827,-9.819542,-0.003606186,0.07449922,-0.00086533814
60528000,-0.28378955,0.0009373001,-9.824965,-0.004606572,0.08078212,-0.0006586787
60532000,-0.27807865,-0.0013109554,-9.816377,-0.004753624,0.087079994,-0.00054993114
60536000,-0.27452594,-0.0035312255,-9.813289,-0.0044122627,0.09450332,-0.00028407047
60540000,-0.28018147,-0.0048216013,-9.818878,-0.0042186147,0.10112529,-6.436347e-05
60544000,-0.27989042,0.0015899345,-9.822246,-0.00336368,0.109735906,0.00032192597
60548000,-0.28097308,0.0066166306,-9.823546,-0.0028964859,0.11757743,-0.00020864444
60552000,-0.2815432,0.0059745074,-9.819025,-0.0027092388,0.12352414,-0.00045045663
60556000,-0.28067255,0.0028240546,-9.822838,-0.0025735246,0.13127583,0.00013177053
60560000,-0.27594796,0.0070951893,-9.822577,-0.002724708,0.14075783,-0.0006763735
60564000,-0.27521154,0.005326127,-9.815372,-0.002662339,0.14914292,-0.0010194037
60568000,-0.27635372,-0.005739867,-9.816841,-0.0028154731,0.15621394,0.00011594475
60572000,-0.27930176,-0.005351084,-9.823502,-0.002938415,0.16502789,0.0004004423
60576000,-0.2786645,0.00037871287,-9.826506,-0.0024310315,0.17303027,-0.0005726687
60580000,-0.27637383,0.00548046,-9.831412,-0.0016937837,0.17871684,-0.0010029953
60584000,-0.27209258,-0.0008695819,-9.8292885,-0.0010887263,0.18562126,-0.00087034807
60588000,-0.26335257,-0.008417708,-9.828543,-0.000607948,0.19414073,-0.001486127
60592000,-0.26563996,-0.002330852,-9.8346815,-0.00028131253,0.2022799,-0.0016135538
60596000,-0.2744815,-0.00061330345,-9.841951,-0.00030507328,0.20947088,-0.001696133
60600000,-0.28148773,-0.0010558931,-9.846485,-0.000667294,0.21637115,-0.0016373997
60604000,-0.28139317,0.0074390466,-9.845011,-0.00052189204,0.22346942,-0.0010106948
60608000,-0.27899098,0.0072234203,-9.842361,-0.00031164486,0.23042262,-0.001293528
60612000,-0.27326977,0.00200025,-9.8422165,-0.0006434547,0.23723735,-0.0016867731
60616000,-0.27051854,0.00043838783,-9.841234,0.0004776233,0.24338895,-0.0011904339
60620000,-0.26867756,0.0023549355,-9.843622,0.0016398486,0.24970178,-0.0010431664
60624000,-0.26966673,0.0031391697,-9.849498,0.0010047841,0.25614813,-0.0013084718
60628000,-0.27316278,-0.00084719184,-9.847114,0.00075761875,0.26205468,-0.0011840658
60632000,-0.26846176,0.003009844,-9.856756,0.0009501099,0.26788747,-0.00075256225
60636000,-0.26212692,0.011570986,-9.865967,0.00027341332,0.27476212,-0.0014335195
60640000,-0.2616547,0.0050865915,-9.866602,-0.00033847644,0.28191814,-0.0016685162
60644000,-0.27277324,0.0009943704,-9.871791,-0.00079964043,0.28863758,-0.0008162769
60648000,-0.2718857,-0.002861522,-9.860901,-0.00024846915,0.2950548,-0.0010449846
60652000,-0.26570278,-0.011513315,-9.859653,0.0005159248,0.30069482,-0.0005639928
60656000,-0.26927197,-0.0041651763,-9.872215,0.0015484721,0.30632102,-0.0006431138
60660000,-0.2726583,0.0035480126,-9.868574,0.003471239,0.31140274,-0.0005495718
60664000,-0.27272213,0.0035605454,-9.867765,0.004306426,0.31675506,-0.0010738896
60668000,-0.27241904,0.005173254,-9.877873,0.004359818,0.32235563,-0.002397773
60672000,-0.2695264,0.00092866964,-9.887415,0.0036814818,0.32655472,-0.0018132055
60676000,-0.26319674,-0.0052465396,-9.888699,0.003164709,0.33095056,-0.0009469546
60680000,-0.26004106,-0.0008004939,-9.884077,0.0024841202,0.33602047,-0.00085314625
60684000,-0.26441056,-0.0007488351,-9.880405,0.0023103554,0.34124404,-0.0013347475
60688000,-0.2663978,-6.195191e-05,-9.879684,0.0024940115,0.3457369,-0.0010709919
60692000,-0.26478618,0.005611964,-9.883964,0.0020948588,0.34999955,-0.00094649376
60696000,-0.2619504,3.511537e-05,-9.889957,0.0013965229,0.35443467,-0.00015167079
60700000,-0.2592494,0.0026459591,-9.8897915,0.0023885174,0.3586399,0.00056016515
60704000,-0.254616,0.007521173,-9.891912,0.0035494207,0.36364666,0.00010540716
60708000,-0.25381854,-0.0036736922,-9.898201,0.00397884,0.3678772,-0.0002079969
60712000,-0.2565415,-0.0017998791,-9.900639,0.003334809,0.37063363,-0.00052271335
60716000,-0.2601233,0.006097457,-9.90206,0.0028200422,0.37268654,-0.0010307695
60720000,-0.2626124,0.008527221,-9.898613,0.0035905098,0.37583846,-0.0005924807
60724000,-0.26485246,0.005829789,-9.895066,0.0031526708,0.37986445,0.00070215785
60728000,-0.26251823,0.0021260148,-9.898991,0.0035251984,0.3840031,-0.00012829664
60732000,-0.2597222,0.0028910951,-9.903753,0.004498891,0.38759112,-0.0015267328
60736000,-0.26190794,0.001028686,-9.900211,0.0042784843,0.39028132,-0.0012938454
60740000,-0.26150507,0.0022802409,-9.899954,0.003695277,0.39315152,-0.0016437799
60744000,-0.26294988,-0.011376426,-9.907407,0.004345086,0.39500147,-0.0019202869
60748000,-0.25597695,-0.012983811,-9.908388,0.004715283,0.39755183,-0.0008042838
60752000,-0.2543623,0.0033102678,-9.902547,0.00447241,0.3993921,-3.584441e-05
60756000,-0.255388,0.0052334405,-9.906381,0.0042673456,0.40073848,0.00038021742
60760000,-0.25446272,0.0043786196,-9.919521,0.005100805,0.40323433,7.869362e-05
60764000,-0.26043826,-0.0013134683,-9.914056,0.005750171,0.40592146,-7.32664e-05
60768000,-0.25953826,-0.0026180404,-9.910343,0.0047684987,0.4077952,-0.0005311553
60772000,-0.25745556,0.0012768238,-9.918842,0.0046321647,0.4097038,-0.0010898248
60776000,-0.25909495,-0.0016268684,-9.92461,0.005446079,0.41168883,-0.0006284476
60780000,-0.25719258,0.0018293951,-9.925695,0.0060966425,0.41316324,-0.0010528335
60784000,-0.25231957,0.0037995672,-9.921853,0.006272137,0.41393206,-0.0007709695
60788000,-0.25441796,-0.0011269022,-9.925907,0.0062918514,0.4151234,-0.00035730458
60792000,-0.25481093,-0.0036569876,-9.923478,0.006677498,0.41700163,-0.00033804245
60796000,-0.24372236,-0.005305357,-9.918674,0.0069498136,0.41777536,-0.00014330889
60800000,-0.24963708,0.0027503937,-9.931652,0.0068032793,0.41792494,-0.00075720286
60804000,-0.2558635,0.0074151596,-9.938229,0.0059335595,0.41884375,-0.0004347609
60808000,-0.25311792,0.0045502693,-9.940365,0.0046419264,0.4203723,0.000111336674
60812000,-0.2553995,0.0070769736,-9.939942,0.0044388366,0.42093146,-0.00062634476
60816000,-0.2531329,0.006014876,-9.932205,0.0052499967,0.42225236,-0.0004305169
60820000,-0.2531711,0.0042009684,-9.929869,0.0058869966,0.42227462,0.00026787978
60824000,-0.24935949,-0.001335868,-9.932418,0.0055601355,0.42067033,0.00083644997
60828000,-0.23977622,-0.0011450162,-9.94101,0.005140239,0.4217443,0.0008539941
60832000,-0.24350889,0.0035813365,-9.93967,0.0060128053,0.4230453,3.0073856e-05
60836000,-0.24705386,0.0016067085,-9.9388075,0.005825185,0.42191932,0.00067498424
60840000,-0.24459168,-0.0009834297,-9.947841,0.0049686288,0.42048532,-0.0003265142
60844000,-0.24659131,-0.003735212,-9.941807,0.0061769155,0.42080748,-0.0017546666
60848000,-0.24635254,-0.00082398066,-9.935935,0.0067898156,0.4223837,-0.00036068226
60852000,-0.2508455,-0.003387306,-9.93935,0.007056535,0.42225572,-0.0005135561
60856000,-0.24868242,-0.0076294146,-9.94388,0.008212422,0.42203414,-0.0017191956
60860000,-0.23662677,0.0049851965,-9.956171,0.007946478,0.42222416,-0.0007447965
60864000,-0.2385681,0.008179638,-9.957501,0.0074367826,0.42197418,2.19167e-05
60868000,-0.24056813,0.0031379217,-9.951698,0.006796655,0.42132664,-0.00050164503
60872000,-0.23819505,-0.0020545959,-9.954828,0.006897222,0.42043075,-0.0012833141
60876000,-0.24072132,-0.006583422,-9.961609,0.007305669,0.4193613,-0.0010274535
60880000,-0.24073233,-0.0031915274,-9.962392,0.0073622847,0.4183758,-0.00088015385
60884000,-0.24109286,0.0018596014,-9.959141,0.007096471,0.41775173,-0.0010615312
60888000,-0.24083361,-0.0018490084,-9.9604225,0.005273016,0.41660345,-0.00044054625
60892000,-0.238747,-0.009635752,-9.958921,0.0057149497,0.41630265,-0.00051026617
60896000,-0.23164183,-0.0061155115,-9.959925,0.0075962637,0.41558498,-0.0006576669
60900000,-0.23509476,-0.0015034924,-9.958672,0.007831878,0.4140904,-0.00064559875
60904000,-0.24217713,0.0018921464,-9.958709,0.0071908096,0.41262335,0.00034233808
60908000,-0.2409366,-0.0003983527,-9.964176,0.0066208877,0.41129935,0.0009999475
60912000,-0.24228907,0.0028379445,-9.961319,0.007257822,0.4100575,0.00029784563
60916000,-0.23589209,0.0064727427,-9.960496,0.007838183,0.40882888,6.7466885e-05
60920000,-0.22697802,0.008439229,-9.966721,0.007738445,0.40740114,-0.0011467267
60924000,-0.22585452,0.0027004639,-9.964565,0.007326827,0.406612,-0.0015720241
60928000,-0.23240969,-0.0016391663,-9.962528,0.0076014875,0.40663218,0.00024053681
60932000,-0.23323028,0.0027894066,-9.96381,0.008626429,0.40426025,0.00076608814
60936000,-0.22832054,-0.0015628841,-9.967205,0.00899189,0.40093985,-0.00038936335
60940000,-0.2290233,-0.0030435529,-9.973372,0.009220966,0.3987383,-0.0009387878
60944000,-0.22822905,-0.006630132,-9.97566,0.009287448,0.39693335,-0.0011533477
60948000,-0.22274673,-0.0063519636,-9.975505,0.009335544,0.39523363,-0.0006308287
60952000,-0.22237995,-0.0018354676,-9.974974,0.008518379,0.39276403,6.901124e-05
60956000,-0.22449851,0.00072968093,-9.963635,0.00786745,0.3902058,-6.858015e-05
60960000,-0.22774726,0.004606839,-9.958124,0.008091273,0.38875046,-0.00047473944
60964000,-0.22289062,0.007986108,-9.970089,0.008295752,0.38816792,0.00035062848
60968000,-0.21806157,0.0076626404,-9.973145,0.008919373,0.386809,0.00066814903
60972000,-0.22633815,0.0067019016,-9.981389,0.008856409,0.38397866,-0.000555381
60976000,-0.22700903,0.0072951373,-9.980673,0.008692335,0.38243932,-0.000931111
60980000,-0.21947944,-0.0029174623,-9.978895,0.008715609,0.38085225,-0.0012892049
60984000,-0.22032043,-0.0038215225,-9.98646,0.008542884,0.37786812,-0.0015901119
60988000,-0.22137454,-0.0034136751,-9.982861,0.00928608,0.3752998,-0.00093638746
60992000,-0.21362862,-0.0083614485,-9.97553,0.010060039,0.3734331,-0.00064162846
60996000,-0.21932681,-0.0033074429,-9.974548,0.009693387,0.3718652,-0.0005541646
61000000,-0.22229786,-0.0003728627,-9.984049,0.009164794,0.36983097,2.4339404e-05
61004000,-0.21851325,-0.0013126543,-9.977968,0.009158792,0.36672908,0.00021176013
61008000,-0.21638674,0.0019275581,-9.968912,0.009285864,0.3640532,-0.00020829737
61012000,-0.20840573,0.0067210463,-9.976349,0.00937634,0.36278027,-0.0002991598
61016000,-0.21038952,0.0009134311,-9.981165,0.008454569,0.3605296,-0.00014519377
61020000,-0.21488002,-0.0037910263,-9.979679,0.007574693,0.35647333,-0.0004930599
61024000,-0.21497802,0.0010588963,-9.973778,0.009145338,0.35355085,-0.00055410934
61028000,-0.21398458,0.00666277,-9.975919,0.009734927,0.35113668,-0.00029593406
61032000,-0.21022952,0.0059086685,-9.979361,0.009736416,0.34818462,0.00020106632
61036000,-0.204441,0.0001627735,-9.976032,0.0104994895,0.34599707,0.0009167183
61040000,-0.20795965,-0.0034229087,-9.977663,0.010177996,0.34361464,0.0013354947
61044000,-0.219099,0.000721643,-9.977785,0.009168464,0.34114873,0.00077544537
61048000,-0.21863338,0.000359898,-9.976452,0.009192658,0.3391047,-0.0009209022
61052000,-0.21077596,0.00010282589,-9.976145,0.009806983,0.3376619,-0.00106257
61056000,-0.20521426,0.0008759503,-9.979045,0.010006959,0.33474097,-0.00071876927
61060000,-0.20702137,-0.0014211806,-9.979634,0.010712346,0.33120495,-0.0012257111
61064000,-0.20882654,0.0036570209,-9.971577,0.010758346,0.32859474,-0.0015865341
61068000,-0.20379826,0.003071278,-9.975976,0.010348263,0.32660407,-0.0010679598
61072000,-0.19803488,-0.0034818503,-9.98336,0.010340211,0.32374972,0.000103954466
61076000,-0.19870509,-0.0030188176,-9.985074,0.010255605,0.31991145,0.00035650577
61080000,-0.19974713,-0.0027733175,-9.988928,0.010068238,0.31686705,0.0007126736
61084000,-0.20103553,-0.0049747583,-9.982141,0.010171497,0.31384063,8.199581e-05
61088000,-0.20189407,-0.0033551545,-9.978551,0.009220092,0.31172422,-0.00085839303
61092000,-0.19981757,-0.00024630356,-9.983658,0.009357044,0.30869603,-0.00080079405
61096000,-0.19969854,0.003409641,-9.9846,0.010474913,0.3042634,-0.00089124375
61100000,-0.19891211,0.0009243993,-9.977446,0.009599824,0.3018135,-0.0011906164
61104000,-0.19759911,-0.0004616385,-9.977085,0.0094047235,0.3000428,-0.000943843
61108000,-0.19930784,-4.9679173e-05,-9.986366,0.010106332,0.29715216,-0.00030685146
61112000,-0.19398174,-0.003268406,-9.988209,0.00990389,0.29371536,-0.0016981763
61116000,-0.18772905,0.0034790093,-9.984085,0.009686536,0.29077423,-0.002405527
61120000,-0.18734929,0.011010228,-9.985228,0.010632374,0.2884036,-0.0013964815
61124000,-0.18542859,0.0027832708,-9.98365,0.011626326,0.285573,-0.00077506667
61128000,-0.19109894,-0.0012024125,-9.980388,0.011177644,0.28221387,-0.00039951716
61132000,-0.19187853,-0.0037697295,-9.983957,0.009954694,0.278785,-0.0007980384
61136000,-0.19105373,-0.008334164,-9.982341,0.009280648,0.2771518,-0.00096202176
61140000,-0.19136271,-0.00451265,-9.980546,0.010351232,0.2754379,-0.0006219843
61144000,-0.19087929,-0.008163329,-9.986052,0.0109849265,0.27178895,5.327769e-05
61148000,-0.19009206,-0.006563521,-9.983551,0.010924586,0.2691421,7.923745e-05
61152000,-0.18439743,-0.006103631,-9.983664,0.0111459065,0.26640815,0.00036688667
61156000,-0.18614745,-0.0056437645,-9.990519,0.010822367,0.2636251,-0.00036722742
61160000,-0.1857019,-0.0003091022,-9.985833,0.010134095,0.2602123,-0.0014452
61164000,-0.17631121,0.0019781154,-9.985386,0.010136002,0.25688818,-0.0017409624
61168000,-0.17727321,-0.0051187985,-9.985176,0.010424487,0.25551972,-0.0017515828
61172000,-0.18668579,-0.011281552,-9.977195,0.010863428,0.25165763,-0.0013681074
61176000,-0.17850591,-0.0008056692,-9.985223,0.01006842,0.24729368,-0.0012568382
61180000,-0.17147976,0.0030114674,-9.989885,0.009610829,0.24570711,-0.0009181868
61184000,-0.17104062,0.0018378423,-9.979742,0.010788226,0.24322727,-0.00040306314
61188000,-0.16639465,-0.00044991035,-9.978345,0.01094034,0.23941872,5.28218e-05
61192000,-0.1725243,0.0014855217,-9.975215,0.010961395,0.23598263,-0.00047877553
61196000,-0.17228848,-0.0024758605,-9.978949,0.010887206,0.2328414,-0.00030091184
61200000,-0.16710952,-0.0048564677,-9.983025,0.011181207,0.22966602,-0.00023007779
61204000,-0.16537592,0.0051496685,-9.987277,0.010654326,0.2265768,-0.00032948135
61208000,-0.1615102,0.0043926486,-9.986619,0.010307481,0.22386694,-0.0011602462
61212000,-0.16520327,-0.004126704,-9.985823,0.0102843195,0.22145757,-0.001224988
61216000,-0.17050606,-0.0055272332,-9.991625,0.010772602,0.21899304,-0.00018945985
61220000,-0.16945961,-0.0031984372,-9.986876,0.011373447,0.2165564,-9.632475e-05
61224000,-0.1669645,-0.005330643,-9.982136,0.011059586,0.21429676,0.0002348035
61228000,-0.16348532,0.0003316043,-9.98271,0.010722771,0.21206847,-0.00041934304
61232000,-0.15558776,0.007112664,-9.986727,0.010910243,0.20900282,-0.0012831223
61236000,-0.15606365,0.0009447241,-9.989896,0.01170791,0.20421259,-0.001668468
61240000,-0.16515216,-0.0041921954,-9.988892,0.011017387,0.20040017,-0.0009110864
61244000,-0.1675086,0.0014045913,-9.984194,0.011336341,0.19831488,-0.0005799155
61248000,-0.16109851,0.0011851914,-9.982056,0.012556633,0.19482616,-0.0008619705
61252000,-0.15585926,-0.002747552,-9.992247,0.011508796,0.19060817,-0.00084649894
61256000,-0.15998925,-0.0030326885,-9.999185,0.010940891,0.18819754,-0.00064713764
61260000,-0.16386569,-0.0025321136,-9.990854,0.011083471,0.1859289,-8.363256e-05
61264000,-0.16158801,0.0016697232,-9.987917,0.010520848,0.18362728,-0.00053618784
61268000,-0.15928116,0.0028490864,-9.993624,0.011272497,0.18116301,-0.0014558712
61272000,-0.15603708,0.0028460452,-9.996603,0.012065108,0.17804766,-0.001526454
61276000,-0.1525914,0.0021472953,-9.997987,0.012111266,0.17593057,-0.00077830337
61280000,-0.15197518,0.0073345327,-9.997179,0.012108283,0.17336674,-0.00019651272
61284000,-0.15341783,0.0065763867,-9.991141,0.011313043,0.17021962,0.00042738987
61288000,-0.15194052,0.0019761922,-9.990515,0.010586345,0.1675332,-7.0656247e-06
61292000,-0.15194258,0.0048700524,-9.993166,0.010952161,0.16463535,-0.0013897517
61296000,-0.15077096,0.0032202378,-9.999222,0.010983287,0.16190195,-0.00038864117
61300000,-0.14783753,0.0035800824,-9.998419,0.010932813,0.15998378,-2.7698346e-05
61304000,-0.14446956,0.0006467459,-9.992445,0.011480109,0.15601045,-0.0017368955
61308000,-0.14761733,0.0013893698,-9.992298,0.011251827,0.15165208,-0.0014909419
61312000,-0.15459764,0.0052722446,-9.991947,0.0109732365,0.14928399,-0.00068016327
61316000,-0.14867213,0.0003773929,-9.990019,0.011284893,0.14640287,-0.001304831
61320000,-0.14711063,0.0010837619,-9.99011,0.011008262,0.14398837,-0.0017456893
61324000,-0.14178701,-0.0027032155,-9.989282,0.010380447,0.141581,-0.00041372734
61328000,-0.13774456,-0.0052731438,-9.990739,0.010370906,0.13941908,0.00030524653
61332000,-0.14258224,-0.000894749,-9.986612,0.010191779,0.13681427,1.1928064e-05
61336000,-0.13960855,0.0011805416,-9.98678,0.010656601,0.13437797,-0.000526794
61340000,-0.14377774,0.0016157142,-9.998262,0.011748208,0.13145989,-0.0012135433
61344000,-0.1428206,-0.0016992803,-10.003054,0.01111785,0.12715444,-0.0008425719
61348000,-0.13570859,-0.0015350768,-10.00116,0.010658951,0.12366948,-0.0012351411
61352000,-0.13135311,0.005737454,-9.997074,0.011414821,0.120453194,-0.0013175606
61356000,-0.122903265,0.0014998575,-10.00437,0.012235214,0.11777631,-0.00039441994
61360000,-0.12605087,-0.0025273215,-10.006364,0.011656451,0.114888206,-3.124161e-05
61364000,-0.13597319,0.004215507,-9.993374,0.010204588,0.11331267,-0.000109296
61368000,-0.1337732,-0.0019469537,-9.99601,0.009561149,0.112351686,-0.0003313652
61372000,-0.12268624,-0.0023117263,-10.000822,0.009452418,0.10887493,-0.00019648371
61376000,-0.12653258,-0.0022159012,-10.005852,0.008887034,0.105805755,9.329667e-05
61380000,-0.13091326,-0.0059074205,-10.013537,0.008768732,0.10307969,-0.00017548699
61384000,-0.12974657,-0.004680902,-10.0084715,0.010431698,0.10035715,0.0002656903
61388000,-0.13204288,-0.00091646874,-10.002953,0.011371185,0.09792751,-0.00022492926
61392000,-0.13154438,0.0075700856,-10.001548,0.011309092,0.09529944,-0.00029506287
61396000,-0.12642255,0.0081983255,-10.001198,0.010723022,0.093558855,0.0001300517
61400000,-0.12518877,0.006365366,-10.00045,0.009817113,0.09007859,-0.00048359373
61404000,-0.12294142,0.0050159683,-10.002241,0.010583359,0.087386996,0.00013919163
61408000,-0.11590138,0.0010984488,-10.002848,0.010689624,0.08554133,0.00023486222
61412000,-0.11993149,0.004820486,-9.9973955,0.010422714,0.082097135,-0.0004143857
61416000,-0.11450365,0.0057441276,-9.9951725,0.010426059,0.07885046,0.00050456147
61420000,-0.11447521,0.0032640195,-9.996825,0.009857373,0.07601755,0.0010775184
61424000,-0.113806404,-0.0015609714,-10.004366,0.010569696,0.07390778,-0.00012243318
61428000,-0.11105752,-0.0077046477,-10.002195,0.010503644,0.07075387,-0.00045288564
61432000,-0.10904159,-0.008399587,-9.992872,0.010157786,0.067246586,-0.00035276636
61436000,-0.10423489,-0.0038973507,-9.998519,0.010660577,0.06597842,-0.00022676903
61440000,-0.11089506,0.0021628018,-10.001087,0.011661317,0.06409247,0.0007198492
61444000,-0.10713057,0.00035775782,-10.0029125,0.012137927,0.06141441,0.0015974178
61448000,-0.10804735,0.00095393567,-10.008648,0.010617786,0.059252206,0.0005380597
61452000,-0.10621373,0.0024315394,-10.007948,0.009794012,0.056222368,-0.00053109514
61456000,-0.10514858,-0.0013957454,-10.008532,0.010404531,0.054056004,-0.00032873664
61460000,-0.108530566,-0.0061185327,-10.01359,0.010689866,0.0518966,-0.00071806373
61464000,-0.104843974,-0.0027806042,-10.008506,0.010665884,0.049288522,-0.00016393393
61468000,-0.10364189,-0.0003970579,-10.005462,0.010114361,0.047215298,-2.2220795e-05
61472000,-0.097322956,-0.00489999,-10.012852,0.009958545,0.044417802,-0.00032098324
61476000,-0.098443076,-0.0056628585,-10.0084095,0.009650781,0.04082738,2.1638967e-05
61480000,-0.09802453,-0.0035618145,-10.002281,0.009328637,0.038222473,-0.0006413559
61484000,-0.09539812,-0.0028347746,-10.00165,0.0098973615,0.03647796,-0.0007480337
61488000,-0.097487286,-0.0036070899,-10.000107,0.009992522,0.034319885,-0.0004708824
61492000,-0.09316955,-0.0017135532,-10.002514,0.010039211,0.031736657,-0.000137629
61496000,-0.09295712,-0.00018026917,-10.004372,0.0103697255,0.029028209,0.00042202364
61500000,-0.09025021,0.0030983987,-10.004478,0.009537016,0.026410293,0.0006234798
61504000,-0.08581407,0.0029688333,-10.006937,0.00850936,0.02417245,0.00022861411
61508000,-0.08812228,-0.00045667487,-10.019229,0.009074589,0.021489922,0.00021361181
61512000,-0.08784913,0.0042568515,-10.012899,0.009263225,0.019216975,0.00060805026
61516000,-0.09023635,-0.0011661752,-9.99897,0.008877368,0.017535834,-0.0002884549
61520000,-0.09233263,-0.00542183,-10.00829,0.0088807875,0.014839879,-0.00094627996
61524000,-0.082582206,-0.0023839963,-10.014471,0.009531771,0.012056252,-0.00056652026
61528000,-0.077049285,-0.0020511516,-10.012586,0.0108372355,0.009707898,-0.00054783205
61532000,-0.079398565,0.00022346845,-10.013401,0.010126396,0.007700136,-0.0006914126
61536000,-0.08193167,-8.945052e-05,-10.007764,0.00975409,0.0052773743,-0.0003625557
61540000,-0.07971369,0.0020026513,-10.005567,0.0101686455,0.0036899361,0.00046041695
61544000,-0.079309836,0.000859567,-10.007455,0.010016312,0.0023563895,0.0007661299
61548000,-0.082176805,0.004274686,-10.007121,0.010165956,-8.16872e-05,0.00023856097
61552000,-0.07777865,0.0036827237,-10.014541,0.010017442,-0.0026086613,0.00044090877
61556000,-0.0761777,0.0011274539,-10.009883,0.011544289,-0.0051568206,0.0007837329
61560000,-0.080477156,0.0038705876,-10.009356,0.011254805,-0.007062639,0.0005391838
61564000,-0.07744017,-0.0036082352,-10.01569,0.009604016,-0.0090073785,0.00012522681
61568000,-0.07152417,-0.0051889205,-10.008839,0.00931544,-0.0117367245,4.929241e-05
61572000,-0.07333413,-0.0058693686,-10.006941,0.008895896,-0.01341739,0.00021319653
61576000,-0.07211041,-0.0070246523,-10.015432,0.008098488,-0.015478385,-2.9066377e-06
61580000,-0.06605655,-0.0040948945,-10.017426,0.007882163,-0.01855039,-0.0005366045
61584000,-0.06735683,0.0008273209,-10.013872,0.00933377,-0.020910574,-0.0010885898
61588000,-0.065945975,0.0058051194,-10.011534,0.009947017,-0.022930304,-0.0010523363
61592000,-0.0630441,0.0015170396,-10.006758,0.009034975,-0.025140023,-0.0009225837
61596000,-0.061525956,-0.0033353237,-10.009779,0.008909958,-0.027251385,-0.0009803362
61600000,-0.06031192,0.002324145,-10.014868,0.009035612,-0.029519688,-5.203189e-05
61604000,-0.06334956,0.0023076886,-10.012911,0.010351711,-0.030180797,-0.00019188954
61608000,-0.06634349,-0.0005793197,-10.00835,0.011631266,-0.031149676,-0.00044309127
61612000,-0.059833106,0.00019819784,-10.007208,0.011196556,-0.034188062,0.0003573608
61616000,-0.054650463,-0.0060917567,-10.0055065,0.009799702,-0.03686001,-2.1097141e-05
61620000,-0.05091668,-0.005360897,-10.011501,0.008509307,-0.038740274,-0.00020846249
61624000,-0.046267517,-0.0073401183,-10.019947,0.009494219,-0.040152967,0.0003137497
61628000,-0.052532583,-0.00657148,-10.014692,0.009239846,-0.041521735,8.786469e-05
61632000,-0.05092089,0.0042591956,-10.01042,0.007866304,-0.044475477,-0.00026102323
61636000,-0.046425626,0.0013773094,-10.012629,0.008442693,-0.04660277,0.00032034045
61640000,-0.048854817,-0.0024079315,-10.01177,0.008699219,-0.048787992,-0.0004901503
61644000,-0.049629416,0.0041156416,-10.010786,0.0074525406,-0.05140853,-0.0006310156
61648000,-0.05255722,-0.0002556209,-10.013291,0.0071369293,-0.052549094,-0.00050821144
61652000,-0.051643692,-0.0003854274,-10.0179615,0.007954753,-0.05414242,-0.0015956061
61656000,-0.045031074,0.005929489,-10.018942,0.008233099,-0.055360835,-0.00072441844
61660000,-0.04680377,-0.0034862356,-10.01492,0.007912121,-0.057446964,-0.0007074636
61664000,-0.051410515,-0.0078218235,-10.012451,0.0072201965,-0.058794595,-0.0011195209
61668000,-0.04485768,-1.17229765e-05,-10.007916,0.00799379,-0.06072365,-0.0010504184
61672000,-0.038111843,0.0016832462,-10.009801,0.007952117,-0.062222388,-0.0010687798
61676000,-0.043341987,-0.003984682,-10.0109215,0.007970827,-0.06360882,-0.00047605005
61680000,-0.039744403,-0.0020800815,-10.005171,0.0083468035,-0.06655009,1.6067946e-05
61684000,-0.039752148,0.0029389341,-10.012418,0.008578541,-0.068597116,3.3788543e-05
61688000,-0.041104402,-0.002762906,-10.018016,0.008456758,-0.07053465,-0.00031409232
61692000,-0.034416985,-0.008455245,-10.0065975,0.007673716,-0.07196008,-0.0003803169
61696000,-0.033791,-0.005730156,-10.009264,0.007737845,-0.07359151,-0.000300502
61700000,-0.037622437,0.000538728,-10.014681,0.006942902,-0.07538929,-0.00022563156
61704000,-0.030082341,0.00036241364,-10.011174,0.006096077,-0.07687749,-0.0006490794
61708000,-0.02314061,-0.0019540752,-10.013552,0.0061175376,-0.078534015,-0.0011017616
61712000,-0.026541863,0.0012716249,-10.0155945,0.0075859847,-0.079625726,-0.0010342823
61716000,-0.027313793,0.00041618233,-10.016328,0.00724144,-0.08061488,-0.0009707828
61720000,-0.024147108,-0.0015860754,-10.017209,0.00626574,-0.08250886,-0.0016944935
61724000,-0.024098225,-0.0002280462,-10.017706,0.0061819833,-0.08447187,-0.0014866596
61728000,-0.023887422,0.0051170955,-10.013662,0.006152951,-0.086311825,0.00033350143
61732000,-0.024137164,0.003205619,-10.013151,0.0068112286,-0.08868338,0.00014324693
61736000,-0.028828854,-0.007853892,-10.018239,0.0069484618,-0.091054186,-0.0005698747
61740000,-0.019032806,-0.011701389,-10.016565,0.0063907225,-0.09236467,-2.4485162e-05
61744000,-0.014528228,-0.0048042964,-10.010614,0.0058055837,-0.09442509,0.0005852256
61748000,-0.01694563,-0.0054532215,-10.013606,0.0058039958,-0.09622323,0.00042849002
61752000,-0.015447682,-0.0061318544,-10.020714,0.005459638,-0.0968346,-0.00014201613
61756000,-0.011490598,0.007492273,-10.025639,0.0057266927,-0.09883154,-0.00030826568
61760000,-0.0087705515,0.005323984,-10.018576,0.00530127,-0.09955846,-0.0002427943
61764000,-0.014631659,-0.0001550321,-10.015503,0.0042858548,-0.10011174,0.00062143675
61768000,-0.012624368,0.0018201726,-10.013249,0.004561747,-0.101806894,0.0004051917
61772000,-0.010917713,-0.0010939908,-10.014326,0.0043296674,-0.10411175,-0.00071108935
61776000,-0.014571175,-0.0016463383,-10.020269,0.003964726,-0.10548144,-0.0011188299
61780000,-0.006775987,-0.0019174992,-10.022675,0.00388468,-0.1063499,-0.0011891403
61784000,-0.0071799485,-0.0019875716,-10.019524,0.004865032,-0.10841662,-0.00012954706
61788000,-0.007191673,0.0030193941,-10.0163555,0.005495129,-0.10939677,0.0005021855
61792000,-0.006664796,0.0042374926,-10.013222,0.0056209704,-0.11018307,-0.0007427775
61796000,-0.0105158,-0.002104617,-10.012453,0.0062845745,-0.11175236,-0.00055620266
61800000,-0.0072430554,-0.0074490756,-10.020721,0.005694876,-0.11315864,0.00010515639
61804000,-0.0052319146,-0.006020365,-10.016975,0.005189614,-0.11442974,-0.00021482643
61808000,-0.004930389,-0.0020425976,-10.010664,0.0055424077,-0.115662344,-0.0006221829
61812000,-0.007008742,0.0013088378,-10.013929,0.004627388,-0.11681663,-0.0008790203
61816000,-0.0013142121,0.003070711,-10.0153265,0.003994594,-0.11863133,-0.0011112199
61820000,-0.00034481735,0.0018538963,-10.006226,0.003627875,-0.11984915,-0.0009317559
61824000,-0.0019715105,-0.0009143976,-10.011154,0.0024753204,-0.12000819,-0.00029441694
61828000,0.008144912,-0.004783593,-10.016632,0.0029376901,-0.12077479,0.00046058884
61832000,0.011223396,-0.0066572563,-10.013433,0.0028244841,-0.12218844,0.000102076534
61836000,0.007121859,-0.009957395,-10.013589,0.0018181213,-0.12381989,0.00031856826
61840000,0.0074945735,-0.0088498695,-10.011055,0.0023608445,-0.12551792,0.0004693564
61844000,0.01292895,-0.008615362,-10.015627,0.0026613772,-0.12668113,4.1068637e-05
61848000,0.012373427,-0.010320882,-10.012662,0.0022966997,-0.12748086,0.00039724912
61852000,0.010345116,-0.0008466292,-10.002953,0.0024910152,-0.12872237,0.0002694335
61856000,0.0072000786,0.0008941633,-10.009945,0.002549981,-0.13122639,0.00024391258
61860000,0.005963219,-0.002211667,-10.016598,0.002545949,-0.13253152,0.00019876585
61864000,0.0059861504,0.002205992,-10.013205,0.0033081512,-0.13390663,3.5989895e-05
61868000,0.004278468,0.0023303467,-10.014298,0.0034364085,-0.13590652,-0.00065328984
61872000,0.009607427,0.003609153,-10.011442,0.004005868,-0.13643485,-0.000864566
61876000,0.011814008,0.00255797,-10.015447,0.0038838126,-0.13750741,-0.00018904402
61880000,0.016051613,-0.00024372603,-10.017349,0.0028909948,-0.13933359,0.00025287713
61884000,0.019577082,-0.0036185991,-10.010189,0.0034171734,-0.13912243,-0.0003522206
61888000,0.017233968,-0.008007005,-10.005145,0.003775167,-0.13929757,-0.0007296044
61892000,0.018729143,0.0005221045,-9.996973,0.0034979652,-0.14052708,-0.00059830095
61896000,0.021142036,0.002387265,-10.001922,0.00227139,-0.14084983,0.00028297238
61900000,0.019402802,-0.0028678302,-10.005383,0.0017611373,-0.14140685,-0.00015625471
61904000,0.016455377,-0.0043100826,-10.001543,0.0024657785,-0.14279574,-0.0015307822
61908000,0.021434922,-0.003707,-10.0056305,0.0024261894,-0.14471667,-0.00058905385
61912000,0.026791435,-0.0069062607,-10.005072,0.0027160097,-0.14509642,0.0005384575
61916000,0.027324695,-0.009554159,-10.001776,0.0026610608,-0.14497867,0.00020998713
61920000,0.030335527,-0.0056789382,-10.009432,0.0017149711,-0.14524311,-0.00017257979
61924000,0.031954534,-0.00409406,-10.009693,0.0009994496,-0.14700976,0.0009607245
61928000,0.028987855,-0.007648974,-10.0112505,0.0012327557,-0.1484941,0.00087463786
61932000,0.025621418,-0.010107439,-10.013839,0.0009618078,-0.14929461,0.0003689659
61936000,0.028684366,0.001592174,-10.012564,0.0009862673,-0.15093678,0.0009826673
61940000,0.035092704,0.005376302,-10.0087385,0.0012894832,-0.15153146,0.0002569822
61944000,0.03729464,-0.0015044366,-10.001432,0.0012382561,-0.15291494,0.00023406881
61948000,0.038927503,-0.005155753,-10.006529,0.0014796209,-0.1541765,0.00082102855
61952000,0.036717076,-0.008115359,-10.004747,0.0007368962,-0.15476197,0.00027924436
61956000,0.030462671,-0.0016935212,-10.003962,0.00042575147,-0.15529719,0.00022427627
61960000,0.029913068,0.0019336662,-10.010809,0.00070845307,-0.15569048,0.00054401485
61964000,0.030811956,-0.005832926,-10.003811,0.0009887025,-0.1561616,0.00038289707
61968000,0.042399295,-0.0095631275,-9.996201,0.0010485358,-0.15663388,0.0009567334
61972000,0.045665707,-0.006711491,-10.002252,0.0014302941,-0.15764844,0.0008524233
61976000,0.041519035,-0.0043944735,-10.007156,0.0014120551,-0.15797068,7.069171e-05
61980000,0.041659243,-0.003519402,-10.003981,0.0012811134,-0.15897194,0.00031719537
61984000,0.039433867,0.00081703166,-10.002003,0.00095477205,-0.16037321,0.0004689431
61988000,0.042592607,-0.001314283,-10.003387,0.00018884358,-0.16209021,0.0005497197
61992000,0.04248209,-0.00188319,-10.002554,0.0007160064,-0.16332641,0.00021408933
61996000,0.0432991,0.004973037,-10.001359,0.00076720025,-0.16360565,-0.00029883266
62000000,0.04453174,0.0003259231,-10.00185,0.00029700735,-0.1633289,0.00023341973
62004000,0.0507392,-0.0070574707,-9.9968815,0.00023351671,-0.1628135,0.0014875227
62008000,0.05547043,-0.00140705,-9.995998,5.564279e-05,-0.16476259,0.0011070136
62012000,0.053446062,-0.00090529956,-9.999144,-0.0009452426,-0.1655326,0.000110047484
62016000,0.047264814,0.0030697137,-9.996382,-0.00043900026,-0.16422668,0.001047251
62020000,0.054921404,-0.001770805,-9.999527,0.0005702134,-0.16505012,0.0018500169
62024000,0.061496228,-0.0093412995,-10.000448,-0.0008383047,-0.16632718,0.0003511216
62028000,0.062154178,-0.0061316187,-9.9957695,-0.0019202867,-0.16642055,-0.00044240864
62032000,0.06114386,-0.005961523,-9.991189,-0.0018403354,-0.1671035,0.00036366633
62036000,0.055247642,-0.0077062543,-9.986704,-0.00086557807,-0.168178,-0.0006132444
62040000,0.058766663,-0.015843064,-9.990369,-0.00044276685,-0.16893655,-0.00034457626
62044000,0.061512116,-0.013322734,-9.988503,-0.0012637414,-0.16924638,0.0005420089
62048000,0.061821185,-0.0078059556,-9.984764,-0.0018229762,-0.16978985,0.00074662955
62052000,0.06159021,-0.008080977,-9.987534,-0.0011514798,-0.17054206,0.0008108599
62056000,0.059530325,-0.0042112623,-9.994417,-0.001247951,-0.17135906,0.0003702247
62060000,0.057486363,-0.009767001,-9.998386,-0.0012314258,-0.17135318,0.0008656916
62064000,0.059711523,-0.009066453,-9.988279,-0.0008018964,-0.17092067,-8.086278e-05
62068000,0.065671824,-0.002128203,-9.981573,-0.001775522,-0.17181496,-0.0006035156
62072000,0.06549546,-0.009041013,-9.98601,-0.0011041412,-0.17280346,0.0010304161
62076000,0.06552981,-0.008139835,-9.987562,-0.0008901021,-0.17257036,0.0013095397
62080000,0.0713084,-0.005921942,-9.989553,-0.0018976994,-0.17291293,0.0007261847
62084000,0.06567702,-0.005172067,-9.992043,-0.0009268617,-0.17321321,0.0006058766
62088000,0.06765329,-0.0049246335,-9.9923,-0.0012438716,-0.17328213,0.0012389816
62092000,0.06977832,-0.008277399,-9.990854,-0.0018880707,-0.17380062,0.0005359471
62096000,0.06673461,-0.0045882137,-9.985848,-0.002055532,-0.1744514,-0.0007396622
62100000,0.06984577,-0.00017781745,-9.982121,-0.0023171655,-0.17519508,-0.00016615598
62104000,0.07153572,-0.0054002623,-9.983135,-0.0026617115,-0.17575362,0.0004089832
62108000,0.07192782,-0.004875756,-9.985453,-0.0023971382,-0.17653981,0.00074231165
62112000,0.07643101,-0.002622775,-9.980307,-0.00058184523,-0.17739873,0.00043457674
62116000,0.07931785,-0.002150013,-9.978466,-0.0006253414,-0.1776748,-4.1958334e-05
62120000,0.07716171,-0.0023338054,-9.980743,-0.0011264835,-0.17763114,0.00025194115
62124000,0.08381924,-0.0037337372,-9.981035,-0.002346698,-0.1785274,0.0001832011
62128000,0.08141654,-0.002665263,-9.983472,-0.0027041114,-0.1778517,0.00040813218
62132000,0.07271254,-0.0021395346,-9.985983,-0.002077356,-0.17651722,0.00038799486
62136000,0.074080065,-0.001823149,-9.981548,-0.0016766828,-0.17705172,0.00063908455
62140000,0.07669827,-0.007957732,-9.978527,-0.0013546888,-0.17766002,0.00049977354
62144000,0.0810336,-0.00962886,-9.978979,-0.0017200138,-0.177566,-0.00047954643
62148000,0.084656104,-0.008459697,-9.97802,-0.0023514654,-0.17758134,0.00023171464
62152000,0.0799391,-0.0033030184,-9.976321,-0.0032944737,-0.17838411,0.0014379686
62156000,0.07696893,-0.0008222682,-9.975973,-0.003509683,-0.17833924,0.0013501379
62160000,0.08016226,-0.004407754,-9.978685,-0.0030534132,-0.17736578,0.0003490438
62164000,0.08395417,-0.007947201,-9.973616,-0.0032525484,-0.17725945,0.0007047881
62168000,0.08803795,-0.00962682,-9.974411,-0.0038786943,-0.17801341,0.0010085137
62172000,0.08895016,-0.009310506,-9.969559,-0.0034056494,-0.17883646,9.6472155e-05
62176000,0.08831405,-0.0071896217,-9.955061,-0.003164282,-0.17883337,-0.00024535324
62180000,0.09074837,-0.0055937073,-9.960535,-0.004652595,-0.1791856,0.00015906562
62184000,0.091858834,-0.0006655226,-9.973427,-0.005296622,-0.17898142,-5.4209482e-05
62188000,0.087782905,0.0018910036,-9.971771,-0.004011294,-0.1797044,-0.0010677341
62192000,0.08909246,0.00155187,-9.976322,-0.003407321,-0.18101496,-0.00038565916
62196000,0.08937788,0.00043982963,-9.975836,-0.0038510193,-0.18060735,0.0010814085
62200000,0.08888567,-0.0047824173,-9.963169,-0.004453858,-0.18067792,0.00095499447
62204000,0.0990852,-0.008402749,-9.962609,-0.0042659487,-0.1800864,0.001008236
62208000,0.0989225,-0.009409384,-9.9645195,-0.0039577363,-0.18044731,0.0011225281
62212000,0.09347005,-0.0048032086,-9.963648,-0.0043040984,-0.18083717,0.0002697411
62216000,0.09409317,-0.007914509,-9.956313,-0.004431723,-0.17951977,-0.00026366668
62220000,0.097981066,-0.0047028866,-9.967562,-0.0037229387,-0.17926903,-3.512421e-05
62224000,0.099835955,0.0003243319,-9.96929,-0.0041691326,-0.17915635,0.0008231956
62228000,0.09822762,-0.006440552,-9.952841,-0.0041506337,-0.17915894,0.002093255
62232000,0.098719865,-0.010674004,-9.955519,-0.004342644,-0.17969301,0.0021223507
62236000,0.101079226,-0.0064112116,-9.9595375,-0.0052670697,-0.1795776,0.0005718836
62240000,0.10842532,0.000460938,-9.958554,-0.005446404,-0.17894028,0.00048133792
62244000,0.108211145,-0.0066602477,-9.958178,-0.005431946,-0.17914368,0.00035008005
62248000,0.104067415,-0.017605744,-9.9503765,-0.0058381744,-0.17855637,-0.00024426225
62252000,0.10154921,-0.011888496,-9.949249,-0.0057238406,-0.1779764,0.00014086303
62256000,0.10127801,-0.0063618775,-9.968439,-0.0055619963,-0.17779662,0.0007074891
62260000,0.09826898,-0.0031968448,-9.972359,-0.0058353534,-0.17791376,0.0016942754
62264000,0.099557996,0.0017608064,-9.966784,-0.00512304,-0.17800038,0.0014877681
62268000,0.1091799,0.0052916417,-9.96294,-0.0053742784,-0.17729995,0.00045295083
62272000,0.11346768,-0.003695197,-9.951407,-0.004709134,-0.17846973,0.00019570506
62276000,0.11216022,-0.010604463,-9.94976,-0.0043182545,-0.1785112,0.0004122711
62280000,0.11052331,-0.008315772,-9.953548,-0.004734211,-0.1778225,0.0006007446
62284000,0.10516064,-0.0074182265,-9.958892,-0.005875742,-0.17840755,0.0011837775
62288000,0.10155391,0.00018813703,-9.956087,-0.005769604,-0.17795,0.0018162541
62292000,0.11421241,-0.004974933,-9.949137,-0.004710509,-0.17662461,0.0019235335
62296000,0.117219746,-0.008733991,-9.947816,-0.0057383836,-0.17695305,0.00081450504
62300000,0.110985704,-0.0043237135,-9.944834,-0.004625321,-0.17819917,7.6589306e-05
62304000,0.109636344,-0.008118988,-9.944654,-0.005026222,-0.17792967,0.00026832725
62308000,0.11069049,-0.0067593013,-9.94392,-0.0059032044,-0.17681293,0.00093326886
62312000,0.11672199,0.00079853076,-9.942012,-0.0063888575,-0.17740394,0.0011349028
62316000,0.1183373,-0.0023175315,-9.940721,-0.007207122,-0.17754263,0.0013783396
62320000,0.11682892,-0.0045575923,-9.935023,-0.006375342,-0.17669968,0.00029710782
62324000,0.120442815,-0.0029852611,-9.930866,-0.007539616,-0.17733184,-0.0005814512
62328000,0.12564608,-0.00473044,-9.932245,-0.007711786,-0.17678824,0.001103279
62332000,0.12373153,-0.006787158,-9.9303055,-0.0071991943,-0.17553025,0.00056876056
62336000,0.112434246,-0.008526493,-9.937113,-0.007143631,-0.17547324,-7.769185e-05
62340000,0.11380632,-0.003872035,-9.9398775,-0.007290124,-0.17457101,0.0014367548
62344000,0.12483216,-0.001467382,-9.931837,-0.007372482,-0.172699,0.0013224216
62348000,0.12151553,-0.006480214,-9.923756,-0.0064095547,-0.17311269,0.0011411469
62352000,0.12007078,-0.003649345,-9.922461,-0.006511788,-0.17349413,0.0012459178
62356000,0.12302754,-6.943701e-05,-9.929689,-0.005483815,-0.1729537,0.0003773268
62360000,0.12914674,-0.005615086,-9.930148,-0.0045155953,-0.17368117,0.00014093048
62364000,0.1273663,-0.003317061,-9.92462,-0.005661536,-0.17400141,0.00020868931
62368000,0.12330343,-0.0048252083,-9.91876,-0.0069828713,-0.17348638,0.00045084275
62372000,0.12478023,-0.0070220754,-9.924303,-0.00694025,-0.17299311,0.0006582885
62376000,0.12525344,-0.005859663,-9.923775,-0.006820508,-0.17367083,0.0014694441
62380000,0.12241384,-0.011660819,-9.918137,-0.0069903936,-0.17340499,0.0012509433
62384000,0.11954212,-0.014693565,-9.923513,-0.0069375294,-0.1727148,0.0016906834
62388000,0.1256987,-0.011300804,-9.92941,-0.007709894,-0.1726224,0.0023132025
62392000,0.12964025,-0.014815877,-9.926927,-0.007434915,-0.17191574,0.0010312643
62396000,0.12852684,-0.011716194,-9.913504,-0.006906043,-0.17131062,0.0002892037
62400000,0.13150531,-0.0010230053,-9.910775,-0.007069993,-0.1706115,-0.00012168225
62404000,0.1336352,-0.010655448,-9.915407,-0.008059564,-0.1706424,-8.066772e-05
62408000,0.13113981,-0.012537481,-9.919588,-0.008335579,-0.17038593,0.00019147611
62412000,0.13176498,-0.001669758,-9.921944,-0.006333105,-0.16967876,0.00071403355
62416000,0.13163055,-0.0039642085,-9.919996,-0.0059821773,-0.1688203,0.0013097608
62420000,0.13120404,-0.009133604,-9.924776,-0.0074835964,-0.16823116,0.0009317514
62424000,0.13513213,-0.008914004,-9.920887,-0.007865169,-0.16750374,0.0005027247
62428000,0.13740224,-0.00341745,-9.909641,-0.007862678,-0.16778587,0.0006900839
62432000,0.13266656,-0.002421764,-9.915333,-0.007565638,-0.16766667,0.0017879171
62436000,0.13066177,-0.005869842,-9.915825,-0.007461764,-0.1665469,0.001444452
62440000,0.13220778,-0.010389537,-9.907394,-0.007576303,-0.16678953,0.0003042227
62444000,0.13505009,-0.009443205,-9.906686,-0.00763332,-0.16653438,0.00023814631
62448000,0.14124615,-0.005367234,-9.910588,-0.00802415,-0.16495058,0.00014683083
62452000,0.14028302,-0.009889147,-9.91058,-0.009035219,-0.16419643,0.0007368319
62456000,0.13527285,-0.004512701,-9.912451,-0.009232872,-0.16352624,0.0010642878
62460000,0.13543613,0.0005664363,-9.908815,-0.0081970645,-0.16301963,0.0011004566
62464000,0.13917556,-0.003440455,-9.906987,-0.007522558,-0.16362295,0.0007798937
62468000,0.14120324,0.0003341155,-9.911089,-0.007826947,-0.16332588,0.00010785287
62476000,0.13918692,-0.0040669427,-9.902148,-0.007864776,-0.1630256,0.0012809295
62480000,0.13794069,-0.008308568,-9.897362,-0.00853868,-0.16258422,0.0017711915
62484000,0.14309359,-0.009106064,-9.900776,-0.00851276,-0.16164806,0.000634645
62488000,0.14383799,-0.0008702408,-9.903213,-0.007958747,-0.16085908,0.00080968114
62492000,0.14128157,-0.0023199324,-9.904863,-0.008398428,-0.16029795,0.0008870983
62496000,0.13969862,-0.0068371487,-9.904959,-0.009083063,-0.15981326,4.1489704e-05
62500000,0.14438458,-0.010096102,-9.893713,-0.009715498,-0.15916808,-7.411295e-05
62504000,0.14590669,-0.01066746,-9.891537,-0.009478602,-0.15937904,0.00050873647
62508000,0.14104673,-0.0061353156,-9.895098,-0.00962698,-0.15972885,0.00034023816
62512000,0.1496715,-0.006482678,-9.894722,-0.009476572,-0.15936553,-0.0001344289
62516000,0.15068567,-0.0030523539,-9.891916,-0.008794964,-0.15755281,0.0006530108
62520000,0.14600131,-0.0018854293,-9.887134,-0.008477461,-0.15606281,0.00092815113
62524000,0.14829907,-0.00949888,-9.88361,-0.008417414,-0.15631638,0.0015050559
62528000,0.14425999,-0.01234124,-9.888024,-0.008950165,-0.15511443,0.0012633873
62532000,0.14693087,-0.009623674,-9.898378,-0.009148207,-0.15426238,0.0002949107
62536000,0.14930671,-0.009831984,-9.888176,-0.00921972,-0.15352735,0.0005404275
62540000,0.14959307,-0.008413745,-9.880962,-0.009467559,-0.15358724,-0.00047866307
62544000,0.1546926,-0.0030251078,-9.884724,-0.009807776,-0.15390998,-0.0007031515
62548000,0.1495294,-0.011610763,-9.882224,-0.010254945,-0.15379643,0.00075744215
62552000,0.15315273,-0.0135025,-9.887835,-0.010149765,-0.15378228,0.0011238788
62556000,0.15420738,-0.0047212006,-9.891291,-0.011008595,-0.15364137,0.0009999492
62560000,0.1493994,-0.0072396053,-9.882206,-0.0124041885,-0.15326399,0.0004983875
62564000,0.15364039,-0.008460926,-9.885412,-0.012262233,-0.1517381,-4.0826475e-05
62568000,0.15285173,-0.006496579,-9.890163,-0.011477901,-0.15114456,0.0010709238
62572000,0.14927036,-0.009797156,-9.887465,-0.011650715,-0.15004334,0.0015602609
62576000,0.14766443,-0.0111329,-9.886635,-0.011545167,-0.14875698,0.0009714823
62580000,0.15250424,-0.0072364695,-9.886625,-0.01108928,-0.14801891,0.00093008304
62584000,0.15630093,-0.0038146123,-9.882278,-0.010884885,-0.14694935,0.00027643092
62588000,0.15937583,0.0019953952,-9.879736,-0.011003477,-0.14570984,0.0005090151
62592000,0.16174503,-0.0035328062,-9.891031,-0.011590421,-0.1456999,1.9941534e-05
62596000,0.15893237,-0.011636794,-9.892881,-0.011654921,-0.14517531,-0.00034602938
62600000,0.15507695,-0.012371825,-9.889265,-0.012712098,-0.14369905,0.00037049488
62604000,0.15433562,-0.010048859,-9.880208,-0.01345937,-0.1432299,0.00019193268
62608000,0.15373889,-0.0053738533,-9.874329,-0.012830657,-0.14295897,0.00037797482
62612000,0.16102205,-0.0067437575,-9.875477,-0.011476572,-0.14291954,0.00079261226
62616000,0.16590321,-0.010593829,-9.867768,-0.010008029,-0.14268479,0.00081740576
62620000,0.16040781,-0.007854963,-9.878361,-0.0101365065,-0.1411187,0.00031294615
62624000,0.15910375,-0.009220325,-9.886364,-0.009702499,-0.13986923,0.00029977472
62628000,0.15745169,-0.014574403,-9.876885,-0.009941816,-0.13972105,0.0008174382
62632000,0.16492262,-0.0088731395,-9.878139,-0.010583231,-0.13996804,0.0008087963
62636000,0.16546112,-0.009609415,-9.886313,-0.010813749,-0.13858259,0.0006328769
62640000,0.1614975,-0.011950195,-9.885076,-0.012222348,-0.13768283,0.00077694905
62644000,0.1621584,-0.010509735,-9.878324,-0.0132604595,-0.13662517,0.0011786161
62648000,0.16447088,-0.006951697,-9.872777,-0.013265037,-0.13573188,0.0005464939
62652000,0.16989672,-0.005743031,-9.876759,-0.013082385,-0.13626982,-5.667926e-05
62656000,0.16508156,-0.012700251,-9.877734,-0.013475131,-0.13566825,0.00067441276
62660000,0.16226166,-0.013344667,-9.866841,-0.012712194,-0.13465312,0.0012741891
62664000,0.1600363,-0.012790911,-9.864311,-0.012994419,-0.1336042,0.00051202276
62668000,0.16432208,-0.011092186,-9.867847,-0.013784314,-0.13309756,0.00058715086
62672000,0.16766198,-0.0070478893,-9.869596,-0.012831995,-0.13153562,0.0011149965
62676000,0.16211501,-0.010664765,-9.867449,-0.012246084,-0.13063768,0.00064286566
62680000,0.16704145,-0.014301074,-9.859148,-0.012155582,-0.13039571,0.0010913722
62684000,0.17110783,-0.008396087,-9.852956,-0.012706897,-0.12990552,0.0011496404
62688000,0.16666892,-0.0017948982,-9.860258,-0.012118025,-0.12906535,0.0011744215
62692000,0.16452411,0.002044903,-9.864286,-0.012318858,-0.12806758,0.0015012716
62696000,0.16993755,0.003354246,-9.871402,-0.013624989,-0.12763998,0.0016997067
62700000,0.16961047,-0.00061222684,-9.874327,-0.012894055,-0.12750831,0.001957878
62704000,0.16548072,-0.01102167,-9.862946,-0.012393771,-0.12736684,0.00063429377
62708000,0.16516131,-0.011841427,-9.8596,-0.01320854,-0.12713353,0.00010143885
62712000,0.16539451,-0.0047256555,-9.858652,-0.014247543,-0.12617624,0.000735421
62716000,0.1665724,-0.005929019,-9.854133,-0.014490422,-0.12568386,0.0006284889
62720000,0.17144556,-0.008843947,-9.853707,-0.014264679,-0.12498522,0.0010330289
62724000,0.18165627,-0.008658952,-9.862658,-0.013405515,-0.12390456,0.0020394744
62728000,0.18506344,-0.0030975565,-9.856117,-0.012883728,-0.12234198,0.001979915
62732000,0.17672026,-0.0064797895,-9.851719,-0.013469675,-0.121135324,0.0012269546
62736000,0.17592457,-0.0077755903,-9.860584,-0.013542343,-0.120394886,0.0013494723
62740000,0.17959458,-0.001691268,-9.860605,-0.012713737,-0.11951584,0.0017022952
62744000,0.1730407,-0.004419937,-9.859796,-0.012502137,-0.119624875,0.00025974505
62748000,0.16494098,-0.001702131,-9.8591385,-0.013606994,-0.11815502,-0.00015527316
62752000,0.1691759,-0.0012427894,-9.850866,-0.013476565,-0.11731623,0.0012373802
62756000,0.17994538,-0.004425357,-9.853638,-0.012920599,-0.11680614,0.0014131159
62760000,0.18176386,9.456386e-05,-9.860321,-0.014379435,-0.11514977,0.00022445792
62764000,0.17759006,-0.0025209454,-9.858881,-0.015022504,-0.11424813,-0.00022249886
62768000,0.1775735,-0.008646514,-9.858938,-0.01402469,-0.11456443,0.00038430348
62772000,0.18050167,-0.011358084,-9.860275,-0.013311424,-0.11503788,0.00040716253
62776000,0.17837325,-0.012509687,-9.860723,-0.012907527,-0.11386697,0.00022414478
62780000,0.1769242,-0.011878267,-9.854179,-0.013030069,-0.112854466,0.0007890383
62784000,0.17800224,-0.015624333,-9.855557,-0.013254766,-0.11311363,0.0015344103
62788000,0.17603704,-0.0134740425,-9.8606205,-0.012643045,-0.11296764,0.0012610798
62792000,0.17929482,-0.006581577,-9.861177,-0.011755336,-0.11211492,0.0004522235
62796000,0.18221685,-0.004334226,-9.858102,-0.011868099,-0.11115101,0.0006312923
62800000,0.18031871,-0.0071323426,-9.850007,-0.012279525,-0.10972973,0.0016513531
62804000,0.18073377,-0.005278175,-9.842453,-0.01212605,-0.10855289,0.0012530708
62808000,0.17402935,-0.0007902436,-9.845119,-0.012125329,-0.10748697,0.0009050611
62812000,0.1764282,0.0020531397,-9.855242,-0.012670717,-0.10579489,0.001329435
62816000,0.18724823,-0.005551473,-9.855854,-0.013180224,-0.10523961,0.0014305111
62820000,0.1845429,-0.010624193,-9.852865,-0.012795166,-0.1049983,0.0016425558
62824000,0.17993246,-0.011472886,-9.849103,-0.012096354,-0.1044678,0.0013031453
62828000,0.18494786,-0.0123117715,-9.847711,-0.011607418,-0.104361326,0.0003426952
62832000,0.18442404,-0.0059886,-9.848212,-0.010981866,-0.10419851,-1.355269e-06
62836000,0.1771358,-0.0053439545,-9.841949,-0.012520643,-0.10367794,7.0157206e-05
62844000,0.18201968,-0.0127393305,-9.847714,-0.012716453,-0.10238536,0.00087884587
62848000,0.18272322,-0.008869454,-9.844573,-0.01278203,-0.10112679,0.0009269736
62852000,0.18527678,-0.012037856,-9.843919,-0.0125847915,-0.10120331,0.0012819942
62856000,0.1793779,-0.011714146,-9.850815,-0.011624247,-0.10019815,0.0007947315
62860000,0.1843758,-0.006896054,-9.855631,-0.012275906,-0.09824714,0.0006054158
62864000,0.19002867,-0.0029027613,-9.85544,-0.01306106,-0.09729549,-0.00023091253
62868000,0.18201214,-0.00864905,-9.844562,-0.0121201165,-0.09741968,-0.00040009333
62872000,0.18418284,-0.013177211,-9.837772,-0.011640518,-0.09757793,0.0005224906
62876000,0.18965915,-0.0021830963,-9.836063,-0.011812296,-0.09703787,0.0011932175
62880000,0.18503717,-0.003019284,-9.839726,-0.011092247,-0.09603204,0.0012510392
62884000,0.18336469,-0.010448611,-9.844152,-0.011100079,-0.09535108,0.0005550079
62888000,0.18412033,-0.003565518,-9.83835,-0.012009998,-0.09482443,0.00076032616
62892000,0.1886907,-0.0039051278,-9.829052,-0.011378607,-0.093882516,0.0014204651
62896000,0.19510177,-0.013658583,-9.826925,-0.010349253,-0.094363,0.0011656339
62900000,0.1888334,-0.013453843,-9.831287,-0.009715946,-0.09384673,0.0010443266
62904000,0.18431063,-0.013184099,-9.839029,-0.009334605,-0.09293842,0.0013895908
62908000,0.18160775,-0.016201047,-9.838004,-0.009483353,-0.092382014,0.00095511676
62912000,0.17832251,-0.020023039,-9.839983,-0.0102629345,-0.09098794,-0.00011198737
62916000,0.1824809,-0.020173037,-9.838919,-0.011686449,-0.09013302,0.00018986715
62920000,0.18906888,-0.009212353,-9.828633,-0.009783353,-0.08940679,0.0009366357
62924000,0.18449458,-0.0103732515,-9.831585,-0.008093176,-0.08933517,0.0009527516
62928000,0.17735761,-0.012228554,-9.831051,-0.008527305,-0.088982195,0.0012268627
62932000,0.18453248,-0.007869385,-9.83302,-0.009216043,-0.08779566,0.0015729831
62936000,0.18765286,0.0008005057,-9.836353,-0.009792069,-0.087193765,0.0012703051
62940000,0.18839505,0.002457284,-9.834547,-0.0097099645,-0.0874531,0.00079193996
62944000,0.19036046,-0.0037062315,-9.829735,-0.010004057,-0.08672045,0.0007316561
62948000,0.18554282,-0.009329609,-9.827713,-0.009049833,-0.08520402,0.00084424135
62952000,0.18599474,-0.014071652,-9.825525,-0.008634748,-0.085310765,0.001833789
62956000,0.18925394,-0.01280883,-9.817987,-0.007995834,-0.08596267,0.0013492492
62960000,0.18491472,-0.00807516,-9.817809,-0.0066855513,-0.08409047,0.0008810996
62964000,0.19044732,-0.0051180515,-9.824296,-0.0075303316,-0.08287635,0.0016053678
62968000,0.19317174,-0.0057339207,-9.831698,-0.0075812326,-0.08231254,0.00025113052
62972000,0.18461639,-0.0086933905,-9.829817,-0.006415738,-0.08133042,5.295631e-05
62976000,0.18775377,-0.01757783,-9.823173,-0.0062091076,-0.08028326,0.0011641905
62980000,0.19462638,-0.02065297,-9.823326,-0.006748642,-0.0801864,0.0007360286
62984000,0.19086999,-0.012042975,-9.830912,-0.006766085,-0.08035173,0.00041376002
62988000,0.19042839,-0.006316557,-9.831028,-0.0065540276,-0.079658434,0.00068624615
62992000,0.19539827,-0.012111279,-9.825237,-0.007183473,-0.07962012,0.0008453941
62996000,0.19183986,-0.012360551,-9.816999,-0.0069419537,-0.07903176,0.0012652522
63000000,0.18916243,-0.007853273,-9.812523,-0.0059865965,-0.07874882,0.0005498423
63004000,0.19533399,-0.0035508554,-9.819828,-0.005834759,-0.07793526,0.0010372646
63008000,0.20046413,-0.0023149955,-9.824542,-0.0060722646,-0.07716942,0.001829377
63012000,0.1998209,-0.0032674808,-9.817848,-0.005745207,-0.077974215,0.0008825353
63016000,0.20008737,-0.009917867,-9.820276,-0.0058206334,-0.07627592,0.0013260446
63020000,0.19385901,-0.013541713,-9.833714,-0.005863104,-0.0749706,0.0019664725
63024000,0.18556559,-0.006559176,-9.8197365,-0.006021364,-0.07576066,0.0016832306
63028000,0.19710395,-0.0076661264,-9.806211,-0.0056791827,-0.07437807,0.000163251
63032000,0.20780566,-0.0117113665,-9.813198,-0.0062333867,-0.07308301,-0.0004976013
63036000,0.20029405,-0.0092221005,-9.811985,-0.00707346,-0.07293721,0.0013767495
63040000,0.19344749,-0.007996326,-9.81192,-0.0059910687,-0.07313752,0.0023191702
63044000,0.2002365,-0.0076622693,-9.818632,-0.0045499564,-0.07320996,0.001230217
63048000,0.2060493,-0.005836711,-9.812502,-0.0036910302,-0.07156718,0.00062715105
63052000,0.20226496,-0.00968938,-9.806817,-0.004331679,-0.07068421,0.0011259991
63056000,0.19981769,-0.011953214,-9.813411,-0.004493034,-0.070341095,0.001319176
63060000,0.2037586,-0.010225607,-9.818449,-0.0025582449,-0.06929628,0.00087178854
63064000,0.20784989,-0.019394644,-9.817656,-0.0009922035,-0.06808078,0.00091121026
63068000,0.19826771,-0.015228757,-9.812013,-0.0017400134,-0.06787104,0.0011857136
63072000,0.19858384,-0.008575398,-9.810306,-0.002954745,-0.06843132,0.0011342396
63076000,0.20069528,-0.009279562,-9.812138,-0.003412581,-0.06782093,0.00018863162
63080000,0.18974087,-0.0064080376,-9.805565,-0.0034140835,-0.067225814,0.0004958745
63084000,0.1917736,-0.009995401,-9.804242,-0.0026118571,-0.066882074,0.0005421538
63088000,0.19584785,-0.015157864,-9.80983,-0.0021873144,-0.06590042,0.00014731337
63092000,0.19632187,-0.008918011,-9.812577,-0.0021473998,-0.06571272,0.00070985116
63096000,0.20262021,-0.0077558863,-9.815355,-0.0018572096,-0.06566955,0.00016351252
63100000,0.20502153,-0.014576828,-9.811817,-0.0025816932,-0.06473629,5.6206423e-05
63104000,0.19948763,-0.008747137,-9.806034,-0.0029236262,-0.063678786,0.0005398873
63108000,0.19750269,-0.005515535,-9.801123,-0.0033463177,-0.06312063,0.00053753325
63112000,0.20281988,-0.0029084417,-9.799774,-0.0040266244,-0.06286157,-0.00012602632
63116000,0.2006411,-0.0011223066,-9.800417,-0.003416961,-0.06223047,0.00067909854
63120000,0.19551472,-0.00951693,-9.802198,-0.0023092306,-0.061794948,0.0010713433
63124000,0.20070335,-0.010530604,-9.798571,-0.0024040006,-0.06166345,0.0007527142
63128000,0.20092916,-2.80623e-05,-9.796385,-0.0028072337,-0.060892563,0.0005845489
63132000,0.19640115,-0.00824698,-9.805496,-0.002764527,-0.05955581,0.0008167773
63136000,0.20233613,-0.012773926,-9.807728,-0.0032804674,-0.059280775,0.0015193478
63140000,0.20611493,-0.0022347139,-9.80691,-0.003020213,-0.058819115,0.000591907
63144000,0.20223114,-0.0028283556,-9.80043,-0.0019572235,-0.058815803,7.55292e-05
63152000,0.20323837,-0.008713434,-9.806337,-0.0005904153,-0.05854652,0.0010786469
63156000,0.20205769,-0.0073520034,-9.801828,-0.00014854534,-0.05804936,0.00056064455
63160000,0.20808549,-0.00063872477,-9.80616,-0.00051373313,-0.0572119,0.00037649626
63164000,0.20929182,-0.00666888,-9.797388,-0.00049565046,-0.055926338,-0.0005966472
63168000,0.2004377,-0.004172542,-9.789576,-0.0012490463,-0.055034444,-0.001094919
63172000,0.19525163,-0.003186362,-9.799292,-0.0008803477,-0.054291397,-0.0008269157
63176000,0.20263474,-0.00573389,-9.801931,-0.00086463237,-0.053844813,0.0008088164
63180000,0.209459,-0.00021670913,-9.800055,-0.0010202931,-0.053541064,0.0011566733
63184000,0.20402393,-0.007018266,-9.7974,1.46489065e-05,-0.053068217,-0.00063680095
63188000,0.19945937,-0.0060125296,-9.791986,-0.0003952973,-0.053395376,-0.00020392418
63192000,0.2020621,0.0029034237,-9.794214,-0.0004686608,-0.053524688,0.0006712517
63196000,0.20382397,-0.0068128337,-9.794643,0.0010934133,-0.052979473,0.00042587987
63200000,0.19903822,-0.0152491,-9.790318,0.0013483779,-0.052597806,0.0006976496
63204000,0.20113821,-0.01207363,-9.791649,0.00048153236,-0.05208703,0.00018333108
63208000,0.20485401,-0.013849225,-9.797882,-9.8609395e-05,-0.051278204,0.00025710175
63212000,0.20528649,-0.014079894,-9.795837,-0.00042918298,-0.050121002,0.0002766876
63216000,0.20831385,-0.012889207,-9.79458,-7.077437e-05,-0.04974749,0.00010703621
63220000,0.21193331,-0.010309692,-9.788399,5.7481742e-05,-0.049971476,0.00040512468
63224000,0.2113025,-0.009499177,-9.78141,-0.0007918768,-0.04911151,0.00021274017
63228000,0.20717302,-0.011382623,-9.79108,-0.0010659851,-0.048479643,-0.00023383694
63232000,0.20634419,-0.0077519473,-9.794247,-0.00059612567,-0.047260076,-0.0006040934
63236000,0.21053,-0.013707849,-9.791927,-0.000697847,-0.04660415,-0.0004422955
63240000,0.20595843,-0.014393947,-9.794209,-0.0021434294,-0.04719022,0.00054071995
63244000,0.19774538,-0.0039324556,-9.795927,-0.0021584423,-0.047141604,0.0008557201
63248000,0.20342529,-0.0025716585,-9.792257,-0.0015141675,-0.046653092,-0.00015985232
63252000,0.20371667,-0.0014293677,-9.781744,-0.0016066716,-0.046355538,0.00011401437
63256000,0.20718962,-0.0035375652,-9.782591,-0.0020843607,-0.045889057,0.00056115247
63260000,0.20697,-0.009403112,-9.789452,-0.0015265613,-0.044613827,-0.00016618252
63264000,0.20551276,-0.008654098,-9.792591,-0.00062098657,-0.044159077,9.879754e-05
63268000,0.2081386,-0.0062632747,-9.793542,-0.0004824858,-0.044374347,0.0010364488
63272000,0.2092242,-0.00798573,-9.789178,0.00024357988,-0.04341551,-0.00021555858
63276000,0.2091499,-0.0069604027,-9.791399,0.000515195,-0.043266043,5.08569e-05
63280000,0.20157623,-0.0040303525,-9.79348,-0.00038658985,-0.04321066,0.0010131806
63284000,0.20707819,-0.004144859,-9.786791,-0.0009887936,-0.041869543,0.00082488975
63288000,0.21001771,-0.0034559565,-9.790028,-0.00015398707,-0.040812366,0.0004928133
63292000,0.20579994,-0.0046964004,-9.799132,-0.0006515933,-0.039955966,0.00034895766
63296000,0.20990866,-0.008577721,-9.797636,-0.0011327179,-0.040220723,0.0002968117
63300000,0.21449956,-0.010835087,-9.792747,-0.0007421006,-0.040785827,-3.2978885e-05
63304000,0.21587962,-0.01226039,-9.791435,-0.000810572,-0.04046186,0.00030455034
63308000,0.21339759,-0.012507171,-9.799338,-0.00047293847,-0.040122952,-0.00042188726
63312000,0.21186993,-0.013481059,-9.796959,-0.00056548335,-0.03949685,-0.00022012238
63316000,0.21406956,-0.0062637073,-9.779731,-0.00031031118,-0.038319197,0.0009671944
63320000,0.21138507,-0.003325475,-9.786105,0.00020391283,-0.037163116,0.0011994672
63324000,0.20857686,-0.00947695,-9.795577,-0.00023587549,-0.036477298,0.0009660295
63328000,0.21598084,-0.005261069,-9.787341,-0.0007795317,-0.03688491,0.00042027104
63332000,0.2127486,0.0013133254,-9.783051,-0.00045375238,-0.036453478,0.0013325063
63336000,0.205143,0.0012890031,-9.786495,-0.0002982363,-0.035817966,0.0018638097
63340000,0.20436671,-0.0023810812,-9.79232,-0.0016177606,-0.03596729,0.0002314718
63344000,0.20936668,-0.004209243,-9.799183,-0.0017737678,-0.03496585,-0.00020659096
63348000,0.2182639,-0.0052587655,-9.804441,-0.00088553346,-0.03521396,-0.0002315141
63352000,0.22361341,-0.0082142595,-9.796433,-0.0007487793,-0.035553075,-0.0004888298
63356000,0.22061685,-0.013421841,-9.786638,-0.0012497959,-0.03459076,-0.00018414206
63360000,0.21603411,-0.015776327,-9.788803,-0.0016066368,-0.034354754,0.00025804513
63364000,0.21909642,-0.0038891586,-9.790909,-0.0014376336,-0.033591174,0.0009312776
63368000,0.21783343,-0.0026272987,-9.78199,-0.0020268331,-0.03321693,0.0005239349
63372000,0.20879383,-0.007958127,-9.781307,-0.002120345,-0.03220106,-0.000614511
63376000,0.20517306,-0.007762227,-9.785001,-0.0009398859,-0.031339236,0.0003382943
63380000,0.21184453,-0.009439742,-9.784529,-0.00033493372,-0.03149221,0.001180185
63384000,0.2211738,-0.0068696085,-9.782091,-0.001208362,-0.03133353,0.00040138557
63388000,0.21800834,-0.009240507,-9.777674,-0.0018150021,-0.030703025,0.0002756133
63392000,0.21823396,-0.007583772,-9.777526,-0.0023862014,-0.02995329,0.00035423104
63396000,0.21936758,-0.0050402223,-9.777201,-0.0018149447,-0.029024843,-0.00071302237
63400000,0.21103382,-0.003168091,-9.777247,-0.0015631362,-0.029496422,-0.0010109531
63404000,0.21306264,-0.003776418,-9.776484,-0.0018507759,-0.03037039,0.00015142145
63408000,0.21402587,-0.0126772225,-9.781483,-0.0012671252,-0.028760068,-0.0001264244
63412000,0.21716759,-0.009515533,-9.784525,-0.0023873658,-0.027632006,0.0002083302
63416000,0.2125452,-0.006758727,-9.781541,-0.0032996216,-0.02737092,0.0013575086
63420000,0.2087719,-0.005261458,-9.788746,-0.0030044247,-0.027390253,0.0010646889
63424000,0.21773283,-0.0023846272,-9.792208,-0.0031295314,-0.027155627,0.00013327993
63428000,0.21561763,-0.001991594,-9.782801,-0.0030473932,-0.026669908,-0.00039948997
63432000,0.21160808,-0.004098499,-9.780815,-0.0033102343,-0.026087018,0.00018958967
63436000,0.21109879,-0.008069182,-9.783325,-0.0038685766,-0.025607437,0.000591484
63440000,0.20967779,-0.0017634734,-9.787809,-0.0032222453,-0.025316793,8.289387e-05
63444000,0.20892453,-0.0036334912,-9.784112,-0.0030741594,-0.025049506,-0.00010217754
63448000,0.2085757,-0.0084256865,-9.783232,-0.0034597025,-0.024681965,0.00021021227
63452000,0.21222895,-0.005532573,-9.778357,-0.003358033,-0.02431836,0.000397889
63456000,0.21184525,-0.0044146553,-9.775689,-0.003438245,-0.024470516,0.0008457286
63460000,0.21596977,-0.007368023,-9.791864,-0.0035453367,-0.023428176,0.001271023
63464000,0.22046264,-0.006046634,-9.790895,-0.003852842,-0.021965748,0.0006811366
63468000,0.21944845,-0.00796252,-9.783684,-0.004210769,-0.021581084,0.00018432265
63472000,0.21570644,-0.009215662,-9.783084,-0.0037326943,-0.021351583,0.00049926643
63476000,0.21135533,-0.004694751,-9.781657,-0.0033939471,-0.021324415,0.00012098731
63480000,0.21661718,-0.0051424047,-10.0968075,-0.001514991,-0.021633517,-0.0002542324
63484000,0.22557458,-0.004232892,-10.651564,0.0051257485,-0.022315165,-0.00012819523
63488000,0.22910574,-0.006702996,-11.065624,0.021298526,-0.023825416,0.00051631744
63492000,0.22454695,-0.013784794,-11.373663,0.047493454,-0.024482308,0.0019422907
63496000,0.22804543,-0.030825647,-11.61916,0.08754372,-0.026963323,0.0014519899
63500000,0.23071016,-0.045181856,-11.811485,0.14272344,-0.032097545,0.0012293784
63504000,0.23406506,-0.053768415,-11.954685,0.21145415,-0.036282234,0.0029592784
63508000,0.24084193,-0.062471997,-12.064,0.292633,-0.040590324,0.002563722
63512000,0.24025816,-0.07133913,-12.13261,0.3824277,-0.046351515,0.001881395
63516000,0.24154939,-0.0821403,-12.1637745,0.48045126,-0.054206062,0.0032269533
63520000,0.23907083,-0.09485265,-12.164465,0.58379424,-0.062101927,0.0045986595
63524000,0.23106351,-0.09426891,-12.144697,0.6888016,-0.06913774,0.005067818
63528000,0.22915807,-0.09996433,-12.106095,0.79338634,-0.07671413,0.0052378513
63532000,0.23336598,-0.11434738,-12.065712,0.8962803,-0.082134366,0.0063846703
63536000,0.23979518,-0.11271192,-12.020519,0.99564844,-0.08812344,0.007582554
63540000,0.23380244,-0.11662758,-11.973923,1.0900398,-0.09563257,0.008851909
63544000,0.22913387,-0.11421483,-11.924686,1.177869,-0.101240374,0.009343945
63548000,0.23256168,-0.11642169,-11.86681,1.2574567,-0.10716806,0.008939677
63552000,0.23560765,-0.123620845,-11.812081,1.3310919,-0.11273986,0.009088951
63556000,0.22659393,-0.117724724,-11.752708,1.3984805,-0.11755265,0.009813757
63560000,0.22139111,-0.11190223,-11.679371,1.4567508,-0.12190391,0.010357104
63564000,0.22990838,-0.108487405,-11.615786,1.5079436,-0.12452064,0.010450193
63568000,0.23193443,-0.1083783,-11.546429,1.5524681,-0.12613706,0.010825881
63572000,0.22933747,-0.11248219,-11.464993,1.5902551,-0.12578982,0.0113844015
63576000,0.2239015,-0.11426306,-11.390707,1.622747,-0.12552291,0.01267563
63580000,0.22507119,-0.11040713,-11.3192425,1.650249,-0.12656893,0.013568535
63584000,0.22511324,-0.106517196,-11.247883,1.6741966,-0.12827836,0.012866309
63588000,0.21996656,-0.11207762,-11.16696,1.6923594,-0.13070618,0.013094306
63592000,0.22189267,-0.1053884,-11.0863905,1.705488,-0.13304152,0.014251208
63596000,0.22105533,-0.10313794,-11.016811,1.7178314,-0.13453567,0.013556978
63600000,0.22021288,-0.109732226,-10.94232,1.7261281,-0.13495103,0.013028058
63604000,0.22623244,-0.100191385,-10.868433,1.7292259,-0.1349769,0.013303905
63608000,0.22844402,-0.09213948,-10.802703,1.7295625,-0.13328914,0.013150086
63612000,0.23081753,-0.09254513,-10.731472,1.7285345,-0.13145673,0.014326205
63616000,0.22469626,-0.0961046,-10.663004,1.724512,-0.12982634,0.014103346
63620000,0.21733814,-0.097302005,-10.603759,1.7174249,-0.12788181,0.012917902
63624000,0.22223616,-0.09264893,-10.538792,1.7067964,-0.12774673,0.013543717
63628000,0.21902451,-0.09335315,-10.471243,1.6933794,-0.129325,0.0146119585
63632000,0.21994767,-0.09018781,-10.41835,1.6798825,-0.13039753,0.015241875
63636000,0.22241724,-0.08226478,-10.366156,1.6645489,-0.1310236,0.015587093
63640000,0.2179487,-0.07776553,-10.308311,1.6471173,-0.12868868,0.015681427
63644000,0.21866547,-0.07270437,-10.254488,1.6289854,-0.124739654,0.014531005
63648000,0.21490787,-0.07983687,-10.200041,1.6093113,-0.12232232,0.013722527
63652000,0.2150915,-0.08631463,-10.150878,1.5868967,-0.11896628,0.014400692
63656000,0.21945626,-0.07861439,-10.107464,1.5629025,-0.11519359,0.0147764245
63660000,0.21776825,-0.07294227,-10.059673,1.539367,-0.113197945,0.014361642
63664000,0.21481335,-0.070086256,-10.020927,1.5138435,-0.112484515,0.014588117
63668000,0.22440416,-0.0732791,-9.98178,1.4864991,-0.111917615,0.015024587
63672000,0.22619924,-0.076846436,-9.934576,1.4601562,-0.111694776,0.01498727
63676000,0.21222846,-0.07807824,-9.893772,1.4334192,-0.11033518,0.014776277
63680000,0.21340576,-0.076561034,-9.86231,1.4057435,-0.106921606,0.014738371
63684000,0.21751976,-0.07117736,-9.8175335,1.3768203,-0.10260491,0.014894645
63688000,0.20935404,-0.06794797,-9.771057,1.3476913,-0.098713495,0.014400863
63692000,0.20958418,-0.06699881,-9.739399,1.3197055,-0.09478411,0.013633404
63696000,0.22593567,-0.068354845,-9.717636,1.290622,-0.090617135,0.014375681
63700000,0.22309366,-0.06743704,-9.690538,1.2606984,-0.088044204,0.014172272
63704000,0.21697706,-0.07266858,-9.654787,1.2303236,-0.086794674,0.013859868
63708000,0.21885276,-0.06891489,-9.623074,1.199746,-0.08570008,0.015021468
63712000,0.21413559,-0.061701264,-9.593689,1.169177,-0.0844298,0.014274663
63716000,0.21609323,-0.06508422,-9.57481,1.1379838,-0.08207998,0.012873369
63720000,0.20822985,-0.06545765,-9.556824,1.1075709,-0.07953452,0.013806431
63724000,0.2135669,-0.06444328,-9.531456,1.0784881,-0.07647784,0.014613275
63728000,0.22246793,-0.06920666,-9.504869,1.0487053,-0.071970284,0.01441983
63732000,0.2176179,-0.07131622,-9.484161,1.0190303,-0.06827063,0.014660479
63736000,0.21794462,-0.07206719,-9.467863,0.99050105,-0.065429665,0.014269168
63740000,0.2135936,-0.0657944,-9.455006,0.9602097,-0.06326022,0.013513037
63744000,0.20379299,-0.06097164,-9.445576,0.93008655,-0.061628852,0.01306919
63748000,0.20771621,-0.066726774,-9.422922,0.9014733,-0.05975451,0.01334209
63752000,0.21469703,-0.07191882,-9.400487,0.87279993,-0.05881845,0.014038816
63756000,0.21115567,-0.070401676,-9.389465,0.84401995,-0.0573205,0.014415448
63760000,0.2095541,-0.06708564,-9.385803,0.8154496,-0.05504448,0.013020526
63764000,0.21188453,-0.06773441,-9.376433,0.78713787,-0.052893844,0.012125871
63768000,0.21621689,-0.06322538,-9.36067,0.75901806,-0.050359808,0.01302768
63772000,0.21726307,-0.06459605,-9.3503475,0.73258704,-0.047273718,0.012727515
63776000,0.21722749,-0.071028985,-9.34371,0.7067962,-0.043313198,0.0124961445
63780000,0.22281426,-0.06975377,-9.349255,0.68007773,-0.040307466,0.0129743535
63784000,0.21860811,-0.06948989,-9.343014,0.6537113,-0.038781423,0.0126131885
63788000,0.20914288,-0.06774716,-9.334928,0.6284601,-0.037390463,0.012060047
63792000,0.21012327,-0.06496418,-9.335533,0.6018021,-0.035404388,0.011391039
63796000,0.21130203,-0.067704506,-9.329784,0.5762794,-0.033478603,0.011893803
63800000,0.20964423,-0.064015456,-9.325813,0.55326986,-0.03125438,0.01276771
63804000,0.21482949,-0.06411498,-9.32675,0.5291836,-0.02941207,0.012222641
63808000,0.22564702,-0.069036566,-9.335224,0.505336,-0.02747918,0.011421058
63812000,0.21888655,-0.07135754,-9.342206,0.48307782,-0.025222618,0.0109936055
63816000,0.21142764,-0.073721126,-9.346836,0.46076065,-0.022669628,0.011255702
63820000,0.21575733,-0.06900082,-9.338973,0.4385641,-0.01994932,0.01115887
63824000,0.21704173,-0.07148218,-9.334112,0.41765583,-0.018431496,0.010624667
63828000,0.21702069,-0.079040386,-9.342564,0.39595056,-0.017079476,0.011112376
63832000,0.22007853,-0.07865166,-9.3493185,0.37402987,-0.014799922,0.0114444075
63836000,0.21724546,-0.07461563,-9.355341,0.35368392,-0.012792786,0.010517701
63840000,0.21489254,-0.07506019,-9.362225,0.333958,-0.01190504,0.009860942
63844000,0.21374327,-0.08376439,-9.368475,0.31355155,-0.010541497,0.010688912
63848000,0.20556647,-0.0806177,-9.371035,0.29303867,-0.008459825,0.010532866
63852000,0.20818773,-0.08077266,-9.373218,0.27361226,-0.0074832872,0.00983929
63856000,0.2174593,-0.084402636,-9.377296,0.254881,-0.005178161,0.010107779
63860000,0.22110417,-0.08214168,-9.384716,0.2368437,-0.0028913838,0.00975222
63864000,0.21453491,-0.08038197,-9.398123,0.21803889,-0.0033256954,0.009924319
63868000,0.21409675,-0.07796912,-9.408104,0.19983357,-0.0020057964,0.009929923
63872000,0.21406859,-0.085212864,-9.417151,0.18195668,0.00015568268,0.0100608645
63876000,0.21379042,-0.09116903,-9.416261,0.16454995,0.00079210114,0.010592054
63880000,0.2176386,-0.08772304,-9.415798,0.14786342,0.0011125064,0.009453224
63884000,0.21894477,-0.08774262,-9.434839,0.13168351,0.0021840537,0.008340435
63888000,0.21776381,-0.09557894,-9.45363,0.11605038,0.004249244,0.008004236
63892000,0.21451128,-0.09627367,-9.462066,0.09961679,0.006541853,0.007908368
63896000,0.21374619,-0.088058464,-9.467804,0.08480632,0.0080723185,0.007995566
63900000,0.21683162,-0.08412291,-9.477476,0.07004295,0.008816105,0.008148484
63904000,0.21741912,-0.0848846,-9.494675,0.055222217,0.009542622,0.008128754
63908000,0.21475995,-0.09274707,-9.504896,0.040083375,0.012548202,0.007389396
63912000,0.21504998,-0.09576341,-9.514021,0.024374925,0.014335929,0.0069783176
63916000,0.21296695,-0.09617972,-9.525087,0.010732432,0.015012581,0.0072569936
63920000,0.21137488,-0.10304461,-9.525776,-0.0027713517,0.01600606,0.006456712
63924000,0.20891249,-0.10632333,-9.536455,-0.017233113,0.017493179,0.006066285
63928000,0.21169226,-0.1085066,-9.548994,-0.030349052,0.01895906,0.0061268997
63932000,0.21259446,-0.10582101,-9.560083,-0.042248018,0.018642778,0.0050081313
63936000,0.21425727,-0.106829375,-9.57332,-0.055544905,0.019035293,0.006131776
63940000,0.21704385,-0.1044776,-9.58012,-0.06896928,0.020849973,0.006542513
63944000,0.21596596,-0.10691279,-9.58927,-0.08104788,0.021689037,0.0055736294
63948000,0.21886183,-0.10845111,-9.598156,-0.09299417,0.022419494,0.005880818
63952000,0.22604372,-0.10945864,-9.602182,-0.10391342,0.023607112,0.0053207497
63956000,0.22437325,-0.11921782,-9.615175,-0.11450724,0.024609014,0.004043866
63960000,0.21829665,-0.120581776,-9.63616,-0.12598461,0.02652927,0.004155392
63964000,0.21438307,-0.11876007,-9.648043,-0.13789108,0.026997725,0.0043675425
63968000,0.21906671,-0.12126301,-9.654882,-0.14924821,0.027063372,0.004239212
63972000,0.2221473,-0.12358504,-9.670925,-0.1594438,0.028205948,0.0036187093
63976000,0.2247149,-0.12360161,-9.673265,-0.16853766,0.029119685,0.0034597253
63980000,0.22949815,-0.120216355,-9.671894,-0.17774564,0.029705511,0.0037406858
63984000,0.22544329,-0.1190745,-9.6830635,-0.18726686,0.029717138,0.0036789388
63988000,0.22155422,-0.12282566,-9.702344,-0.19700122,0.029971235,0.0039887186
63992000,0.217468,-0.12426253,-9.719477,-0.20709105,0.031269934,0.0027481024
63996000,0.21324849,-0.12662095,-9.729694,-0.21658807,0.032778732,0.002017664
64000000,0.21221095,-0.12985855,-9.740768,-0.22499317,0.03405478,0.0022728394
64004000,0.21543455,-0.12437793,-9.750045,-0.23402591,0.03468968,0.0018804943
64008000,0.21997054,-0.12666185,-9.759499,-0.24282219,0.034984943,0.0014306114
64012000,0.21809107,-0.13477345,-9.7637825,-0.25044942,0.03709175,0.0017037591
64016000,0.2144798,-0.14074011,-9.772623,-0.25750577,0.038788702,0.0018697238
64020000,0.22881627,-0.14284445,-9.791233,-0.26582327,0.038691264,0.00083316024
64024000,0.2298392,-0.13763422,-9.804436,-0.27393907,0.038894337,0.0005318632
64028000,0.22253612,-0.13758372,-9.80637,-0.28080446,0.03994281,0.001175627
64032000,0.21314663,-0.13611907,-9.812639,-0.28788066,0.041193597,0.0013720641
64036000,0.21031927,-0.14282164,-9.821241,-0.29485458,0.04086517,0.0019964292
64040000,0.22048777,-0.14724472,-9.826893,-0.30170006,0.04069644,0.0018687927
64044000,0.22006734,-0.14642678,-9.841886,-0.30810195,0.04219562,0.0008823214
64048000,0.22094521,-0.15191206,-9.862573,-0.31450787,0.04412389,0.00023653882
64052000,0.22449431,-0.1551813,-9.875353,-0.32177043,0.044306647,-0.00016082406
64056000,0.21939442,-0.15234828,-9.875046,-0.32746726,0.04376792,5.849026e-05
64060000,0.21619186,-0.14548303,-9.877377,-0.33177257,0.043383256,-0.00051199313
64064000,0.22500212,-0.14820915,-9.891407,-0.3383443,0.043324053,-0.0016547679
64068000,0.22642091,-0.15533675,-9.899467,-0.3444994,0.04343316,-0.0021534995
64072000,0.21914683,-0.15862371,-9.904472,-0.3498828,0.044294085,-0.0022902684
64076000,0.21602261,-0.15802045,-9.90797,-0.35484332,0.046430342,-0.0020056872
64080000,0.21852326,-0.16218193,-9.917952,-0.35943693,0.046951465,-0.001668796
64084000,0.22516505,-0.1683735,-9.9298525,-0.36483222,0.04824072,-0.001871952
64088000,0.22400999,-0.1684799,-9.928762,-0.37014702,0.050195687,-0.002556904
64092000,0.2267651,-0.16697843,-9.935859,-0.37424576,0.050497662,-0.0021549116
64096000,0.23025367,-0.16563293,-9.950367,-0.37838346,0.050914433,-0.0022000563
64100000,0.23035671,-0.17086557,-9.960157,-0.38332832,0.05011925,-0.0026212088
64104000,0.22621846,-0.17664519,-9.96825,-0.3877504,0.049688186,-0.0030497499
64108000,0.21792987,-0.17151764,-9.971819,-0.3920601,0.0502617,-0.003185222
64112000,0.22371641,-0.16950482,-9.983045,-0.39574456,0.050146736,-0.0033315858
64116000,0.23563236,-0.17318967,-9.994982,-0.3987658,0.05064269,-0.0036127905
64120000,0.23418894,-0.17365652,-9.9978485,-0.4027863,0.05188375,-0.0036960836
64124000,0.22790593,-0.17945896,-10.000479,-0.4058169,0.053500026,-0.0042726714
64128000,0.22418937,-0.18035765,-10.006641,-0.40938735,0.054260872,-0.0038505404
64132000,0.21762523,-0.1778399,-10.0125065,-0.41336334,0.05478525,-0.0040365066
64136000,0.2174014,-0.18190444,-10.019085,-0.41518313,0.054739494,-0.004424102
64140000,0.21700725,-0.17978108,-10.02874,-0.41693014,0.05412912,-0.0049184524
64144000,0.22163963,-0.18163164,-10.031115,-0.420473,0.053914472,-0.005319421
64148000,0.23281306,-0.18127343,-10.038851,-0.4236714,0.05429291,-0.005725857
64152000,0.23273063,-0.18083028,-10.043731,-0.42598787,0.054078523,-0.0053675943
64156000,0.22676112,-0.1865778,-10.043814,-0.4288468,0.054330543,-0.004563305
64160000,0.22230129,-0.18892178,-10.054717,-0.43178487,0.055659827,-0.0053523555
64164000,0.21723378,-0.19140202,-10.062525,-0.43429205,0.055649154,-0.006090696
64168000,0.22599477,-0.18918431,-10.06385,-0.4360485,0.05661449,-0.005508406
64172000,0.22674364,-0.18921709,-10.067953,-0.43809623,0.05737585,-0.005052042
64176000,0.21862382,-0.19661272,-10.075926,-0.44016895,0.057091556,-0.006357567
64180000,0.22421482,-0.20223346,-10.081276,-0.44202167,0.057587944,-0.0057895076
64184000,0.22613257,-0.20145887,-10.078945,-0.44398436,0.057728697,-0.0047131935
64188000,0.22435938,-0.19356531,-10.079826,-0.44582435,0.058012623,-0.0058027785
64192000,0.23142083,-0.19793873,-10.089323,-0.44698155,0.058355197,-0.0056597893
64196000,0.22812971,-0.21091552,-10.095594,-0.44800058,0.059122976,-0.004888546
64200000,0.22009236,-0.20923644,-10.099178,-0.4501498,0.059522066,-0.0055705085
64204000,0.22331348,-0.20140468,-10.1049795,-0.4510986,0.05866625,-0.007262318
64208000,0.22254553,-0.20646985,-10.10504,-0.4522509,0.059413638,-0.007963357
64212000,0.22547875,-0.21562989,-10.115637,-0.45493737,0.060108934,-0.006356932
64216000,0.22493401,-0.20641491,-10.123837,-0.45552498,0.059742436,-0.0063417153
64220000,0.21885343,-0.20463662,-10.126961,-0.45677197,0.05983515,-0.0066382745
64224000,0.21765682,-0.2116444,-10.1306715,-0.45772249,0.060372867,-0.0065111616
64228000,0.22206041,-0.21284315,-10.122902,-0.45781845,0.060429316,-0.0066723544
64232000,0.22356108,-0.21609575,-10.123567,-0.45876563,0.060026966,-0.0069690156
64236000,0.22251539,-0.21592872,-10.132897,-0.4585406,0.060482338,-0.007218626
64240000,0.22347909,-0.21892768,-10.13995,-0.4584912,0.060442217,-0.0075715207
64244000,0.22840592,-0.2191229,-10.141924,-0.4590322,0.059956353,-0.008374298
64248000,0.23924659,-0.22294354,-10.13727,-0.45932811,0.060776062,-0.008034143
64252000,0.23211977,-0.2300177,-10.139389,-0.45989475,0.06146555,-0.007793743
64256000,0.22403476,-0.22316952,-10.146643,-0.4611232,0.061656427,-0.0077747726
64260000,0.22581366,-0.22019091,-10.147515,-0.46155995,0.06223587,-0.008308724
64264000,0.23161873,-0.22854286,-10.1473465,-0.46141186,0.062218998,-0.009264325
64268000,0.23654447,-0.23350082,-10.149817,-0.46193722,0.06215123,-0.009483068
64272000,0.23033038,-0.23532756,-10.151012,-0.46103278,0.06124159,-0.008880516
64276000,0.22893885,-0.23139559,-10.156395,-0.4602046,0.061154068,-0.00906982
64280000,0.23171878,-0.22672442,-10.166251,-0.46066856,0.062129032,-0.00933252
64284000,0.23210336,-0.23229136,-10.163282,-0.46065915,0.06163589,-0.008826323
64288000,0.23260233,-0.23489065,-10.159386,-0.45983812,0.06171182,-0.008607788
64292000,0.22833312,-0.23786825,-10.16162,-0.45907027,0.06193327,-0.00889401
64296000,0.22377789,-0.23500167,-10.161304,-0.45866814,0.0625692,-0.008980749
64300000,0.21741709,-0.2346539,-10.160156,-0.4580674,0.06175242,-0.0091157295
64304000,0.21921536,-0.24049589,-10.168997,-0.45804465,0.060120724,-0.009191269
64308000,0.2235854,-0.2415576,-10.175313,-0.45722252,0.06034949,-0.009084509
64312000,0.2193993,-0.24633901,-10.171915,-0.45599228,0.060797174,-0.008530757
64316000,0.22065435,-0.24643342,-10.170395,-0.45431516,0.06090649,-0.008670729
64320000,0.22536236,-0.24195252,-10.167194,-0.45337957,0.061437152,-0.009200039
64324000,0.22519651,-0.2469149,-10.160887,-0.4528613,0.062212203,-0.008964172
64328000,0.22619124,-0.25092378,-10.168128,-0.45152026,0.061921883,-0.009212488
64332000,0.23211426,-0.25086325,-10.167927,-0.4503952,0.061749395,-0.009813193
64336000,0.22578526,-0.25056463,-10.161266,-0.44926924,0.061962724,-0.009621517
64340000,0.22061905,-0.2514226,-10.16444,-0.44777077,0.061092257,-0.009161085
64344000,0.22328553,-0.24953365,-10.169948,-0.44701168,0.06018847,-0.008296435
64348000,0.2297715,-0.25378093,-10.17585,-0.4470454,0.060229268,-0.008277068
64352000,0.23202616,-0.25891724,-10.173928,-0.44585457,0.05856819,-0.00909506
64356000,0.22833371,-0.2570959,-10.1688,-0.4437393,0.058502823,-0.00951637
64360000,0.22965479,-0.25445408,-10.167707,-0.44250828,0.06020367,-0.009744858
64364000,0.23163861,-0.2591853,-10.171717,-0.44072667,0.060306266,-0.0096621495
64368000,0.23416173,-0.2634557,-10.173822,-0.43845505,0.06046576,-0.009451845
64372000,0.22930716,-0.25633496,-10.166394,-0.43718204,0.060971122,-0.008127755
64376000,0.22471064,-0.25894555,-10.160149,-0.43614036,0.061178375,-0.008001901
64380000,0.23429254,-0.26720002,-10.1677685,-0.43327692,0.060088687,-0.008758727
64384000,0.23391771,-0.26532713,-10.16741,-0.43053612,0.05828395,-0.009278044
64388000,0.22912496,-0.26302755,-10.154585,-0.43025303,0.057349764,-0.009419395
64392000,0.230132,-0.26961708,-10.157406,-0.42875898,0.058216777,-0.00968662
64396000,0.22510749,-0.2698077,-10.162493,-0.42728525,0.057827678,-0.009403643
64400000,0.2272731,-0.2692511,-10.164097,-0.42617446,0.057046566,-0.009058037
64404000,0.23046651,-0.27331668,-10.1642065,-0.4241621,0.057406794,-0.009350191
64408000,0.22770843,-0.26722926,-10.162645,-0.4215777,0.05711859,-0.008867037
64412000,0.22439656,-0.27172038,-10.16198,-0.4200943,0.05697503,-0.008544476
64416000,0.22983152,-0.2790113,-10.152639,-0.41934,0.0573217,-0.00914085
64420000,0.2289877,-0.27235788,-10.147112,-0.41618508,0.056968533,-0.009674777
64424000,0.23025712,-0.27167538,-10.147781,-0.41371843,0.05614091,-0.009556991
64428000,0.23345599,-0.27267337,-10.153785,-0.4120944,0.056118365,-0.009716297
64432000,0.23014602,-0.27169973,-10.152582,-0.4093354,0.05578672,-0.009762527
64436000,0.22574826,-0.27756014,-10.146864,-0.407775,0.05499207,-0.0092612505
64440000,0.21895859,-0.2827177,-10.145294,-0.40638608,0.05439259,-0.00873855
64444000,0.21930489,-0.2839068,-10.148209,-0.40375933,0.05520796,-0.00883684
64448000,0.22653444,-0.2895238,-10.144186,-0.4014071,0.056280542,-0.009307596
64452000,0.22766954,-0.29333743,-10.141598,-0.39936864,0.0559346,-0.009444435
64456000,0.22941968,-0.28555387,-10.144068,-0.39723635,0.055775363,-0.009154715
64460000,0.23729199,-0.27996984,-10.139059,-0.3945862,0.05579018,-0.009117318
64464000,0.23070319,-0.28263253,-10.139045,-0.39188206,0.054774277,-0.009031732
64468000,0.2329941,-0.2860159,-10.132265,-0.3897583,0.054554738,-0.00881286
64472000,0.23170313,-0.28508648,-10.126168,-0.3880787,0.054490652,-0.0086398
64476000,0.22782591,-0.28877518,-10.13139,-0.38603908,0.05370303,-0.009116603
64480000,0.22683696,-0.2891722,-10.134402,-0.38290662,0.052816212,-0.009652201
64484000,0.21945971,-0.28467193,-10.134494,-0.38061565,0.05272983,-0.008597026
64488000,0.22388263,-0.29198512,-10.13246,-0.37896645,0.05202447,-0.007908196
64492000,0.22894807,-0.2906719,-10.129902,-0.3760025,0.05087585,-0.008798484
64496000,0.2296592,-0.2810587,-10.124054,-0.3742146,0.051692214,-0.009222171
64500000,0.22991014,-0.28754365,-10.113909,-0.37261125,0.051883996,-0.008185823
64504000,0.22813949,-0.29452118,-10.114582,-0.3694848,0.050960712,-0.007352055
64508000,0.2272009,-0.29579777,-10.112785,-0.36647713,0.050352953,-0.0073118885
64512000,0.22781284,-0.29187188,-10.111702,-0.36373842,0.050085966,-0.0076622274
64516000,0.22536197,-0.28967655,-10.113961,-0.36094528,0.04963388,-0.007994482
64520000,0.23161304,-0.2975227,-10.107261,-0.35818735,0.04964547,-0.0086248815
64524000,0.23762342,-0.3023086,-10.111608,-0.35618588,0.04963058,-0.008985952
64528000,0.22672257,-0.2995544,-10.116194,-0.3534125,0.04877069,-0.008577552
64532000,0.2223618,-0.30126393,-10.1072445,-0.35093522,0.048807055,-0.008239948
64536000,0.22717291,-0.30304998,-10.099726,-0.34945434,0.048384305,-0.0079247905
64540000,0.2276581,-0.3023728,-10.104998,-0.34673738,0.047229685,-0.008236895
64544000,0.22403455,-0.30681542,-10.111387,-0.34381497,0.046428725,-0.007952184
64548000,0.22674313,-0.30134368,-10.104238,-0.34168613,0.045741208,-0.007912068
64552000,0.23065731,-0.29952422,-10.095634,-0.3387711,0.045258883,-0.007872577
64556000,0.23505619,-0.30077186,-10.089399,-0.3353641,0.04547429,-0.007963639
64560000,0.23842728,-0.2979746,-10.082659,-0.33260944,0.045217786,-0.008049661
64564000,0.2368871,-0.2983307,-10.080602,-0.33059776,0.04525358,-0.0075710393
64568000,0.23266558,-0.3030371,-10.0787525,-0.327815,0.046872523,-0.008030537
64572000,0.22524552,-0.3075267,-10.081797,-0.32513982,0.047149118,-0.008296596
64576000,0.22831169,-0.30992848,-10.083151,-0.32425308,0.04602577,-0.008305253
64580000,0.23133872,-0.3085655,-10.073109,-0.32141352,0.04446959,-0.008255109
64584000,0.23166648,-0.30391544,-10.065814,-0.3177684,0.04304136,-0.008562333
64588000,0.2402983,-0.30660942,-10.068752,-0.31535408,0.043104388,-0.008027614
64592000,0.24243073,-0.31539124,-10.0718,-0.3127845,0.044064973,-0.007724583
64596000,0.2384204,-0.3132457,-10.064417,-0.31035775,0.043352295,-0.007162996
64600000,0.232752,-0.30981767,-10.053859,-0.3074404,0.04182204,-0.0072234333
64604000,0.23045623,-0.31414923,-10.047213,-0.30425006,0.041831516,-0.008167954
64608000,0.23296818,-0.3139329,-10.05182,-0.3018369,0.04151214,-0.0075397477
64612000,0.22808988,-0.31368586,-10.058491,-0.29962957,0.04087059,-0.0075860512
64616000,0.22714962,-0.31356564,-10.047934,-0.29717034,0.040482756,-0.0075708623
64620000,0.22644518,-0.31521222,-10.04517,-0.29460144,0.039510816,-0.007100428
64624000,0.22848853,-0.31954753,-10.05159,-0.29156864,0.03938404,-0.0068796747
64628000,0.2336973,-0.3155031,-10.052511,-0.28963733,0.03867309,-0.0062261824
64632000,0.23143065,-0.31307456,-10.04631,-0.28790772,0.038418476,-0.006381597
64636000,0.22686224,-0.3156137,-10.042734,-0.28458697,0.03775947,-0.0068766065
64640000,0.22904503,-0.31201178,-10.035787,-0.2821924,0.03670853,-0.0067932014
64644000,0.23482385,-0.31140995,-10.031109,-0.28015178,0.037327748,-0.0062804753
64648000,0.234831,-0.31743965,-10.033158,-0.27727127,0.037563622,-0.006022846
64652000,0.23138618,-0.32220262,-10.02915,-0.27428502,0.03802746,-0.005422891
64656000,0.2262393,-0.32408583,-10.033999,-0.27180248,0.037743986,-0.0047398824
64660000,0.22512725,-0.32408726,-10.030855,-0.2701019,0.036414616,-0.0048822863
64664000,0.22875383,-0.32304493,-10.021458,-0.2683809,0.03586466,-0.0048346515
64668000,0.2289089,-0.31905806,-10.019173,-0.2653929,0.036450066,-0.0058753598
64672000,0.22989553,-0.32066,-10.017283,-0.26173896,0.035957158,-0.006132133
64676000,0.23693304,-0.3194382,-10.019484,-0.25891432,0.03456239,-0.005190172
64680000,0.23531137,-0.32240766,-10.015537,-0.2568226,0.033649493,-0.0054984204
64684000,0.23536155,-0.3295757,-10.007317,-0.25509268,0.033639625,-0.0064367326
64688000,0.24256894,-0.32942483,-10.006926,-0.25267905,0.034183823,-0.006778323
64692000,0.23620385,-0.329486,-10.008627,-0.250638,0.034223303,-0.006181846
64696000,0.22770102,-0.3279446,-10.01052,-0.24741864,0.033155862,-0.004998475
64700000,0.23209235,-0.32919815,-10.010227,-0.24474825,0.03196496,-0.0049746293
64704000,0.2339891,-0.32684028,-10.0010395,-0.24300069,0.03204457,-0.006084566
64708000,0.23715517,-0.32595253,-9.995479,-0.2409989,0.031763766,-0.006303677
64712000,0.24237725,-0.32641712,-10.005808,-0.2390551,0.030415293,-0.0058716475
64716000,0.24131379,-0.33006996,-10.001057,-0.23541623,0.030003062,-0.0057663294
64720000,0.2322808,-0.33660734,-9.982088,-0.23270401,0.030280434,-0.005873866
64724000,0.22673988,-0.3314434,-9.986977,-0.23079465,0.029919036,-0.005041323
64728000,0.23330551,-0.33045036,-9.989749,-0.22798517,0.02988398,-0.0047999057
64732000,0.23350129,-0.33265328,-9.989107,-0.22575195,0.02986808,-0.005608822
64736000,0.23098156,-0.32453582,-9.990835,-0.2240338,0.02844109,-0.0056647
64740000,0.23412481,-0.32507092,-9.97715,-0.22163677,0.02790147,-0.0051242695
64744000,0.23916964,-0.33600038,-9.968817,-0.21877497,0.027349155,-0.0043330574
64748000,0.24353309,-0.3381487,-9.974535,-0.21630192,0.026183229,-0.004422754
64752000,0.23741955,-0.33524743,-9.976555,-0.21454671,0.025893632,-0.0043215686
64756000,0.22266045,-0.33566338,-9.970217,-0.21202904,0.025066052,-0.004473245
64760000,0.2294248,-0.3338597,-9.96587,-0.2096106,0.025203994,-0.0047847903
64764000,0.24227458,-0.33528262,-9.956573,-0.20742036,0.025208527,-0.0046097687
64768000,0.23524582,-0.33251998,-9.953668,-0.20466354,0.025186704,-0.0048792697
64772000,0.22913381,-0.32724005,-9.953583,-0.20178163,0.025821269,-0.0042663794
64776000,0.23427123,-0.3317221,-9.956131,-0.1993301,0.026213106,-0.0029725428
64780000,0.23808089,-0.3338217,-9.959612,-0.19878696,0.025371067,-0.0038189173
64784000,0.2436108,-0.33171165,-9.956882,-0.19693433,0.023664344,-0.004956715
64788000,0.24780232,-0.32909876,-9.9615,-0.19385737,0.023758132,-0.0049962145
64792000,0.2367545,-0.33169305,-9.9571495,-0.19286922,0.023282655,-0.004295334
64796000,0.23113728,-0.34277812,-9.950508,-0.19147602,0.022059022,-0.003493269
64800000,0.23445563,-0.3461027,-9.94327,-0.1889121,0.021048605,-0.0038446938
64804000,0.24226682,-0.34168178,-9.938619,-0.18634786,0.021299127,-0.004587313
64808000,0.24463579,-0.34384254,-9.94187,-0.18373552,0.022233363,-0.00462732
64812000,0.2415537,-0.34928018,-9.946289,-0.1811111,0.022256749,-0.0040567312
64816000,0.23694146,-0.34393853,-9.948103,-0.17886001,0.021198291,-0.0037503538
64820000,0.23286398,-0.3335109,-9.94437,-0.17684579,0.02046443,-0.003702146
64824000,0.23296201,-0.33452007,-9.936955,-0.17477101,0.020172836,-0.0036811642
64828000,0.23056765,-0.3304952,-9.930538,-0.17385894,0.019881925,-0.0028848443
64832000,0.23462527,-0.32564574,-9.926167,-0.17188957,0.020110222,-0.0026345022
64840000,0.23578429,-0.34384006,-9.927438,-0.16868678,0.01800796,-0.0028118205
64844000,0.23401666,-0.34150591,-9.926132,-0.16658299,0.018299477,-0.0041684317
64848000,0.23273051,-0.33806086,-9.920306,-0.16327584,0.01797447,-0.0032531074
64852000,0.23746912,-0.33830312,-9.9209175,-0.16106907,0.017266657,-0.0034003607
64856000,0.24615942,-0.3406825,-9.916719,-0.15950888,0.017222252,-0.0042104195
64860000,0.24030769,-0.34281212,-9.912472,-0.15756966,0.016560469,-0.004044423
64864000,0.23538831,-0.33830667,-9.915199,-0.15548043,0.016249366,-0.00332807
64868000,0.23747136,-0.3390219,-9.909048,-0.15457428,0.015329211,-0.001996365
64872000,0.23723796,-0.34590045,-9.900316,-0.15243654,0.014477934,-0.002427107
64876000,0.23865682,-0.34503755,-9.905819,-0.14993982,0.013852267,-0.003788407
64880000,0.23463795,-0.34027386,-9.9144745,-0.14828971,0.014762184,-0.0029162562
64884000,0.23399271,-0.34575248,-9.914488,-0.14596774,0.01571692,-0.0013384268
64888000,0.23940705,-0.3466516,-9.912231,-0.1440418,0.014617304,-0.0015361849
64892000,0.23261097,-0.33941448,-9.912119,-0.14237034,0.0141468635,-0.0019878251
64896000,0.23023364,-0.3456352,-9.908815,-0.14104283,0.013904729,-0.002466641
64900000,0.2398271,-0.34788662,-9.905407,-0.13927989,0.01386844,-0.0018266225
64904000,0.24863487,-0.33936074,-9.906109,-0.13659793,0.013433928,-0.0016008954
64908000,0.24159133,-0.34428978,-9.900763,-0.13428739,0.013901103,-0.0014175653
64912000,0.23553224,-0.34709096,-9.900637,-0.13443796,0.013978108,-0.0017575478
64916000,0.2363288,-0.3469849,-9.905874,-0.13444103,0.012032416,-0.003368489
64920000,0.23272786,-0.3515224,-9.896492,-0.13264127,0.011271589,-0.0030644313
64924000,0.24234916,-0.34825957,-9.883955,-0.13048004,0.0125272805,-0.001434667
64928000,0.23926514,-0.3451842,-9.887594,-0.12858047,0.012011563,-0.0011588642
64932000,0.23364595,-0.34831697,-9.89109,-0.12682724,0.011584202,-0.00083748763
64936000,0.2420304,-0.3491047,-9.888807,-0.12501065,0.011994998,8.0261605e-05
64940000,0.24441843,-0.34742472,-9.889616,-0.12350554,0.010983023,-0.00083756284
64944000,0.24411364,-0.35195196,-9.891218,-0.12202633,0.010653856,-0.0025325953
64948000,0.24182463,-0.35499585,-9.89323,-0.1203288,0.010451749,-0.0025968351
64952000,0.2382034,-0.35114485,-9.888495,-0.117608234,0.009617028,-0.002198752
64956000,0.24554823,-0.3468725,-9.884601,-0.115780905,0.009141123,-0.0025017841
64960000,0.2512517,-0.3445628,-9.8893585,-0.1141992,0.009244048,-0.0011352603
64964000,0.2468112,-0.34548748,-9.887759,-0.11251864,0.009829302,-0.0020360714
64968000,0.24911141,-0.3466179,-9.881685,-0.11127868,0.0101557,-0.002913792
64972000,0.2466185,-0.34949908,-9.881111,-0.10912713,0.009052349,-0.0010027578
64976000,0.23898199,-0.35261443,-9.881303,-0.107271135,0.009028345,-0.00088113465
64980000,0.24037442,-0.3501749,-9.88489,-0.10699495,0.00944129,-0.0013831987
64984000,0.24096039,-0.3482132,-9.884615,-0.105620205,0.008359687,-0.0018041547
64988000,0.23682389,-0.3461728,-9.881391,-0.103594765,0.007853796,-0.0012239558
64992000,0.24294904,-0.35704625,-9.881954,-0.1018274,0.007308349,-0.0010196478
64996000,0.2451299,-0.355617,-9.8751545,-0.100403115,0.007545265,-0.0015993925
65000000,0.2416544,-0.3408223,-9.869028,-0.10029397,0.0074362066,-0.0015422888
65004000,0.24156997,-0.34393823,-9.875188,-0.09880897,0.008177705,-0.0015385037
65008000,0.24201883,-0.34904048,-9.873299,-0.09712686,0.008352081,-0.0014522122
65012000,0.25059676,-0.35155278,-9.865812,-0.097073175,0.0070178485,-0.0014906758
65016000,0.24876612,-0.35346144,-9.869494,-0.095290154,0.0061228545,-0.0018553126
65020000,0.24378535,-0.35428804,-9.878201,-0.0932837,0.0059191673,-0.0017403755
65024000,0.2435709,-0.35798284,-9.871799,-0.09288424,0.006539451,-0.0006918952
65028000,0.23792653,-0.35734057,-9.863635,-0.09162786,0.0061281826,-0.00037481723
65032000,0.24878752,-0.357249,-9.863163,-0.090112135,0.0060774395,-0.0011486207
65036000,0.24971756,-0.35006773,-9.871955,-0.089009255,0.005999,-0.00054298504
65040000,0.24228305,-0.34459126,-9.876894,-0.08682281,0.0042617978,-0.00018731336
65044000,0.24270284,-0.3500657,-9.865893,-0.08502902,0.0030378434,-0.0010740289
65048000,0.24228422,-0.34911665,-9.869977,-0.08383499,0.0039895927,-0.001547697
65052000,0.24516228,-0.3494262,-9.86796,-0.08351126,0.0052071307,-0.00091757806
65056000,0.25048757,-0.34820083,-9.860582,-0.0833028,0.0049466495,-0.0015704706
65060000,0.25489548,-0.34892315,-9.864458,-0.081309654,0.0048377593,-0.002616123
65064000,0.26030543,-0.35970998,-9.866228,-0.080661744,0.004800174,-0.0014873067
65068000,0.25169224,-0.36004764,-9.870224,-0.07922579,0.0039531505,-0.0006982283
65072000,0.23851696,-0.35382092,-9.862363,-0.077022016,0.0037240505,-0.0014449714
65076000,0.24528521,-0.34920776,-9.857211,-0.07623663,0.0031914427,-0.0012419822
65080000,0.24638663,-0.34119517,-9.86585,-0.074516,0.003672184,-0.00082744117
65084000,0.24199453,-0.34797627,-9.863041,-0.07323846,0.0050403853,-0.0012833406
65088000,0.241425,-0.35847914,-9.858891,-0.07300231,0.0041558016,-0.000371433
65092000,0.2427316,-0.35478857,-9.8597555,-0.072505996,0.0040018493,-0.00029903193
65096000,0.24447872,-0.35409567,-9.859028,-0.071683906,0.004435422,-0.00076049945
65100000,0.24344787,-0.35574958,-9.854525,-0.07020269,0.0037137326,-0.00027076743
65104000,0.2406817,-0.3553449,-9.854495,-0.06931924,0.0038505332,6.10165e-05
65108000,0.24725342,-0.35156116,-9.858961,-0.06752866,0.0036980498,0.00016733387
65112000,0.2519418,-0.34686372,-9.856191,-0.065377265,0.0033707977,4.0241677e-05
65116000,0.25063568,-0.35598767,-9.853537,-0.065839395,0.0031276383,0.00010805316
65120000,0.24384466,-0.360317,-9.8557415,-0.06560034,0.0020524426,-0.00069026457
65124000,0.24289611,-0.3576619,-9.857252,-0.06409261,0.0018352984,-0.0005678511
65128000,0.24878484,-0.35478628,-9.85961,-0.06294593,0.0029115768,0.00021085452
65132000,0.24419048,-0.34939778,-9.856241,-0.06226835,0.0035188517,-0.00040254588
65136000,0.24774164,-0.34567717,-9.849891,-0.06111719,0.0028253826,-0.0002986834
65140000,0.25103974,-0.35485506,-9.851061,-0.059212644,0.0025068817,0.0003582674
65144000,0.2496044,-0.36515388,-9.855783,-0.058799926,0.0021654402,-8.882516e-05
65148000,0.25990522,-0.3606381,-9.856903,-0.05863165,0.0016713678,4.94747e-05
65152000,0.25827047,-0.36071682,-9.856111,-0.05708755,0.0016612766,-0.00017543335
65156000,0.25215563,-0.3575515,-9.85499,-0.056415968,0.0024566927,-0.000647753
65160000,0.2525091,-0.35136068,-9.850169,-0.055955864,0.0020837598,-0.00026650645
65164000,0.25421435,-0.34838715,-9.847866,-0.055695962,0.00093428546,0.0002645087
65168000,0.25152296,-0.35044852,-9.847127,-0.05514315,0.0007442932,7.706621e-05
65172000,0.24544209,-0.35022104,-9.850422,-0.053470626,0.0005278855,-0.0005794682
65176000,0.24795285,-0.35070175,-9.848393,-0.051327117,0.0009946686,0.00016047829
65180000,0.24667351,-0.35593808,-9.844734,-0.05071014,0.00097638863,0.00024459537
65184000,0.25443548,-0.35864457,-9.846094,-0.050440755,0.0017052444,-1.7287686e-05
65188000,0.26158714,-0.36209053,-9.842702,-0.048640378,0.0018168624,-0.0005201312
65192000,0.25793725,-0.3549736,-9.844127,-0.047847763,0.0012170752,-0.0007645295
65196000,0.2580715,-0.35122818,-9.844442,-0.047032833,0.0008542311,0.00029270304
65200000,0.25735804,-0.35925126,-9.845758,-0.04603078,0.00017808062,-0.0005024672
65204000,0.25885558,-0.36365438,-9.848562,-0.045569904,0.00013284294,-0.0011848905
65208000,0.2522093,-0.35786903,-9.841069,-0.045200296,0.00032989917,-0.00026975723
65212000,0.24359226,-0.36001223,-9.848416,-0.044401452,0.0005295487,-0.00051998964
65216000,0.24980822,-0.3604961,-9.860088,-0.043217335,-0.00049956393,-0.0008468917
65220000,0.25267652,-0.3530642,-9.846078,-0.041957594,-0.0006983743,-0.0006620822
65224000,0.24302113,-0.35524815,-9.840166,-0.04178515,0.00047264513,-8.416441e-05
65228000,0.24327913,-0.3616479,-9.846461,-0.042385314,4.233374e-05,0.00056155113
65232000,0.2561239,-0.36262888,-9.839061,-0.04224079,-0.001052654,-0.0003994505
65236000,0.2502563,-0.35897952,-9.833845,-0.041436374,-0.001338275,-0.0004818448
65240000,0.24861045,-0.3634379,-9.840422,-0.040598236,-0.0008192112,0.00083750655
65244000,0.25724906,-0.3626959,-9.843467,-0.039296784,-0.00044589225,0.0010955093
65248000,0.25381768,-0.35691535,-9.840852,-0.038368624,7.295122e-05,0.00069590955
65252000,0.25416625,-0.36090243,-9.841112,-0.037918143,0.00041575427,-0.00020791724
65256000,0.25578028,-0.36529955,-9.84437,-0.036558557,2.7052358e-05,-0.00029763152
65260000,0.25482845,-0.36784694,-9.846769,-0.035834283,-3.3793745e-05,0.00023095302
65264000,0.254956,-0.36718732,-9.847151,-0.03536708,0.00055141235,-0.00023588735
65268000,0.25360352,-0.36300224,-9.846615,-0.034929905,0.00047601582,-0.00078776985
65272000,0.25852913,-0.36118174,-9.847026,-0.034099102,0.0003572989,-0.00017466798
65276000,0.25909337,-0.3589332,-9.842863,-0.033007957,0.001122088,-0.00069930364
65280000,0.25103918,-0.35533145,-9.840481,-0.03253688,0.00088022,-0.0009417685
65284000,0.2589084,-0.35679716,-9.837718,-0.032993026,-0.0010094348,8.936988e-05
65288000,0.26553282,-0.35654336,-9.8360195,-0.032129303,-0.0018782346,0.0002554457
65292000,0.25364465,-0.35761917,-9.84103,-0.030384663,-0.0021037983,-0.00081848225
65296000,0.24608889,-0.3672608,-9.840357,-0.030388575,-0.0020243577,-0.0013694996
65300000,0.25174618,-0.36489072,-9.835629,-0.029173099,-0.001326052,-0.00090326736
65304000,0.2500135,-0.36012742,-9.83905,-0.02829792,-0.0015000041,-0.00017557765
65308000,0.2459622,-0.36169302,-9.835684,-0.028145196,-0.0013344951,-8.015836e-05
65312000,0.25267613,-0.35304248,-9.833352,-0.02827434,-0.00060669903,-0.00019443236
65316000,0.2598834,-0.3541309,-9.837679,-0.027284639,-0.0008711492,-0.0002170194
65320000,0.25733483,-0.35842058,-9.84257,-0.025577735,-0.0018355655,-0.00010339558
65324000,0.2541412,-0.3598748,-9.8405485,-0.025388628,-0.0019392367,-0.00066847197
65328000,0.26015925,-0.35927314,-9.834421,-0.024931017,-0.0018232766,-0.0011388607
65332000,0.26005954,-0.35431853,-9.833433,-0.024898551,-0.0014771677,-9.537505e-05
65336000,0.25979516,-0.3615593,-9.833708,-0.025304526,-0.002129959,-0.00012757043
65340000,0.25380835,-0.36822477,-9.832697,-0.023632273,-0.0024401671,-0.00014387145
65344000,0.2487591,-0.36191353,-9.831166,-0.02249469,-0.0017603097,-0.00012140167
65348000,0.25100917,-0.35591206,-9.832289,-0.022645999,-0.0020250771,0.00011025624
65352000,0.25523958,-0.3603933,-9.841333,-0.021765918,-0.0022973719,-5.5758588e-05
65356000,0.25215808,-0.35994583,-9.848784,-0.021490002,-0.0030803427,0.00015730334
65360000,0.25056136,-0.3571295,-9.841406,-0.021507133,-0.0033564877,-0.00018389498
65364000,0.2606231,-0.3600537,-9.82929,-0.021148084,-0.0023839488,-0.0012118641
65368000,0.26691946,-0.35990733,-9.827466,-0.019981453,-0.0029403807,0.00017604757
65372000,0.26356074,-0.36459428,-9.827719,-0.018618157,-0.0023665787,0.00022136493
65376000,0.25282413,-0.36280745,-9.824065,-0.01886887,-0.0012407909,-0.00068052264
65380000,0.25054106,-0.35666692,-9.832178,-0.018441258,-0.0015724127,-0.0002711926
65384000,0.25418973,-0.36057064,-9.839841,-0.0175124,-0.0013960336,0.00047942137
65388000,0.25734812,-0.36461622,-9.84591,-0.017782938,-0.0013415454,0.00018092495
65392000,0.26145238,-0.36954013,-9.8431225,-0.018385109,-0.0014713457,-0.00035284768
65396000,0.2582345,-0.3697005,-9.836368,-0.018546473,-0.0018124051,0.00020432129
65400000,0.25700435,-0.36470184,-9.837084,-0.017432986,-0.0023116276,0.0003724278
65404000,0.25777078,-0.36309764,-9.832736,-0.016588468,-0.0020846357,0.0005093842
65408000,0.25405815,-0.3572975,-9.832894,-0.015853785,-0.0018181334,0.00089648913
65412000,0.25789502,-0.3598964,-9.834154,-0.014747823,-0.0027656462,0.0011873754
65416000,0.26328045,-0.36415005,-9.826355,-0.014744622,-0.0030931404,0.0013107564
65420000,0.26326674,-0.360799,-9.8223,-0.01410111,-0.0030105342,0.0009889241
65424000,0.26212585,-0.3618893,-9.821817,-0.012082481,-0.004219835,0.00048787842
65428000,0.25857222,-0.3647812,-9.819637,-0.011452404,-0.0044779303,-2.5500618e-05
65432000,0.26187772,-0.36814418,-9.828439,-0.012138238,-0.0034672213,-0.0010917084
65436000,0.2655921,-0.36150855,-9.836841,-0.012904146,-0.00412403,-0.0007322883
65440000,0.26772788,-0.35755718,-9.828909,-0.011722793,-0.0046373587,-0.00017526247
65444000,0.27046505,-0.35735905,-9.820788,-0.010591658,-0.004078019,0.0004154993
65448000,0.25742444,-0.36134607,-9.819954,-0.010333212,-0.0033648557,0.0005757976
65452000,0.25679323,-0.3625347,-9.824673,-0.011247875,-0.0026277849,0.00028766328
65456000,0.2689752,-0.36427855,-9.826363,-0.01200729,-0.0019784693,0.0002776455
65460000,0.2633797,-0.36906844,-9.825076,-0.011534323,-0.0023137352,-0.00022791719
65464000,0.26317462,-0.36745673,-9.827884,-0.010923155,-0.003949514,-9.963955e-05
65468000,0.26263642,-0.3681958,-9.822957,-0.010125391,-0.0039874217,3.1441323e-05
65472000,0.2557854,-0.3616669,-9.8162155,-0.009054511,-0.0029687579,-0.0002748989
65476000,0.26005286,-0.3608629,-9.819576,-0.008697905,-0.0025905531,0.0002504658
65480000,0.2638235,-0.36504167,-9.821053,-0.008378667,-0.002785892,0.0010106491
65484000,0.26348418,-0.36416322,-9.821791,-0.007172224,-0.0026804851,0.00038063395
65488000,0.26469827,-0.35961616,-9.818136,-0.0066714147,-0.0031650127,0.00052496226
65492000,0.27045357,-0.35853451,-9.817211,-0.006758986,-0.003362124,0.0003044216
65496000,0.26575214,-0.36541775,-9.818814,-0.0064207404,-0.0032247235,-0.00041621109
65500000,0.2632128,-0.36560535,-9.818733,-0.006131035,-0.003635665,-0.00020833523
65504000,0.26941913,-0.36086679,-9.817627,-0.005775147,-0.0037732588,-0.00025640955
65508000,0.2636506,-0.36112723,-9.81411,-0.005417205,-0.004034308,0.00019505863
65512000,0.25697678,-0.3592612,-9.820644,-0.00572909,-0.004387455,0.00046338176
65516000,0.2621833,-0.36084604,-9.829027,-0.0054204715,-0.004414781,-0.0008111833
65520000,0.26196116,-0.36773878,-9.826574,-0.0049150726,-0.0034263043,-0.00073584355
65524000,0.25812507,-0.36352587,-9.824505,-0.0045273826,-0.0030070145,0.00023736517
65528000,0.2581824,-0.3602883,-9.824083,-0.0042691147,-0.0031706567,0.00016946786
65532000,0.2608886,-0.36354667,-9.820547,-0.0045833266,-0.0032906977,0.0006972971
65536000,0.26004016,-0.361984,-9.821644,-0.0046337005,-0.0039270534,0.00093890255
65540000,0.25748783,-0.36002633,-9.8186035,-0.003426868,-0.004006806,0.00042611497
65544000,0.26935786,-0.36887202,-9.816372,-0.0033560311,-0.004611881,0.0006392674
65548000,0.26711032,-0.37141722,-9.8251,-0.004091641,-0.004265276,8.2308925e-06
65552000,0.2640319,-0.36313963,-9.826601,-0.0039355624,-0.0042010653,-0.00030896452
65556000,0.2646743,-0.3587807,-9.825457,-0.0039870595,-0.0056205355,0.0005477185
65560000,0.26141343,-0.3554152,-9.827383,-0.0026131081,-0.004074447,0.0003862281
65564000,0.2677636,-0.3600462,-9.8218,-0.0017629265,-0.0027347011,-0.00024261286
65568000,0.2719565,-0.35991514,-9.817139,-0.0026470467,-0.0041765384,0.00015511573
65572000,0.26859528,-0.35622048,-9.810896,-0.0013509032,-0.004442592,0.0010006848
65576000,0.2653385,-0.3576805,-9.812721,-0.00043562322,-0.004523557,0.0011014714
65580000,0.27014014,-0.36182362,-9.812727,-9.776951e-05,-0.0043825326,0.0009414762
65584000,0.2671945,-0.36342943,-9.807217,0.0010497436,-0.0038780363,0.00042724787
65588000,0.26206857,-0.35368562,-9.805405,0.00048382167,-0.004440616,0.0005237842
65592000,0.26219016,-0.35330337,-9.809343,-0.00023362481,-0.004813306,0.0001637639
65596000,0.26662868,-0.36089355,-9.817755,0.00033998865,-0.004348358,0.0013189113
65600000,0.26781157,-0.36790094,-9.814022,-0.0003581202,-0.0040879403,0.0026187082
65604000,0.26293084,-0.36782342,-9.80975,-0.00020353011,-0.0055608475,0.0010948129
65608000,0.2545692,-0.35682985,-9.815956,0.00031018967,-0.0058379592,0.00038148166
65612000,0.2557915,-0.3560097,-9.818874,-0.00043441873,-0.005816825,4.110686e-05
65616000,0.26366717,-0.36323857,-9.817041,0.0001702144,-0.005411778,-0.00082893367
65620000,0.26820683,-0.36036652,-9.818615,0.0014227512,-0.0041569774,-0.0001413395
65624000,0.2727086,-0.36009645,-9.822428,0.0020216736,-0.0038050169,0.0001770362
65628000,0.26564288,-0.35672098,-9.814811,0.0022477736,-0.0037410608,-0.00047345457
65632000,0.26789978,-0.35569257,-9.806314,0.0019323879,-0.0037383798,0.00077452854
65636000,0.27762806,-0.36773044,-9.809254,0.0012292282,-0.004082195,0.0012544472
65640000,0.27040386,-0.36571792,-9.814981,0.0015629658,-0.005203141,0.00039526037
65644000,0.26427937,-0.3583429,-9.826116,0.0025720436,-0.005791343,0.00027798396
65648000,0.26948065,-0.36189908,-9.825034,0.002324674,-0.00536753,0.0010356894
65652000,0.276451,-0.35594273,-9.817986,0.0028222983,-0.0051211137,0.0010304742
65656000,0.28195906,-0.35448012,-9.81808,0.0034693433,-0.006138108,-0.00030312937
65660000,0.27994668,-0.35738716,-9.818058,0.0025026163,-0.00593991,-0.00060707534
65664000,0.27136815,-0.3598611,-9.812658,0.0033969376,-0.0056380844,0.000314676
65668000,0.26688492,-0.37290582,-9.816257,0.004334753,-0.006134686,0.00054617494
65672000,0.26853794,-0.3708216,-9.820203,0.0028661266,-0.0055235694,6.7364366e-05
65676000,0.26871955,-0.35980046,-9.812172,0.0032150762,-0.0050110184,0.00020590733
65680000,0.27499437,-0.3592953,-9.807481,0.0041393596,-0.0046641915,0.0010126348
65684000,0.2744887,-0.36178112,-9.810507,0.004470218,-0.004745012,0.0011045039
65688000,0.26873004,-0.3600279,-9.814672,0.004374961,-0.004636239,0.00076968654
65692000,0.267493,-0.3650204,-9.811448,0.003924679,-0.0052918037,0.0005619973
65696000,0.2700895,-0.36278158,-9.808559,0.0044808765,-0.0063613015,0.0010605695
65700000,0.27440178,-0.36099818,-9.808445,0.0038013163,-0.004818737,0.0011698306
65704000,0.2761615,-0.36543798,-9.819511,0.002715533,-0.0039304765,0.0012350796
65708000,0.2744999,-0.36357307,-9.826633,0.0038403636,-0.004531111,0.00074986543
65712000,0.2715186,-0.35989013,-9.813748,0.0052347747,-0.0040340736,-0.000104582716
65716000,0.27440572,-0.35032168,-9.807579,0.0044259857,-0.0035045112,-0.00041698478
65720000,0.2765714,-0.3536987,-9.819279,0.0042857765,-0.003474906,-0.0009545819
65724000,0.2805568,-0.36572748,-9.818695,0.0050682607,-0.004742401,5.885255e-05
65728000,0.27346444,-0.36289093,-9.808878,0.0050594388,-0.0054200203,0.0003342298
65732000,0.26790965,-0.36386928,-9.807876,0.0048774816,-0.0053859716,0.00044999315
65736000,0.272734,-0.36500686,-9.810566,0.0052541243,-0.005043296,0.00047451167
65740000,0.27574962,-0.36443463,-9.808826,0.005051124,-0.004392005,-0.0004213054
65744000,0.27215642,-0.36711735,-9.809034,0.0053189076,-0.004972012,-0.000632544
65748000,0.27261704,-0.35936558,-9.81587,0.0056739007,-0.00546959,-0.00034554707
65752000,0.27412528,-0.35565686,-9.8169365,0.005465071,-0.005391398,2.4267805e-05
65756000,0.26834744,-0.36176106,-9.812487,0.0049926,-0.005988344,-0.00018175547
65760000,0.27025545,-0.36560962,-9.8029995,0.0045676567,-0.0060597616,-0.00026290948
65764000,0.272445,-0.36432108,-9.802901,0.0051715407,-0.005172414,-0.00086020434
65768000,0.2681124,-0.36085367,-9.813278,0.004913057,-0.0044325627,-0.00023921873
65772000,0.2716251,-0.36039683,-9.817098,0.0052200453,-0.004108071,0.0005383139
65776000,0.27988762,-0.36438745,-9.817763,0.005322247,-0.005056723,6.66593e-05
65780000,0.27770153,-0.3644159,-9.815315,0.0053621093,-0.0057755914,-5.3051626e-06
65784000,0.27621847,-0.36931086,-9.809939,0.005389256,-0.0056816232,-0.00029755602
65788000,0.2790289,-0.3761983,-9.808598,0.004610202,-0.005168559,-0.000481425
65792000,0.2778042,-0.36960632,-9.8039665,0.0045478763,-0.003995213,0.0009012811
65796000,0.2723447,-0.36582184,-9.804627,0.0056617395,-0.004408637,0.0014249115
65800000,0.27308849,-0.36730304,-9.81391,0.006347717,-0.004670647,0.00017506036
65804000,0.27257222,-0.36449993,-9.813486,0.0062889527,-0.0029507675,-0.00079455867
65808000,0.27634782,-0.36521116,-9.814453,0.007043002,-0.0024304758,-0.00055083487
65812000,0.2840381,-0.36218616,-9.817553,0.007187678,-0.0028799195,0.0011958504
65816000,0.2783323,-0.3649771,-9.81119,0.006490885,-0.0038221097,0.00097269344
65820000,0.27134418,-0.36880377,-9.81245,0.006207158,-0.003836267,0.0005179831
65824000,0.27796477,-0.36511847,-9.819515,0.0058312975,-0.0037829916,0.0011139654
65828000,0.27740833,-0.37155756,-9.818748,0.0057287533,-0.003798583,0.00040597338
65832000,0.2754006,-0.3724112,-9.807154,0.005966736,-0.00359327,8.677497e-05
65836000,0.2769464,-0.3685404,-9.810635,0.0060865567,-0.004908979,0.00036132522
65840000,0.2703492,-0.3696305,-9.817457,0.005904655,-0.004820736,0.0003225065
65844000,0.2718425,-0.36575335,-9.806927,0.005658089,-0.004035525,0.00024416918
65848000,0.26998156,-0.36630523,-9.80793,0.0058766417,-0.0050725807,-0.00038493992
65852000,0.26556167,-0.3676303,-9.808811,0.0068103527,-0.0054917727,0.00038129208
65856000,0.2741124,-0.3618733,-9.807442,0.0073129684,-0.004795203,0.0012383108
65860000,0.28220958,-0.35807893,-9.811064,0.0058562895,-0.0051188366,0.00015234854
65864000,0.27996552,-0.3581184,-9.809937,0.0053181723,-0.005625534,-0.00020248989
65868000,0.27829105,-0.36440697,-9.811153,0.006088937,-0.005458163,-5.238282e-05
65872000,0.27228475,-0.36710808,-9.812836,0.006091261,-0.00464489,-0.0005028092
65876000,0.2745563,-0.3580746,-9.8112335,0.0065552564,-0.0051857834,0.00066157436
65880000,0.27704805,-0.35724398,-9.812275,0.0063176877,-0.0053900196,0.0010342515
65884000,0.2710184,-0.36836278,-9.812077,0.005705789,-0.004135029,0.0004488485
65888000,0.2759667,-0.36509046,-9.806023,0.005433866,-0.004603105,0.00042347054
65892000,0.28228462,-0.3613018,-9.810968,0.0048565944,-0.0053841067,-0.00038265937
65896000,0.28070644,-0.36552575,-9.817341,0.0045880424,-0.0047898786,-0.0009534282
65900000,0.27843636,-0.36851126,-9.809486,0.005364366,-0.004964907,-0.0015735865
65904000,0.2810539,-0.3712209,-9.808842,0.006064664,-0.005575013,-0.0009630418
65908000,0.28117108,-0.3683287,-9.811699,0.0062013855,-0.005231543,6.254927e-05
65912000,0.27945226,-0.36320028,-9.81278,0.0061127455,-0.0047590523,0.0007224529
65916000,0.27708864,-0.36237815,-9.807108,0.005913719,-0.0041483412,0.0009344121
65920000,0.2776519,-0.36282402,-9.802108,0.006443615,-0.004991558,0.00071486086
65924000,0.2820267,-0.36479855,-9.808359,0.0063825985,-0.0056452556,-0.00023633987
65928000,0.27772424,-0.3626064,-9.809706,0.006141754,-0.004949478,-0.00037677394
65932000,0.2738049,-0.3614519,-9.81106,0.00624068,-0.005648606,0.00038750365
65936000,0.28234076,-0.37042525,-9.810263,0.006488507,-0.005971632,0.0006581596
65940000,0.286892,-0.37068194,-9.807184,0.0056315777,-0.0045143818,0.0012046106
65944000,0.28461486,-0.3714611,-9.809517,0.0041863145,-0.0048479745,0.0006601075
65948000,0.28178185,-0.37025282,-9.802945,0.0037105454,-0.00521316,-0.0003545061
65952000,0.2786643,-0.36360204,-9.798025,0.0039451183,-0.0043407916,8.9283916e-05
65956000,0.27453858,-0.36579672,-9.804869,0.0043366128,-0.004515032,0.0010892721
65960000,0.27639353,-0.37509254,-9.811699,0.0048042373,-0.004741379,0.0011748867
65964000,0.28322354,-0.37585127,-9.817858,0.0050981217,-0.0052290675,0.00032336195
65968000,0.27800384,-0.36335197,-9.817884,0.005969044,-0.004993649,0.00038594202
65972000,0.27829576,-0.36242977,-9.804016,0.006068818,-0.0049569993,0.000548757
65976000,0.28445393,-0.3673908,-9.800565,0.0058318647,-0.005672726,0.00016957293
65980000,0.28157902,-0.37615114,-9.805447,0.005842482,-0.00571445,-0.00016255247
65984000,0.28420419,-0.38119102,-9.808044,0.006027441,-0.005667459,-0.0004469644
65988000,0.28481847,-0.36584136,-9.812805,0.0060691386,-0.005960389,-2.3926139e-05
65992000,0.2810884,-0.35626203,-9.810837,0.0051483912,-0.005716607,0.0005877886
65996000,0.274498,-0.35902718,-9.81072,0.0047661527,-0.0049218982,0.00015882499
66000000,0.2791059,-0.3595025,-9.812234,0.005040403,-0.0054988666,-0.0005333286
66004000,0.28071868,-0.3647531,-9.81256,0.006321653,-0.006066839,0.00018756572
66008000,0.26977313,-0.3688649,-9.812788,0.0071516954,-0.005796005,-0.0007990895
66012000,0.27551603,-0.37230498,-9.807562,0.0068780403,-0.0060550077,-0.0016235083
66016000,0.28466615,-0.37555736,-9.804968,0.0060793436,-0.006485099,-0.00023381776
66020000,0.28408912,-0.36866033,-9.805216,0.004970762,-0.005516641,0.00087432185
66024000,0.2815438,-0.36968586,-9.808381,0.005351265,-0.0046518357,0.00069443823
66028000,0.2820293,-0.3758923,-9.808477,0.005273172,-0.004579356,0.0010937257
66032000,0.27739155,-0.36917645,-9.807073,0.0050373394,-0.004461772,0.0011238152
66036000,0.2776685,-0.3574952,-9.810077,0.0052206516,-0.0048951097,0.00015721752
66040000,0.28209653,-0.3587639,-9.813553,0.004611182,-0.0051534823,0.00036004558
66044000,0.28062117,-0.35847524,-9.813646,0.004741334,-0.0059822686,0.00055457273
66048000,0.27578986,-0.3623355,-9.807702,0.0042500654,-0.0063918065,-0.00011923582
66052000,0.27950126,-0.37374127,-9.8058605,0.004642581,-0.006091907,8.317041e-05
66056000,0.2861526,-0.37784374,-9.803505,0.004543184,-0.0061761695,0.0007480823
66060000,0.28141022,-0.36978662,-9.80713,0.0036428699,-0.006119984,-4.4305943e-05
66064000,0.2833878,-0.36380512,-9.81161,0.0039383853,-0.00639193,-0.00042465332
66068000,0.28482133,-0.36408937,-9.81201,0.0045096846,-0.006256007,-3.1159743e-05
66072000,0.27903712,-0.36724472,-9.809779,0.0054485216,-0.0067088506,0.00015954358
66076000,0.28082347,-0.37123904,-9.810759,0.004874439,-0.006730872,0.00057838525
66080000,0.2845819,-0.36828214,-9.81735,0.0045826477,-0.005544968,0.0005449892
66084000,0.28344738,-0.3729204,-9.812893,0.0055259303,-0.006012272,-0.00023741924
66088000,0.27978832,-0.3697597,-9.802877,0.005229712,-0.006544175,-0.0004291808
66092000,0.27993196,-0.3652616,-9.809139,0.004911669,-0.006675282,-0.00014660628
66096000,0.28738487,-0.36608115,-9.815557,0.0059782197,-0.0065131057,0.0005420756
66100000,0.28817898,-0.36744264,-9.817629,0.0063439873,-0.007087721,0.00017763735
66104000,0.2805313,-0.36197492,-9.817017,0.005363436,-0.008247165,-0.0007835048
66108000,0.28133208,-0.35157374,-9.808916,0.0041591567,-0.008107177,-0.00023445478
66112000,0.28470805,-0.353365,-9.80782,0.003180264,-0.007759815,0.0007537481
66116000,0.27952787,-0.35941595,-9.813656,0.003468792,-0.008019638,0.0009558366
66120000,0.2776942,-0.36566728,-9.818869,0.004012624,-0.008561312,4.4308355e-05
66124000,0.28648448,-0.36692208,-9.81787,0.0037041174,-0.007639701,0.00057822553
66128000,0.29061562,-0.36707756,-9.814674,0.0043923217,-0.00705004,0.0010525213
66132000,0.29142386,-0.36845714,-9.811462,0.0047108564,-0.0070561897,-0.00021946801
66136000,0.29265225,-0.37421343,-9.818497,0.004995676,-0.007194603,-0.0003603807
66140000,0.28906235,-0.3739459,-9.817898,0.0055798553,-0.0072196648,0.0006003736
66144000,0.28344256,-0.36353588,-9.811174,0.0053513707,-0.007988941,0.00061419315
66148000,0.28399563,-0.3624066,-9.812847,0.0048661893,-0.008440689,0.0006990665
66152000,0.289827,-0.36566633,-9.815966,0.0035182505,-0.008641327,0.0018891803
66156000,0.2891446,-0.36958188,-9.821101,0.0030543257,-0.008700366,0.0013641092
66160000,0.2863577,-0.363778,-9.81981,0.003975895,-0.0070675993,0.0009995867
66164000,0.28568542,-0.36417255,-9.821518,0.0036384042,-0.007218814,0.0013580715
66168000,0.28341565,-0.3676033,-9.82151,0.003789579,-0.007595863,0.00078725436
66172000,0.2819613,-0.36036843,-9.822691,0.0043845135,-0.007262976,0.00031787495
66176000,0.28773004,-0.36506176,-9.814898,0.004099077,-0.007583195,0.00012848046
66180000,0.28691792,-0.373825,-9.8075285,0.0040980675,-0.007885727,0.00022627648
66184000,0.2839654,-0.37422645,-9.82185,0.004072105,-0.0076606264,0.00023983378
66188000,0.2943163,-0.3748266,-9.830967,0.0035852117,-0.0080625,-0.00011637272
66192000,0.2983839,-0.37052262,-9.825895,0.003076928,-0.00801107,-4.6954556e-05
66196000,0.29437768,-0.36592865,-9.818377,0.0035124877,-0.0076434035,0.00028159693
66200000,0.29134646,-0.36966932,-9.82251,0.003776832,-0.008440419,-0.000117374686
66204000,0.2940629,-0.36463708,-9.824837,0.0035218708,-0.00891765,0.00012685632
66208000,0.29386085,-0.35858622,-9.824858,0.0033588063,-0.009175903,-0.00030568478
66212000,0.29358357,-0.36396262,-9.823864,0.0036637052,-0.009249955,-8.539077e-05
66216000,0.29445463,-0.36911193,-9.825766,0.0034874089,-0.009048345,0.0004597235
66220000,0.2892666,-0.36976498,-9.824055,0.002754343,-0.008877521,8.8479115e-05
66224000,0.28887329,-0.3655025,-9.819853,0.002879738,-0.009108288,0.00018538669
66228000,0.2867062,-0.3670197,-9.832546,0.0034955833,-0.009495735,0.00015061822
66232000,0.2904516,-0.37219447,-9.833556,0.0028809214,-0.009301204,0.00021888314
66236000,0.2905764,-0.37233716,-9.828146,0.0024478699,-0.009571581,0.001191761
66240000,0.28108665,-0.37180454,-9.827248,0.0026779487,-0.009814908,0.0018854275
66244000,0.27976876,-0.3653466,-9.824982,0.0032209747,-0.009665586,0.0016827404
66248000,0.28214276,-0.358629,-9.828302,0.0028279414,-0.010089556,0.0017805783
66252000,0.28327084,-0.3682627,-9.826836,0.0028814182,-0.010522133,0.0009249968
66256000,0.28774062,-0.37730598,-9.831127,0.0023856214,-0.010288712,0.00084829144
66260000,0.28634715,-0.37127236,-9.832448,0.0013577254,-0.009885721,0.001038482
66264000,0.27941233,-0.365035,-9.829708,0.0018949375,-0.010327619,0.00076561334
66268000,0.28166074,-0.37160385,-9.829103,0.0018027503,-0.010559359,0.0008165012
66272000,0.28882906,-0.3754979,-9.821515,0.0018842221,-0.010496622,0.0012222675
66276000,0.29408994,-0.36820444,-9.829342,0.0023588846,-0.009220683,0.0016412332
66280000,0.29439425,-0.36560065,-9.83485,0.002400738,-0.008920731,0.0010412327
66284000,0.2927323,-0.36923242,-9.826946,0.00151306,-0.011148721,0.0006587562
66288000,0.2947508,-0.3699819,-9.824349,0.0012519357,-0.011875153,0.0009375719
66292000,0.30283895,-0.37155873,-9.822521,0.001903039,-0.011554729,0.0015288033
66296000,0.30083448,-0.37422627,-9.823355,0.0014717015,-0.011438031,0.00079620443
66300000,0.29034406,-0.36554706,-9.8228,0.00095351547,-0.009674329,0.00029663334
66304000,0.28320092,-0.36537677,-9.820282,0.00031004564,-0.0084858155,0.0005959976
66308000,0.2860909,-0.37162882,-9.819497,0.00021973404,-0.009565865,3.5705823e-05
66312000,0.29576272,-0.37100333,-9.821066,-0.0002271035,-0.009619784,-3.9501378e-05
66316000,0.2935608,-0.36349428,-9.824362,-0.0020380064,-0.009345135,0.00045961648
66320000,0.28879237,-0.3646719,-9.824421,-0.0031434572,-0.009879492,0.0009774878
66324000,0.28755125,-0.37143585,-9.828708,-0.0040744576,-0.010754241,0.0014455315
66328000,0.29312104,-0.3700653,-9.828463,-0.005785231,-0.0119944075,0.0011918315
66332000,0.2937373,-0.36612177,-9.824087,-0.009060146,-0.012296383,0.0007671858
66336000,0.28884846,-0.36306396,-9.82529,-0.012601244,-0.012050783,-0.0002550533
66340000,0.28748256,-0.36515546,-9.822716,-0.015297004,-0.012935184,7.808931e-05
66344000,0.2888887,-0.36509085,-9.82321,-0.018760713,-0.013530719,0.001522434
66348000,0.28849438,-0.36675152,-9.816765,-0.023570253,-0.012916018,0.00018840031
66352000,0.28792995,-0.36831015,-9.818239,-0.028791035,-0.01249206,-0.0011591965
66356000,0.29347527,-0.36569986,-9.828423,-0.03326864,-0.012997108,-0.0007320805
66360000,0.29368,-0.35805625,-9.82601,-0.03845428,-0.013374251,-0.00072944263
66364000,0.29252416,-0.35930732,-9.8227825,-0.04514341,-0.013654009,-0.00030323528
66368000,0.29034954,-0.36748132,-9.819169,-0.051461443,-0.014418842,0.0012574984
66372000,0.28758895,-0.3679154,-9.821325,-0.05775607,-0.014224745,0.0016934857
66376000,0.28877985,-0.36432824,-9.822485,-0.06474546,-0.013645836,0.0003082726
66380000,0.29251102,-0.36306894,-9.818863,-0.07093753,-0.013789145,-0.000393727
66384000,0.29537314,-0.36256707,-9.821746,-0.076108456,-0.014146923,0.0003545226
66388000,0.29202393,-0.35861522,-9.819832,-0.08370386,-0.014392464,0.00075864105
66392000,0.29609177,-0.35883173,-9.819166,-0.09125616,-0.014847107,0.0008221198
66396000,0.29453552,-0.36092663,-9.815281,-0.097398445,-0.01589301,-0.00012094965
66400000,0.292109,-0.3651943,-9.8152485,-0.10356607,-0.0154883275,-0.0009642898
66404000,0.29906163,-0.3693212,-9.820477,-0.109836325,-0.014884455,-0.00036223658
66408000,0.29338613,-0.37049174,-9.821781,-0.11635214,-0.01530237,-0.0003074864
66412000,0.2863893,-0.36800757,-9.822708,-0.12309219,-0.014746983,-0.00037197766
66416000,0.2912947,-0.36365142,-9.8245,-0.1308375,-0.014882449,-0.001061318
66420000,0.29744354,-0.3625404,-9.825094,-0.13907042,-0.015534868,-0.0011163383
66424000,0.2996118,-0.36049864,-9.829296,-0.14652179,-0.01632216,0.000117546
66428000,0.29500008,-0.35468864,-9.8327265,-0.15446055,-0.016664315,1.9179353e-05
66432000,0.29246116,-0.35763767,-9.826063,-0.16335736,-0.016405242,-0.000724217
66436000,0.2934537,-0.35670847,-9.832174,-0.17106706,-0.016594687,-0.0007115515
66440000,0.29325435,-0.36463326,-9.831173,-0.17712471,-0.016591737,-0.0008349074
66444000,0.2979698,-0.3678381,-9.828577,-0.18422788,-0.017021876,-0.0006309785
66448000,0.29119408,-0.3564289,-9.833533,-0.19124016,-0.017432425,-0.001058323
66452000,0.29305184,-0.35792303,-9.836298,-0.19610474,-0.017233672,-0.0012569244
66456000,0.29355448,-0.35690308,-9.835822,-0.20240808,-0.017560609,-0.0011662462
66460000,0.28570879,-0.35557407,-9.835236,-0.20998329,-0.018027235,-0.00076982897
66464000,0.28846562,-0.3553528,-9.834917,-0.21685445,-0.017903816,-0.0006209919
66468000,0.29580316,-0.34891984,-9.836758,-0.22297958,-0.017372265,-0.0013841325
66472000,0.30043662,-0.34659803,-9.843486,-0.22910443,-0.016742032,-0.0015222533
66476000,0.2991191,-0.35172185,-9.849209,-0.23398927,-0.017821226,-0.0015510811
66480000,0.3001021,-0.34910673,-9.856562,-0.24052617,-0.018739406,-0.00017876891
66484000,0.29879403,-0.3469,-9.8541565,-0.2471335,-0.018350417,-0.0009856093
66488000,0.30247265,-0.3547027,-9.849365,-0.252276,-0.017851863,-0.0022634328
66492000,0.30353898,-0.3547287,-9.8522625,-0.25845754,-0.017594382,-0.0015239052
66496000,0.29823166,-0.36259907,-9.851927,-0.2640332,-0.018188866,-0.0010511905
66500000,0.29665595,-0.36164954,-9.856404,-0.2688919,-0.019304933,-0.0010004521
66504000,0.29407316,-0.35158753,-9.85596,-0.27418864,-0.019404046,-0.001286064
66508000,0.2960518,-0.3536355,-9.852512,-0.27959782,-0.018818403,-0.00077406986
66512000,0.29853436,-0.3534584,-9.857475,-0.2847786,-0.019365035,-2.6676791e-05
66516000,0.29838064,-0.35538602,-9.855282,-0.28988445,-0.019348623,-0.0008356706
66520000,0.30379224,-0.3546157,-9.85935,-0.2951942,-0.018958915,-0.0021812734
66524000,0.3030725,-0.35784075,-9.869169,-0.30116692,-0.018693341,-0.0014882562
66528000,0.29621762,-0.35790494,-9.869746,-0.30567092,-0.019458646,-0.001009781
66532000,0.29574066,-0.34932217,-9.868701,-0.3090027,-0.020178586,-0.001280661
66536000,0.29365364,-0.34207705,-9.869193,-0.31293494,-0.01920584,-0.0011451867
66540000,0.2897796,-0.345317,-9.869075,-0.3168251,-0.017870488,-0.0013108057
66544000,0.29642063,-0.3532126,-9.870668,-0.32065368,-0.016881397,-0.0017277114
66548000,0.30562562,-0.35124427,-9.871189,-0.3249084,-0.01725542,-0.00189566
66552000,0.30317155,-0.3538624,-9.879401,-0.32916743,-0.017802794,-0.0022016617
66556000,0.29698557,-0.35362303,-9.884281,-0.33394948,-0.018718403,-0.0017219298
66560000,0.295286,-0.34981307,-9.884617,-0.33749998,-0.018905567,-0.0015114197
66564000,0.29663688,-0.35242257,-9.882128,-0.34002492,-0.018709738,-0.00230409
66568000,0.30609012,-0.3536499,-9.8782425,-0.34282142,-0.019299455,-0.0023445105
66572000,0.3061113,-0.35440233,-9.881392,-0.34655654,-0.01973241,-0.0020985892
66576000,0.2981199,-0.3534511,-9.886577,-0.34985846,-0.019504702,-0.001385443
66580000,0.30074668,-0.35770044,-9.891447,-0.35184252,-0.019300463,-0.0016785467
66584000,0.29936135,-0.35876352,-9.891903,-0.35452986,-0.019060798,-0.0027295463
66588000,0.29128063,-0.3514245,-9.895261,-0.35736942,-0.018788759,-0.0023861974
66592000,0.29170692,-0.3459088,-9.892986,-0.36065817,-0.018369865,-0.0014631931
66596000,0.2974411,-0.34909892,-9.891172,-0.36360207,-0.016657997,-0.0012688028
66600000,0.3000574,-0.3523044,-9.888525,-0.36594766,-0.015228677,-0.0021328377
66604000,0.2962484,-0.3523759,-9.886057,-0.36831075,-0.015616491,-0.0026159193
66608000,0.29213664,-0.35492495,-9.8911495,-0.36933535,-0.01740121,-0.002452113
66612000,0.29468483,-0.35410222,-9.891264,-0.37098563,-0.01822887,-0.0024979517
66616000,0.29881704,-0.35203588,-9.895558,-0.37342352,-0.017864952,-0.00160258
66620000,0.30100042,-0.34980482,-9.898096,-0.3752763,-0.01762248,-0.0010463085
66624000,0.29778448,-0.3454705,-9.9,-0.3764972,-0.01701621,-0.0013488611
66628000,0.30241495,-0.3443642,-9.898493,-0.3780725,-0.01714157,-0.0008696323
66632000,0.3034892,-0.34886795,-9.8951,-0.3803903,-0.01743373,-0.0010670846
66636000,0.29746565,-0.34989446,-9.89959,-0.38152105,-0.016489366,-0.0021195197
66640000,0.29730785,-0.34806913,-9.90247,-0.38268167,-0.016251894,-0.0022638547
66644000,0.2965059,-0.34802017,-9.908474,-0.38440973,-0.016311806,-0.0012634338
66648000,0.2979772,-0.34893095,-9.910225,-0.38580853,-0.017677844,-0.00040614733
66652000,0.29547578,-0.34727603,-9.901901,-0.38583207,-0.01805441,-0.0016009598
66656000,0.29168215,-0.3460273,-9.905403,-0.3851897,-0.01737872,-0.001997183
66660000,0.29930496,-0.34614623,-9.912991,-0.38588017,-0.017808648,-0.0018283008
66664000,0.29832864,-0.34721446,-9.918734,-0.38729256,-0.018156748,-0.002418926
66668000,0.292514,-0.34873754,-9.919637,-0.38755497,-0.017546233,-0.0017965505
66672000,0.30444998,-0.34418207,-9.911247,-0.38835102,-0.016276315,-0.0016548719
66676000,0.30869907,-0.3411885,-9.909618,-0.39009383,-0.01670218,-0.0015804655
66680000,0.30878124,-0.33853298,-9.911964,-0.3904783,-0.016276805,-0.0013048279
66684000,0.31316411,-0.34017462,-9.9154,-0.39054388,-0.014897293,-0.0009551502
66688000,0.30150104,-0.34904003,-9.915402,-0.39041272,-0.01572398,-0.0008446888
66692000,0.295513,-0.34745258,-9.927401,-0.3901109,-0.01572631,-0.00072467455
66696000,0.29744908,-0.3421836,-9.927482,-0.38997495,-0.015233847,-0.0010898954
66700000,0.30498677,-0.34334072,-9.921396,-0.38936037,-0.015595882,-0.0010757614
66704000,0.31189275,-0.3441797,-9.922274,-0.38921165,-0.015062356,-0.0007570279
66708000,0.3031147,-0.3407581,-9.917733,-0.3895821,-0.014072145,-0.001676243
66712000,0.30078056,-0.33984366,-9.925241,-0.38943496,-0.01352734,-0.0014312034
66716000,0.30317563,-0.34559363,-9.931826,-0.38945317,-0.014051351,-0.00069085404
66720000,0.30015802,-0.34470794,-9.925203,-0.38870916,-0.0144981025,-0.0010632975
66724000,0.29576617,-0.34398863,-9.923799,-0.3885577,-0.01421086,-0.0011304158
66728000,0.30324775,-0.3497663,-9.92765,-0.38815016,-0.0144926235,-0.0004956057
66732000,0.3138476,-0.34779266,-9.930706,-0.38684982,-0.015261056,-0.0007368469
66736000,0.30841067,-0.3397026,-9.93524,-0.3860488,-0.014771076,-0.0010546481
66740000,0.3048076,-0.33938816,-9.931171,-0.38430095,-0.0139292255,-0.0011659667
66744000,0.31024268,-0.34938985,-9.926311,-0.3825761,-0.013599329,-0.0005622547
66748000,0.3067168,-0.34910083,-9.926622,-0.38206953,-0.014389996,-0.00042214824
66752000,0.30823714,-0.34068236,-9.93125,-0.38268083,-0.013620396,-0.0013999463
66756000,0.30863327,-0.33169436,-9.934858,-0.38197362,-0.012938899,-0.0020144307
66760000,0.3026247,-0.32474902,-9.930814,-0.38045362,-0.013483144,-0.00062598067
66764000,0.30877286,-0.3289348,-9.927719,-0.37904173,-0.013070617,0.0007126893
66768000,0.3086771,-0.33091086,-9.933329,-0.37757105,-0.01172077,0.0007411671
66772000,0.30583614,-0.33756393,-9.932301,-0.37535608,-0.0115149,0.00029461755
66776000,0.30136818,-0.33789837,-9.929451,-0.37357518,-0.012918344,-0.0003231161
66780000,0.30138645,-0.33570215,-9.933224,-0.3720803,-0.012129847,-0.00089812744
66784000,0.30567986,-0.3337136,-9.940469,-0.37101144,-0.010742546,-0.0011023929
66788000,0.30312124,-0.3324952,-9.936609,-0.37066922,-0.010566526,-0.0006802779
66792000,0.30531424,-0.34031838,-9.933125,-0.36941606,-0.010914524,9.7170385e-05
66796000,0.29838592,-0.33595926,-9.932432,-0.36875963,-0.011099568,-6.2928343e-06
66800000,0.299534,-0.3335146,-9.9271555,-0.36796552,-0.010410589,-0.00034012468
66804000,0.30134416,-0.33697602,-9.930035,-0.36726955,-0.009580705,-0.00012334414
66808000,0.2957824,-0.33550295,-9.926234,-0.36563182,-0.008970111,-0.00027907843
66812000,0.29968804,-0.33320242,-9.9275055,-0.3625996,-0.009221099,-8.821351e-05
66816000,0.30773774,-0.3346976,-9.929635,-0.36005595,-0.009736385,0.00013199184
66820000,0.31515026,-0.33790752,-9.936662,-0.3576347,-0.008955044,-0.0002180172
66824000,0.31405085,-0.33434027,-9.940844,-0.35436907,-0.00812676,-0.00025205014
66828000,0.30867845,-0.32835957,-9.933697,-0.35207486,-0.008194477,0.0004987443
66832000,0.30221748,-0.32473487,-9.938454,-0.35077548,-0.008847057,0.000115061164
66836000,0.30598313,-0.3192151,-9.9410305,-0.3494867,-0.009720852,-0.0007132838
66840000,0.30629355,-0.32662523,-9.935639,-0.34903818,-0.009759513,-0.0002449627
66844000,0.29680324,-0.33192176,-9.943034,-0.34687847,-0.008477747,0.00047809392
66848000,0.2965154,-0.32629,-9.943848,-0.34343928,-0.0077809244,0.00031221245
66852000,0.30017695,-0.32844877,-9.931627,-0.3411047,-0.008276692,0.00031140598
66856000,0.30421522,-0.33307305,-9.936251,-0.33960682,-0.008599261,0.0001120061
66860000,0.30636826,-0.33042333,-9.940876,-0.33756024,-0.008736863,-0.00020353167
66864000,0.30974174,-0.32026926,-9.943652,-0.33413732,-0.007982491,-0.0002523172
66868000,0.30174655,-0.3224893,-9.94744,-0.3333115,-0.006710464,-6.725824e-05
66872000,0.2994826,-0.3232332,-9.943108,-0.33267426,-0.0071811858,0.00037547763
66876000,0.30596632,-0.32283288,-9.941555,-0.32887056,-0.0071657784,0.00025899473
66880000,0.3023926,-0.32278988,-9.937351,-0.3262084,-0.0056484058,-0.00024943642
66884000,0.30611667,-0.31926167,-9.942673,-0.3254097,-0.0061593307,0.0006606844
66888000,0.31062472,-0.32051843,-9.951559,-0.32368612,-0.006500909,0.0010253257
66892000,0.30518138,-0.3186075,-9.951662,-0.32033458,-0.0054310584,-0.00021900838
66896000,0.30251902,-0.32281083,-9.95034,-0.31710458,-0.005349353,-0.0007009067
66900000,0.31137794,-0.32297987,-9.947794,-0.3153906,-0.0050634714,-0.00049735914
66904000,0.31431285,-0.31759244,-9.94948,-0.31294525,-0.004038989,-0.00019502497
66908000,0.30587912,-0.3209129,-9.955433,-0.31001174,-0.0035670435,0.0009733882
66912000,0.3014691,-0.31987238,-9.953198,-0.30751497,-0.0038150947,0.00066354946
66916000,0.30301774,-0.3126291,-9.947836,-0.3057544,-0.004063312,-0.0005838949
66920000,0.30380708,-0.31105405,-9.948595,-0.30336386,-0.0035441418,0.0007075572
66924000,0.3097215,-0.30748683,-9.947931,-0.30003646,-0.0045996243,0.0012783561
66928000,0.30569297,-0.30707738,-9.950219,-0.29753846,-0.0061208154,0.0007901576
66932000,0.29547018,-0.3127756,-9.949364,-0.29458368,-0.004913023,0.0010851542
66936000,0.29980722,-0.31123248,-9.951891,-0.29233408,-0.004288803,0.0012996716
66940000,0.30223346,-0.31479084,-9.953249,-0.2897297,-0.0043246564,0.0014249905
66944000,0.3024025,-0.31959373,-9.947909,-0.2867606,-0.00434482,0.0011577784
66948000,0.31102663,-0.30534226,-9.939991,-0.28426424,-0.0049040606,0.0016152681
66952000,0.31520957,-0.2979408,-9.941159,-0.28194714,-0.003932944,0.0016246905
66956000,0.3164916,-0.3058838,-9.950958,-0.280084,-0.002176792,0.0010695537
66960000,0.31896347,-0.3079909,-9.957441,-0.27811378,-0.0031366826,0.0011357545
66964000,0.3174687,-0.30703288,-9.957583,-0.2752037,-0.0037083959,0.0012966043
66968000,0.3119845,-0.30546385,-9.949538,-0.27112165,-0.0033675632,0.0007395729
66972000,0.30973324,-0.31291628,-9.956587,-0.26820508,-0.0026988166,0.00049232045
66976000,0.3113856,-0.31206167,-9.962753,-0.26580524,-0.0010412016,0.0010169212
66980000,0.3101079,-0.30729514,-9.95351,-0.26272547,-0.0020593,0.00017379732
66984000,0.31347322,-0.31594747,-9.942738,-0.2602465,-0.002981082,-3.5553985e-05
66988000,0.30443144,-0.31939515,-9.945158,-0.2589407,-0.0023871665,0.0006712268
66992000,0.2983026,-0.31395128,-9.952088,-0.25640154,-0.0017986197,0.0011024877
66996000,0.30319637,-0.30870387,-9.954945,-0.2535018,-0.0015151289,0.0013293732
67000000,0.30232254,-0.30973816,-9.959841,-0.25130725,-0.0015009404,0.0012711197
67004000,0.31082812,-0.304251,-9.9589405,-0.24845116,-0.0008475591,0.0006295068
67008000,0.3075258,-0.30485678,-9.95542,-0.24585591,-0.0011660183,0.00035763037
67012000,0.29925555,-0.30991736,-9.95562,-0.24232706,-0.0017401287,0.00077312783
67016000,0.30530864,-0.30852106,-9.954258,-0.23964602,-0.0019645118,0.0016148917
67020000,0.3042825,-0.30620706,-9.952885,-0.23713419,-0.0013538987,0.0020975426
67024000,0.30782598,-0.29787534,-9.961679,-0.23294064,-0.0015267686,0.0015830065
67028000,0.31437758,-0.2963136,-9.962701,-0.23057714,-0.0016520424,0.0015822356
67032000,0.30916744,-0.30102903,-9.960348,-0.22935277,-0.00079733226,0.00162664
67036000,0.30761087,-0.2953965,-9.96589,-0.2264325,-0.0010993062,0.00085940654
67040000,0.30936784,-0.2886037,-9.958572,-0.22337876,-0.0016185575,0.0012877065
67044000,0.31115517,-0.2898726,-9.956095,-0.22105223,-0.0015751459,0.0009809335
67048000,0.31719413,-0.29314235,-9.956266,-0.21866079,-0.00087115925,0.00038974456
67052000,0.31359416,-0.29419246,-9.949144,-0.21493873,-0.00083197234,0.0006784328
67056000,0.30784732,-0.29392388,-9.952847,-0.21230116,-4.3323795e-05,0.0015616218
67060000,0.31059444,-0.28906214,-9.953814,-0.20972556,0.0008005489,0.002511649
67064000,0.3100468,-0.2866493,-9.954874,-0.20577711,0.0004337529,0.002270562
67068000,0.30425087,-0.29145372,-9.956362,-0.20378548,-0.00061943824,0.0019860808
67072000,0.30549538,-0.28928703,-9.954368,-0.20164861,-0.00055141817,0.0017495842
67076000,0.30899227,-0.2842458,-9.955885,-0.19774574,-0.0002539307,0.0019319507
67080000,0.3040322,-0.28688008,-9.957392,-0.19520928,-0.0009688887,0.0016016938
67084000,0.30254126,-0.289753,-9.959908,-0.19265097,-0.00023073053,0.001440414
67088000,0.31131563,-0.2837539,-9.954121,-0.18918751,-0.00034062244,0.0014254212
67092000,0.31488928,-0.27808118,-9.952397,-0.18690841,-0.00029780666,0.0016669558
67096000,0.31409135,-0.2828579,-9.957119,-0.184481,0.00018915157,0.002228562
67100000,0.31394482,-0.28842467,-9.947518,-0.18156277,-0.00062536896,0.0024148757
67104000,0.30888325,-0.28571916,-9.947731,-0.17780346,-0.00028999848,0.0018609008
67108000,0.3008105,-0.27805728,-9.957814,-0.17583701,-0.00087521895,0.001935809
67112000,0.30166066,-0.27804512,-9.952531,-0.17328376,-0.0013547605,0.0019272189
67116000,0.31365132,-0.2840529,-9.953653,-0.16983251,-7.403153e-05,0.0016624869
67120000,0.3130822,-0.28608447,-9.961894,-0.16731614,0.00045387397,0.001757438
67124000,0.3078187,-0.2799179,-9.965076,-0.16444144,0.00092426507,0.00065192475
67128000,0.314146,-0.28076208,-9.965445,-0.16212562,0.0013166966,0.00065675256
67132000,0.32039422,-0.28362358,-9.965303,-0.15875277,0.0014167018,0.0015784272
67136000,0.31740755,-0.28058612,-9.972087,-0.15650208,0.0012715633,0.0015684856
67140000,0.3178429,-0.2780739,-9.973253,-0.1551363,0.0009641436,0.0018017959
67144000,0.31842813,-0.27131242,-9.969469,-0.15192765,0.0012582759,0.0017201487
67148000,0.3102035,-0.26926672,-9.964786,-0.1485689,0.00073242903,0.001648164
67152000,0.31021208,-0.26797616,-9.963603,-0.14647937,0.00052813435,0.0018340518
67156000,0.30976284,-0.2656275,-9.965902,-0.14480138,0.0008208291,0.0010570067
67160000,0.30828223,-0.2685523,-9.96319,-0.1415272,0.00063451834,0.0007787736
67164000,0.3204298,-0.26386353,-9.957997,-0.13872537,0.00035178225,0.001570076
67168000,0.32230207,-0.26396003,-9.962618,-0.13640296,-0.000120309945,0.0023905523
67172000,0.31283352,-0.2674873,-9.9700365,-0.13366732,0.000120420635,0.0026888112
67176000,0.30983526,-0.26878205,-9.960555,-0.13105804,0.00051059504,0.0025874714
67180000,0.312691,-0.27264917,-9.961681,-0.12799345,0.00014826858,0.0018070496
67184000,0.31333116,-0.26899022,-9.963206,-0.12506574,0.00051510846,0.0017102461
67188000,0.31078517,-0.26182133,-9.956274,-0.1216096,0.0008949913,0.0028750272
67192000,0.3120811,-0.26369092,-9.956463,-0.11947636,0.0009537198,0.002722666
67196000,0.31246883,-0.2599842,-9.960955,-0.116752625,0.0016904075,0.0028150927
67200000,0.312123,-0.25829715,-9.964746,-0.11442226,0.0014120038,0.003021973
67204000,0.31103823,-0.26671505,-9.9639845,-0.113695055,0.0010277702,0.0024700002
67208000,0.308424,-0.26124388,-9.965877,-0.11108459,0.0010097894,0.0022924598
67212000,0.30736127,-0.2617825,-9.962848,-0.10859366,0.00088309695,0.0027855881
67216000,0.305801,-0.26318553,-9.957868,-0.105460525,0.0019558552,0.0032168794
67220000,0.3106501,-0.2544593,-9.965979,-0.10270712,0.0026540426,0.001634016
67224000,0.3157711,-0.25615647,-9.956195,-0.100763306,0.0015885228,0.001986635
67228000,0.3149195,-0.26112404,-9.954808,-0.09826388,0.0012188837,0.0026005204
67232000,0.31409782,-0.25574696,-9.969944,-0.09692538,0.001479962,0.0026589104
67236000,0.31385526,-0.25245598,-9.964356,-0.094904855,0.0016574039,0.0030009446
67240000,0.31296772,-0.2525834,-9.959005,-0.09133834,0.0024425448,0.0015359725
67244000,0.31561875,-0.25101817,-9.963783,-0.08822761,0.0029533063,0.0018278006
67248000,0.3133857,-0.24518175,-9.967592,-0.086869925,0.0031163802,0.0021577782
67252000,0.3060605,-0.24736835,-9.966555,-0.084642276,0.0033591455,0.0023444851
67256000,0.31133047,-0.2528965,-9.971118,-0.08079798,0.0024872064,0.0026382573
67260000,0.32017982,-0.24895935,-9.9690075,-0.07798008,0.0017762106,0.002025078
67264000,0.31808978,-0.24163096,-9.9678,-0.07535981,0.0016110501,0.0022647178
67268000,0.3122205,-0.24006216,-9.971208,-0.072826475,0.0017833057,0.00268686
67272000,0.30816156,-0.2417137,-9.974222,-0.071408525,0.0011970458,0.0031031617
67276000,0.31095886,-0.24559925,-9.97497,-0.0689971,0.00036656912,0.0032080456
67280000,0.3157149,-0.24081281,-9.969692,-0.067241386,0.0014799525,0.002937023
67284000,0.3214597,-0.24065085,-9.965078,-0.065051325,0.0024841928,0.0019692627
67288000,0.32061368,-0.24442607,-9.967925,-0.06171487,0.0032996454,0.001917489
67292000,0.31563264,-0.2400872,-9.970251,-0.059761927,0.0039381622,0.0025117812
67296000,0.31774533,-0.24043451,-9.97793,-0.057979196,0.004120232,0.002032417
67300000,0.32247096,-0.237228,-9.9764595,-0.05589602,0.0036186234,0.002197571
67304000,0.31916988,-0.23780751,-9.970974,-0.053257756,0.0028079653,0.0027475643
67308000,0.3135274,-0.23297873,-9.969532,-0.05201833,0.002781608,0.0028030828
67312000,0.31479365,-0.22748859,-9.96381,-0.049792323,0.0036490597,0.0024753565
67316000,0.31024283,-0.23656185,-9.969133,-0.04645954,0.0046108244,0.0031071692
67320000,0.3021254,-0.2399606,-9.970301,-0.044181913,0.004327366,0.0034888582
67324000,0.30053684,-0.23476635,-9.966616,-0.04078661,0.00351713,0.0034331258
67328000,0.3107229,-0.23512176,-9.969578,-0.03786243,0.0032144573,0.0033697176
67332000,0.3186377,-0.2359725,-9.976015,-0.03617299,0.0026522595,0.002944039
67336000,0.31629848,-0.23269056,-9.979013,-0.034698322,0.0020399801,0.0028319724
67340000,0.31247938,-0.22741674,-9.982645,-0.03294599,0.002602761,0.0031062847
67344000,0.3159213,-0.2265108,-9.98941,-0.03067317,0.0044530625,0.0027671265
67348000,0.32068676,-0.2216521,-9.990871,-0.028775733,0.0038643717,0.0016233141
67352000,0.32125682,-0.21744025,-9.98067,-0.027074402,0.0035358171,0.0023851956
67356000,0.31407225,-0.21872622,-9.970051,-0.024677074,0.004690241,0.0039927973
67360000,0.31395411,-0.22548868,-9.973006,-0.022521067,0.004166368,0.0040967697
67364000,0.31944624,-0.22966208,-9.975895,-0.020431519,0.0037730692,0.0041520274
67368000,0.3151167,-0.22737256,-9.977563,-0.018244874,0.0041191773,0.004583315
67372000,0.31185314,-0.22000113,-9.980039,-0.016230658,0.005253177,0.0037943071
67376000,0.31057784,-0.2197221,-9.982687,-0.013281085,0.005709629,0.003039471
67380000,0.3161881,-0.22259806,-9.983664,-0.0107093165,0.0050212583,0.0036893757
67384000,0.32189733,-0.22174875,-9.984047,-0.007998414,0.0043045725,0.003379261
67388000,0.31676197,-0.2209351,-9.989723,-0.006177628,0.004674049,0.0021964952
67392000,0.31023765,-0.2125211,-9.983149,-0.004897664,0.00502512,0.0021583203
67396000,0.3119623,-0.20561928,-9.978724,-0.0026980538,0.005954593,0.0034677333
67400000,0.31989598,-0.20697108,-9.977238,-0.0007306589,0.0072046113,0.0032464769
67404000,0.32495946,-0.21444355,-9.982113,0.00025142488,0.0071192943,0.0021061108
67408000,0.3214538,-0.21294811,-9.986628,0.0016414634,0.00686259,0.0025456767
67412000,0.31610498,-0.20883314,-9.981819,0.004058742,0.0067567355,0.0025195489
67416000,0.3128103,-0.21044031,-9.978804,0.0058675446,0.0063208407,0.0029257457
67420000,0.31786633,-0.2144833,-9.978457,0.008230475,0.0059062173,0.004239243
67424000,0.3203196,-0.21938518,-9.98201,0.011788257,0.006233373,0.0042235935
67428000,0.30963296,-0.2124153,-9.980644,0.0142614,0.0066686394,0.0033752217
67432000,0.30762562,-0.20918441,-9.984784,0.015507239,0.0056309537,0.0033859701
67436000,0.31738716,-0.21418667,-9.983692,0.016526045,0.0049734507,0.0035801881
67440000,0.32359266,-0.20601927,-9.979536,0.017328074,0.0053443736,0.0026801385
67444000,0.32388175,-0.2025954,-9.982702,0.01997909,0.0054681394,0.0026327276
67448000,0.321581,-0.20656858,-9.984351,0.022488654,0.006214854,0.002754046
67452000,0.3177119,-0.20249167,-9.980103,0.023340093,0.0067522344,0.0022847124
67456000,0.3184222,-0.19891776,-9.974431,0.024735056,0.0070670894,0.002155458
67460000,0.31687236,-0.20181666,-9.970911,0.02665629,0.008668829,0.0030543557
67464000,0.31544417,-0.20719932,-9.972026,0.028159108,0.00947751,0.0033459992
67468000,0.3135954,-0.20309792,-9.976842,0.030030906,0.008536694,0.0029567091
67472000,0.3189947,-0.1983652,-9.976448,0.031908564,0.008832449,0.0034357123
67476000,0.32474783,-0.19997835,-9.979855,0.033643723,0.008992074,0.0036276046
67480000,0.31804127,-0.19171424,-9.98425,0.03618645,0.008859081,0.0038859944
67484000,0.31473655,-0.1909824,-9.98008,0.038344454,0.009254566,0.003256369
67488000,0.31461787,-0.19059487,-9.97044,0.040035028,0.009463887,0.002490217
67492000,0.31428218,-0.18575718,-9.965689,0.04184346,0.010353762,0.0024982789
67496000,0.31623638,-0.1919366,-9.971725,0.043336026,0.010081941,0.0028272362
67500000,0.32173306,-0.19362961,-9.970131,0.045101784,0.008841249,0.0025146676
67504000,0.32142907,-0.18875845,-9.967117,0.0472594,0.009165553,0.0025019757
67508000,0.3154856,-0.18923788,-9.974503,0.048491556,0.009461331,0.0031129632
67512000,0.31206053,-0.19070762,-9.980478,0.049858764,0.008678846,0.003189175
67516000,0.31791002,-0.18785141,-9.978121,0.05181478,0.008843999,0.0027765296
67520000,0.3174558,-0.18725355,-9.973293,0.052744776,0.009061222,0.0026595776
67524000,0.31496042,-0.19093248,-9.972996,0.054335885,0.010064861,0.0035445641
67528000,0.32107478,-0.18626729,-9.974653,0.056461137,0.009673724,0.0041385465
67532000,0.31999916,-0.1777283,-9.972407,0.058434784,0.009058311,0.0044497033
67536000,0.3158017,-0.18526196,-9.970269,0.05914443,0.009854013,0.004217214
67540000,0.31902906,-0.19003995,-9.968848,0.060153093,0.010057457,0.002866335
67544000,0.32070494,-0.18087606,-9.965474,0.061977014,0.011760309,0.0035087282
67548000,0.31914586,-0.18231508,-9.9689045,0.062260877,0.013358975,0.003517854
67552000,0.31647563,-0.18465492,-9.96911,0.06406403,0.012754513,0.0019631367
67556000,0.31848574,-0.18070258,-9.961737,0.06627293,0.01172534,0.0024583333
67560000,0.32453066,-0.17249228,-9.967482,0.067112654,0.011777257,0.0029666284
67564000,0.317959,-0.16723883,-9.971249,0.06903076,0.011628943,0.0025095355
67568000,0.3141251,-0.17627278,-9.967506,0.07103167,0.011021342,0.0026733556
67572000,0.3206979,-0.17497082,-9.968755,0.07204987,0.010945364,0.002420215
67576000,0.32025474,-0.16823225,-9.96482,0.07335267,0.010631954,0.0030084923
67580000,0.32022938,-0.16870715,-9.9658375,0.07414387,0.010959435,0.0039370307
67584000,0.32182366,-0.16446207,-9.971369,0.075615905,0.011722918,0.0028971438
67588000,0.32063735,-0.16774143,-9.966727,0.07703881,0.011462053,0.0035711918
67592000,0.3245232,-0.17683126,-9.96246,0.077580765,0.012056229,0.004161453
67596000,0.329866,-0.17171441,-9.966496,0.07915627,0.011901432,0.0035796878
67600000,0.32507938,-0.16440427,-9.960938,0.08057001,0.011482716,0.0033697977
67604000,0.3226397,-0.1602451,-9.958252,0.08224326,0.0121278465,0.0033873697
67608000,0.3228431,-0.1666228,-9.960721,0.083358645,0.011764575,0.0043182764
67612000,0.31499162,-0.17490138,-9.953814,0.08371133,0.01195624,0.004000375
67616000,0.3181487,-0.16840528,-9.957329,0.08541719,0.011848382,0.002714804
67620000,0.32598656,-0.16376027,-9.962873,0.08737321,0.011195081,0.0033930049
67624000,0.32657418,-0.16226368,-9.960575,0.089111485,0.011774683,0.004149553
67628000,0.3277681,-0.1620943,-9.954907,0.09067998,0.01181515,0.002390853
67632000,0.3262007,-0.16238777,-9.955429,0.092000574,0.012142408,0.0018022767
67636000,0.32248917,-0.16571257,-9.961155,0.0939421,0.012769024,0.0029185438
67640000,0.3157534,-0.17089884,-9.954117,0.09494476,0.011846121,0.0029965679
67644000,0.31929964,-0.16000755,-9.950961,0.09533787,0.012232581,0.0032712808
67648000,0.32196218,-0.1541533,-9.957689,0.09614666,0.013539559,0.0037068336
67652000,0.3211942,-0.1534001,-9.956816,0.096764356,0.013498525,0.0042125294
67656000,0.32556826,-0.1507895,-9.9587755,0.09703283,0.01366351,0.00402684
67660000,0.3228848,-0.15654919,-9.95329,0.09699244,0.013252383,0.0031746023
67664000,0.3229001,-0.15705307,-9.943487,0.09860489,0.012998966,0.0024303512
67668000,0.32393187,-0.15315418,-9.9395485,0.09979733,0.01334643,0.0022518472
67672000,0.31867862,-0.14805818,-9.942192,0.10106539,0.013000395,0.003083143
67676000,0.3219583,-0.14960074,-9.950853,0.10234942,0.013196302,0.0031540361
67680000,0.31983477,-0.1542787,-9.946829,0.10319322,0.0139174685,0.0038768717
67684000,0.31131232,-0.14649308,-9.94307,0.10402357,0.013714653,0.003583306
67688000,0.31320077,-0.14059502,-9.944931,0.105346724,0.01222299,0.0025939012
67692000,0.3185853,-0.14798164,-9.942238,0.10729018,0.011425301,0.0030636452
67696000,0.32446432,-0.15185429,-9.941601,0.107907474,0.012627271,0.003731601
67700000,0.3243596,-0.15171564,-9.94198,0.10926995,0.013028467,0.0035414216
67704000,0.3252851,-0.1481784,-9.937101,0.11071468,0.012765462,0.0033904612
67708000,0.3271657,-0.13646327,-9.931847,0.11135085,0.012968873,0.003538187
67712000,0.32502377,-0.13908674,-9.93016,0.11252953,0.0120254895,0.00346685
67716000,0.32093918,-0.14742897,-9.93321,0.11327788,0.011627622,0.0033795289
67720000,0.3228572,-0.1458171,-9.936008,0.114516005,0.012066798,0.0025703022
67724000,0.32718143,-0.14315233,-9.933853,0.115669765,0.012308622,0.0027040117
67728000,0.32316685,-0.13649957,-9.92765,0.115954146,0.012551365,0.0034209096
67732000,0.3213464,-0.14290446,-9.927611,0.11686376,0.012758758,0.0037535727
67736000,0.32373118,-0.14050029,-9.932413,0.11803266,0.012253383,0.003798326
67740000,0.32126966,-0.13752627,-9.931345,0.11891018,0.012250193,0.0040427977
67744000,0.32547343,-0.14469303,-9.926592,0.120073125,0.013504305,0.0036326759
67748000,0.327536,-0.137809,-9.934217,0.12056218,0.013923678,0.0031333342
67752000,0.3253156,-0.13648099,-9.938339,0.11993887,0.014692041,0.0034063093
67756000,0.32303166,-0.13480124,-9.93126,0.121545166,0.01442712,0.0036683446
67760000,0.3221721,-0.13294984,-9.926239,0.123473965,0.01368232,0.0029925748
67764000,0.32342163,-0.13305005,-9.933722,0.12365228,0.01332727,0.0022453666
67768000,0.32936803,-0.12736203,-9.9360075,0.12428695,0.013092529,0.0025035162
67772000,0.33499998,-0.13155861,-9.933378,0.12568197,0.014019314,0.0027887258
67776000,0.33045647,-0.13737258,-9.941719,0.12533647,0.013662068,0.0032986626
67780000,0.32625276,-0.13381372,-9.937519,0.1261872,0.012690925,0.0038025458
67784000,0.32833636,-0.12624964,-9.926618,0.1281757,0.012995281,0.0035481679
67788000,0.32843232,-0.119665235,-9.92601,0.12879425,0.012910016,0.002561504
67792000,0.3257837,-0.12668245,-9.923588,0.12878948,0.013058216,0.002765528
67796000,0.32932314,-0.12512112,-9.91721,0.12901343,0.013590306,0.003337545
67800000,0.32362002,-0.1181875,-9.920437,0.13040185,0.013236699,0.003468962
67804000,0.3158575,-0.124798305,-9.925407,0.13047418,0.013124927,0.004498143
67808000,0.31962544,-0.12538253,-9.923787,0.13035038,0.0129892565,0.0043735458
67812000,0.3191483,-0.12387871,-9.921369,0.13094562,0.012534055,0.0029324444
67816000,0.31903493,-0.120175555,-9.919122,0.1309405,0.012749507,0.0023663193
67820000,0.32380992,-0.112430856,-9.92336,0.13235259,0.012787823,0.0030348836
67824000,0.32335752,-0.11444586,-9.925373,0.13431919,0.012671711,0.003246155
67828000,0.3252328,-0.117346145,-9.920963,0.13472605,0.012665363,0.0037430655
67832000,0.32239255,-0.11839051,-9.912928,0.13610896,0.012806299,0.004595474
67836000,0.32114202,-0.116565965,-9.905716,0.13736977,0.01259735,0.0047084023
67840000,0.3223499,-0.1135113,-9.905979,0.13698769,0.013724222,0.0049781883
67844000,0.3154447,-0.12030978,-9.915611,0.13725947,0.014291522,0.0046848306
67848000,0.31623685,-0.12240604,-9.91786,0.13914701,0.012426666,0.0046892026
67852000,0.32225305,-0.11568549,-9.916828,0.14023267,0.01248006,0.0038523886
67856000,0.3203774,-0.115113325,-9.91296,0.13923497,0.013434174,0.0022013797
67860000,0.31842136,-0.1138292,-9.913193,0.1388431,0.013574022,0.002020535
67864000,0.32491535,-0.11370995,-9.914892,0.13980773,0.012476504,0.0034526605
67868000,0.32460305,-0.11527279,-9.9065,0.14066812,0.011253761,0.0045885425
67872000,0.32031226,-0.109121054,-9.90715,0.14127886,0.012062434,0.00414166
67876000,0.3254937,-0.10974836,-9.907941,0.14149192,0.012436478,0.003985472
67880000,0.33190656,-0.10791831,-9.910478,0.14183529,0.011573611,0.0033754765
67884000,0.32978445,-0.103425175,-9.89773,0.14257091,0.013096183,0.0029066696
67888000,0.32804346,-0.10472379,-9.893362,0.14215973,0.014048448,0.0029611315
67892000,0.33130464,-0.10644456,-9.905394,0.1418159,0.012559659,0.003500182
67896000,0.3259855,-0.107663035,-9.903689,0.14315754,0.013090298,0.003755802
67900000,0.31717658,-0.10470996,-9.8978,0.14393882,0.01365612,0.0036001308
67904000,0.32320914,-0.10986543,-9.900034,0.14427957,0.012341511,0.004270758
67908000,0.33383793,-0.10786116,-9.901396,0.14476267,0.011948807,0.0034712127
67912000,0.3329394,-0.10842439,-9.900963,0.1452777,0.012668839,0.0029168145
67916000,0.33260614,-0.112383306,-9.894815,0.14593421,0.012984503,0.0037694282
67920000,0.32604384,-0.10080001,-9.886288,0.14578018,0.012481974,0.0034321335
67924000,0.3217299,-0.093588665,-9.895652,0.14569321,0.011924237,0.0034012476
67928000,0.32287943,-0.09754235,-9.903982,0.14575312,0.012326297,0.0031891838
67932000,0.32578593,-0.099486016,-9.900682,0.14712337,0.012596196,0.0021391
67936000,0.33116952,-0.09645313,-9.900421,0.1474043,0.012508984,0.0026526887
67940000,0.3298801,-0.09823196,-9.898546,0.14689551,0.012760078,0.003875075
67944000,0.3316606,-0.09129817,-9.89517,0.14750093,0.012145125,0.0040946235
67948000,0.33035877,-0.08967613,-9.896442,0.14858662,0.011794077,0.0033555254
67952000,0.32226378,-0.10090365,-9.8913765,0.15000595,0.012200994,0.003687821
67956000,0.32149547,-0.101023786,-9.890065,0.1499111,0.012969389,0.004083106
67960000,0.3316838,-0.10420609,-9.897191,0.15081182,0.012961229,0.0033695847
67964000,0.332061,-0.09963536,-9.903398,0.15187243,0.012452604,0.0033627695
67968000,0.33226722,-0.09101769,-9.901678,0.15116704,0.01228882,0.0025368505
67972000,0.33618742,-0.09850989,-9.896413,0.1506403,0.012049793,0.002006321
67976000,0.3321004,-0.097247064,-9.899722,0.15215696,0.011502372,0.0038635286
67980000,0.3301952,-0.08896603,-9.89476,0.15276106,0.0110489745,0.0042915964
67984000,0.3260544,-0.08226393,-9.89076,0.15045306,0.011766895,0.0036413586
67988000,0.32993937,-0.08322501,-9.895534,0.15022679,0.012600095,0.004310206
67992000,0.32631016,-0.0904364,-9.891002,0.15152961,0.013079588,0.0044203075
67996000,0.32036582,-0.09330621,-9.887842,0.1512087,0.012709899,0.0032729479
68000000,0.32131937,-0.08969247,-9.891298,0.15163577,0.012565313,0.002261034
68004000,0.31547457,-0.08602063,-9.891264,0.15337577,0.013060576,0.0020620956
68008000,0.32290348,-0.08491501,-9.893744,0.15348613,0.012633034,0.0031764805
68012000,0.3314099,-0.08853409,-9.8923645,0.1533188,0.012659431,0.0045632003
68016000,0.3301881,-0.08872062,-9.885297,0.15342318,0.012767002,0.0041856896
68020000,0.32804328,-0.080024,-9.887939,0.15351617,0.011937546,0.0029686738
68024000,0.32935005,-0.08296317,-9.88863,0.15351728,0.011395972,0.003796644
68028000,0.33279443,-0.083031,-9.886204,0.15316227,0.012111428,0.00462907
68032000,0.33419243,-0.07978207,-9.88534,0.15350628,0.0124946255,0.0031380632
68036000,0.33638945,-0.08589463,-9.886909,0.15418163,0.011153938,0.0026187103
68040000,0.3317926,-0.08183806,-9.8845825,0.15473521,0.011357469,0.0030798924
68044000,0.3298431,-0.08189538,-9.884312,0.1548334,0.012063079,0.0038852626
68048000,0.33295393,-0.089002214,-9.886936,0.15508369,0.0116005335,0.0040862174
68052000,0.3277619,-0.08505465,-9.883845,0.15572539,0.011905191,0.003923776
68056000,0.3243398,-0.08493894,-9.878695,0.1560852,0.012444387,0.0037077728
68060000,0.3231842,-0.08999026,-9.88178,0.15589145,0.012509731,0.0030662748
68064000,0.33027646,-0.092695564,-9.893572,0.15546384,0.011474695,0.0029801358
68068000,0.33093998,-0.08271136,-9.894765,0.15527962,0.010389494,0.002949387
68072000,0.32773295,-0.07892823,-9.88604,0.1554969,0.011233555,0.0028253498
68076000,0.32561922,-0.08512448,-9.876718,0.1552686,0.012338378,0.0029924612
68080000,0.32406873,-0.07989779,-9.8759365,0.15465574,0.0131653175,0.0030542607
68084000,0.32686862,-0.077459805,-9.88613,0.15461265,0.013277459,0.0016922175
68088000,0.32574427,-0.07881008,-9.88979,0.15452048,0.012821907,0.002439503
68092000,0.3284744,-0.07819992,-9.884529,0.1540949,0.013181689,0.00298481
68096000,0.33317664,-0.08030125,-9.881848,0.15349352,0.012817953,0.002865291
68100000,0.33093554,-0.07617642,-9.883869,0.15349925,0.012230528,0.0027822817
68104000,0.336704,-0.06776813,-9.879732,0.15385261,0.011436534,0.0026228423
68108000,0.33908418,-0.0665849,-9.877056,0.15438244,0.01076623,0.004315354
68112000,0.33074105,-0.071550265,-9.882763,0.15577507,0.012081814,0.0037472534
68116000,0.3315401,-0.07153338,-9.889333,0.15625507,0.012960182,0.0018662709
68120000,0.3302517,-0.0693977,-9.887472,0.15553623,0.013067772,0.0024299212
68124000,0.32648382,-0.071148686,-9.879427,0.15614814,0.013735359,0.0028298604
68128000,0.32915235,-0.07074511,-9.87949,0.15719882,0.01341577,0.001656157
68132000,0.3344953,-0.06544402,-9.883375,0.15690914,0.013904967,0.0018147333
68136000,0.33564726,-0.061090264,-9.881172,0.15571076,0.014085809,0.0031060504
68140000,0.33298478,-0.05735042,-9.877731,0.15499225,0.013148188,0.0033874433
68144000,0.33042806,-0.0577669,-9.8786335,0.15611646,0.01259985,0.0034397538
68148000,0.33039442,-0.0641269,-9.8717575,0.15603995,0.012460063,0.003496839
68152000,0.33209756,-0.06316972,-9.865551,0.15564969,0.01293235,0.0032659734
68156000,0.33376306,-0.060797587,-9.868706,0.1556299,0.013001633,0.0038531676
68160000,0.33073708,-0.05772119,-9.876675,0.15527482,0.013377463,0.0038834414
68164000,0.33404717,-0.05868747,-9.878456,0.15548459,0.013523116,0.003268117
68168000,0.33377177,-0.06503892,-9.877702,0.15517606,0.013588643,0.0037047463
68172000,0.33026022,-0.064450055,-9.881277,0.15455252,0.0141715035,0.0037111512
68176000,0.33142757,-0.06227158,-9.881226,0.1534638,0.014141062,0.003362066
68180000,0.32997066,-0.057951465,-9.874531,0.15307002,0.014723426,0.0035286788
68184000,0.32899088,-0.049773753,-9.871631,0.15345442,0.015020199,0.003797222
68188000,0.33099845,-0.05062127,-9.8739395,0.15406081,0.014273924,0.0030962192
68192000,0.33529687,-0.05773287,-9.872774,0.15395269,0.014285028,0.001975574
68196000,0.3343339,-0.060898077,-9.872255,0.15273017,0.014897626,0.0022479903
68200000,0.33057135,-0.05512078,-9.869907,0.15344481,0.014336026,0.0030513762
68204000,0.32826233,-0.05659151,-9.87253,0.15410978,0.01426989,0.003579065
68208000,0.3299724,-0.058195937,-9.8749695,0.15288559,0.015033236,0.003105864
68212000,0.3273453,-0.051128544,-9.87323,0.1537077,0.0143845035,0.001930918
68216000,0.32820618,-0.05749515,-9.875119,0.15449369,0.01418841,0.0018446483
68220000,0.33493328,-0.060151096,-9.879086,0.1535041,0.015198836,0.0028826375
68224000,0.3363328,-0.05986882,-9.874975,0.15317579,0.01573017,0.002565924
68228000,0.33455896,-0.06331043,-9.868487,0.15296742,0.015159719,0.0027826398
68232000,0.33058363,-0.061281003,-9.865831,0.15275212,0.014810255,0.0034404837
68236000,0.33145994,-0.059383966,-9.866268,0.15268832,0.01499672,0.002436571
68240000,0.3375763,-0.05343037,-9.86754,0.15273744,0.014338279,0.0020435934
68244000,0.33734402,-0.054290965,-9.861528,0.15254644,0.014210584,0.0028754566
68248000,0.33877575,-0.051057104,-9.860266,0.15249342,0.014897779,0.0033068557
68252000,0.33751673,-0.046510376,-9.864552,0.15269738,0.015529682,0.003183383
68256000,0.33486122,-0.052057255,-9.867198,0.1514982,0.015929434,0.0030323844
68260000,0.33934346,-0.05337435,-9.870946,0.15058166,0.015708804,0.002259092
68264000,0.33698887,-0.05192341,-9.874634,0.14994207,0.016921323,0.002222271
68268000,0.33281267,-0.049621195,-9.868719,0.14984769,0.019080887,0.0025343648
68272000,0.33432388,-0.045017727,-9.863005,0.14965466,0.019028202,0.0017723679
68276000,0.33627647,-0.03950554,-9.859256,0.14816049,0.017562294,0.0017000812
68280000,0.3340483,-0.037991125,-9.863127,0.14880654,0.017074857,0.0022568672
68284000,0.33712906,-0.050597545,-9.872721,0.14962268,0.016739229,0.0024079387
68288000,0.33517194,-0.057989337,-9.872299,0.14913195,0.015607367,0.0027357184
68292000,0.3316245,-0.045349747,-9.862707,0.14942509,0.016439823,0.0033508153
68296000,0.33386105,-0.038556665,-9.8582325,0.1492376,0.017650003,0.0025990666
68300000,0.33391607,-0.039484616,-9.858849,0.1487766,0.017327711,0.0020057168
68304000,0.3309604,-0.04563302,-9.852829,0.14842036,0.016686162,0.0020235972
68308000,0.33202803,-0.051677734,-9.853015,0.14778437,0.01607818,0.0022723621
68312000,0.33571604,-0.04447632,-9.855353,0.14737359,0.016379846,0.002577809
68316000,0.3380646,-0.049934343,-9.85072,0.14777878,0.016697979,0.001748835
68320000,0.338328,-0.054020565,-9.857939,0.14790761,0.01671698,0.0021022805
68324000,0.336784,-0.039808054,-9.862068,0.14721888,0.015436903,0.0028571729
68328000,0.3470534,-0.036797754,-9.852041,0.14624847,0.015559442,0.0028403364
68332000,0.34326962,-0.039753243,-9.849937,0.14639387,0.016276633,0.0019044637
68336000,0.32361293,-0.038414426,-9.853231,0.14600196,0.016249735,0.0029466979
68340000,0.330559,-0.044430867,-9.8569565,0.14407423,0.016387427,0.0031508596
68344000,0.33708233,-0.052947722,-9.851416,0.14351499,0.01609092,0.0012843199
68348000,0.33291507,-0.04280738,-9.84288,0.14350641,0.017304342,0.0013850386
68352000,0.3400749,-0.04160437,-9.850453,0.14350466,0.017766327,0.0009931385
68356000,0.3414144,-0.039723624,-9.8552475,0.14497977,0.017083617,0.0009563075
68360000,0.34022036,-0.039351054,-9.856931,0.14481232,0.01736605,0.0018464489
68364000,0.34492442,-0.045519967,-9.853691,0.14284101,0.017719883,0.0024689394
68368000,0.34603465,-0.040354148,-9.848905,0.14263323,0.017004626,0.0024754102
68372000,0.34680918,-0.039649736,-9.854381,0.14223814,0.01708145,0.002662666
68376000,0.34169108,-0.039043453,-9.85121,0.14159021,0.018306598,0.0030278938
68380000,0.34008282,-0.037823357,-9.8556595,0.14173359,0.018292222,0.0023631973
68384000,0.3414205,-0.033721752,-9.855963,0.14118354,0.017940883,0.0020365221
68388000,0.33614337,-0.035118993,-9.844556,0.14003438,0.018595502,0.0020011791
68392000,0.3372771,-0.035746194,-9.834904,0.13974628,0.019126292,0.0023217592
68396000,0.3350109,-0.035492755,-9.836073,0.13939591,0.01762519,0.0017054818
68400000,0.33385736,-0.037891474,-9.841454,0.13867727,0.016794965,0.0015514689
68404000,0.33711424,-0.03818167,-9.837082,0.13783336,0.017796386,0.001395502
68408000,0.34376448,-0.040521488,-9.843757,0.13763057,0.017143084,0.0016964702
68412000,0.34314093,-0.035872974,-9.847288,0.13773394,0.016621534,0.0023767692
68416000,0.33459607,-0.028960103,-9.849278,0.13750762,0.016917955,0.0021692442
68420000,0.3374347,-0.02206788,-9.848098,0.13634439,0.016969724,0.002241416
68424000,0.3424418,-0.021351013,-9.840165,0.13530827,0.017332299,0.0021437977
68428000,0.34132564,-0.028345374,-9.847215,0.13591573,0.017435156,0.0028585158
68432000,0.33916223,-0.032449104,-9.8498535,0.13572088,0.017768905,0.0017445588
68436000,0.3412916,-0.036065802,-9.842962,0.1350222,0.018014003,0.0019925772
68440000,0.34147146,-0.03570279,-9.844085,0.13454366,0.017081274,0.002427256
68444000,0.33908018,-0.03124266,-9.853279,0.13430214,0.016225748,0.0017330254
68448000,0.33965665,-0.031546764,-9.851246,0.13451715,0.017123992,0.0027241388
68452000,0.3428169,-0.03331745,-9.845112,0.13386366,0.01742171,0.00265905
68456000,0.34621876,-0.03218334,-9.85,0.1327065,0.017102221,0.0024633745
68460000,0.34504926,-0.035210747,-9.840866,0.13199931,0.016706785,0.0030934024
68464000,0.34081823,-0.036533967,-9.8322315,0.13070099,0.016550718,0.0014767775
68468000,0.33327508,-0.028346417,-9.840264,0.12873408,0.017248977,0.0002642545
68472000,0.32784933,-0.025554905,-9.84538,0.12822759,0.018242076,0.0018737846
68476000,0.33115655,-0.030483318,-9.83803,0.1280936,0.018340843,0.0024087215
68480000,0.34472662,-0.028881576,-9.830605,0.12783626,0.017803492,0.0023452763
68484000,0.34830862,-0.025731832,-9.830673,0.12783405,0.017347004,0.0026691158
68488000,0.3431181,-0.028300975,-9.83284,0.126984,0.017452091,0.002264023
68492000,0.34168702,-0.024515575,-9.840222,0.12605941,0.017756125,0.0021696617
68496000,0.33707476,-0.020533763,-9.833464,0.12645972,0.01824817,0.0028102235
68500000,0.33651853,-0.02601768,-9.826504,0.12651043,0.018807266,0.0029982086
68504000,0.342386,-0.028103175,-9.82975,0.12629311,0.018933285,0.0018448092
68508000,0.34357995,-0.025041088,-9.828844,0.12658855,0.01847474,0.0020533092
68512000,0.3441521,-0.021435123,-9.828632,0.12667274,0.018006323,0.002465935
68516000,0.35047984,-0.01694924,-9.823715,0.12603772,0.018703332,0.0015434192
68520000,0.34828573,-0.019177925,-9.823692,0.12449131,0.017952977,0.0014239853
68524000,0.343652,-0.020136787,-9.836231,0.124049544,0.017058903,0.0008092663
68528000,0.34648538,-0.01798221,-9.839796,0.1234972,0.017231366,0.0009568304
68532000,0.3467589,-0.01687884,-9.836212,0.12177151,0.017098228,0.0019103043
68536000,0.34209803,-0.015022037,-9.837815,0.12131663,0.017033583,0.0014078321
68540000,0.34209818,-0.0126821725,-9.833151,0.12151546,0.017282985,0.0016929501
68544000,0.34305996,-0.008158103,-9.828192,0.12083875,0.01773021,0.002141385
68548000,0.3458287,-0.015768087,-9.827408,0.11941789,0.017460087,0.0016841828
68552000,0.3495347,-0.022880916,-9.828343,0.11864482,0.01732354,0.001632311
68556000,0.34995323,-0.020184811,-9.833808,0.11901042,0.017282708,0.0016943215
68560000,0.34546763,-0.016817087,-9.829819,0.11881149,0.017205326,0.0014660744
68564000,0.3415712,-0.0156139685,-9.823038,0.11828274,0.017881531,0.0013557741
68568000,0.34588757,-0.014648771,-9.824904,0.117234945,0.017668368,0.0022401207
68572000,0.3535303,-0.02094445,-9.8222885,0.11708226,0.017246708,0.001460491
68576000,0.34496865,-0.024429329,-9.818024,0.11762522,0.017092869,0.001351478
68580000,0.3376531,-0.019476239,-9.815992,0.116806574,0.017519185,0.0026500777
68584000,0.3452744,-0.010715163,-9.821951,0.11555834,0.018088702,0.0022112764
68588000,0.34580338,-0.009278635,-9.824013,0.11462668,0.018384771,0.0016536898
68592000,0.34452578,-0.011246226,-9.821745,0.11508539,0.018248603,0.0013568308
68596000,0.3460648,-0.014044192,-9.823208,0.11481358,0.018220041,0.0010688014
68600000,0.34703994,-0.019942632,-9.81785,0.112913966,0.018814867,0.0014818095
68604000,0.34159857,-0.017644104,-9.8106785,0.112555936,0.018672826,0.0018431324
68608000,0.34360945,-0.021428738,-9.814461,0.11280754,0.017968994,0.0017511559
68612000,0.347353,-0.020968072,-9.81917,0.112694286,0.0183434,0.0016323621
68616000,0.34236354,-0.011428126,-9.815754,0.11161155,0.019532766,0.0018302661
68620000,0.34188354,-0.011105857,-9.812595,0.11052628,0.019577943,0.0014364092
68624000,0.34734958,-0.0154734645,-9.81377,0.110094,0.01911497,0.0016090025
68628000,0.34706992,-0.016566336,-9.820855,0.10918487,0.019489745,0.0026186642
68632000,0.34513623,-0.015071851,-9.822838,0.10820474,0.018980617,0.0021547943
68636000,0.34305274,-0.008646119,-9.810232,0.10783231,0.018727133,0.001489361
68640000,0.3431372,-0.012401028,-9.799818,0.10686573,0.01907324,0.0008280165
68644000,0.34402487,-0.01196964,-9.808902,0.10603755,0.01887073,0.00039104742
68648000,0.3485176,-0.010895022,-9.819366,0.10630601,0.019125,0.00022547595
68652000,0.34397328,-0.019548014,-9.815955,0.10596048,0.018529521,0.0014318336
68656000,0.3392629,-0.018604074,-9.810569,0.106068105,0.017607331,0.002595913
68660000,0.34783143,-0.010100411,-9.810291,0.1059447,0.01809873,0.0020186289
68664000,0.34412593,-0.014035041,-9.809515,0.10462264,0.017973393,0.0019984972
68668000,0.3390804,-0.012490933,-9.810314,0.10423977,0.017595438,0.002588051
68672000,0.34569886,-0.0055547417,-9.815815,0.10356912,0.01781093,0.0025086084
68676000,0.35195565,-0.010451646,-9.819268,0.10171593,0.017799709,0.0010859531
68680000,0.3526054,-0.013277307,-9.812006,0.10174735,0.017884199,0.0012445633
68684000,0.35194182,-0.0140727535,-9.808151,0.10220664,0.01765686,0.002620832
68688000,0.35438883,-0.0135742165,-9.80709,0.1016047,0.017938524,0.0026248263
68692000,0.3589319,-0.010731728,-9.803603,0.10151152,0.01829293,0.0028186603
68696000,0.3553794,-0.0061599934,-9.806613,0.10139786,0.017419402,0.0020208892
68700000,0.35786277,-0.008283188,-9.809529,0.10124794,0.017556706,0.0007222304
68704000,0.35565752,-0.009831805,-9.807194,0.10106835,0.01812308,0.0008422384
68708000,0.34391153,-0.01145134,-9.802348,0.09960852,0.01809287,0.001530159
68712000,0.34403086,-0.009381607,-9.800478,0.098749936,0.01796028,0.0020433718
68716000,0.34953418,-0.0005264457,-9.801123,0.09763347,0.017023189,0.0020745974
68720000,0.3500685,0.001443609,-9.806079,0.09636226,0.016617559,0.0018206079
68724000,0.34836772,-0.010614201,-9.815094,0.097063966,0.016832337,0.0017102655
68728000,0.35116285,-0.021240821,-9.810371,0.09660214,0.017570926,0.0018923417
68732000,0.35200337,-0.018606257,-9.802488,0.09516953,0.017868983,0.0016721085
68736000,0.34809265,-0.015984727,-9.802401,0.09413032,0.017324464,0.0020666027
68740000,0.35093164,-0.013605562,-9.799182,0.094050676,0.017553683,0.002602518
68744000,0.35395843,-0.002089113,-9.801178,0.09402148,0.01755944,0.0020559938
68748000,0.35233614,-0.0019280269,-9.798393,0.09274279,0.017050428,0.001296128
68752000,0.35020193,-0.0032160557,-9.792825,0.09238777,0.016477887,0.0011664032
68756000,0.342534,0.00074555964,-9.80205,0.09219448,0.015917301,0.0013348741
68760000,0.33635905,-0.003966902,-9.80784,0.0912468,0.017037114,0.00080641126
68764000,0.34172308,-0.010682126,-9.800842,0.091840714,0.017482426,0.0007333409
68768000,0.34652027,-0.008177372,-9.804977,0.09214221,0.017308187,0.0012377802
68772000,0.34566647,-0.008363339,-9.805021,0.0911963,0.01753987,0.0010917278
68776000,0.34974718,-0.01703694,-9.795021,0.090878546,0.016950777,0.0013930966
68780000,0.3533938,-0.012739626,-9.799713,0.08945212,0.01658026,0.0013327982
68784000,0.35179952,-0.0029506113,-9.804504,0.088582456,0.01696897,0.0012362222
68788000,0.35463881,-0.004594931,-9.80304,0.08850653,0.017231649,0.002047964
68792000,0.34883308,-0.013393053,-9.806642,0.08828293,0.017352365,0.002194681
68796000,0.34599906,-0.003209509,-9.805628,0.08795771,0.017252695,0.0016360192
68800000,0.3551939,0.0027973035,-9.796892,0.086853534,0.015952945,0.0010626083
68804000,0.35463223,-0.004106838,-9.7984295,0.08670382,0.015751923,0.0008984097
68808000,0.35167408,-0.0037397367,-9.805658,0.08627143,0.015471453,0.0011917885
68812000,0.35289386,-0.002033553,-9.798426,0.08447817,0.014898766,0.0010330044
68816000,0.35234514,-0.0047874437,-9.797798,0.083854176,0.015459665,0.00020881543
68820000,0.34889835,-0.0030774595,-9.800049,0.08399378,0.01617322,-0.00062672346
68824000,0.35435736,-0.0044507068,-9.794186,0.08409749,0.015844889,0.00018984456
68828000,0.3561997,-0.011293714,-9.794695,0.08438427,0.014737667,0.0019241251
68832000,0.35324705,-0.0098722195,-9.792785,0.0827744,0.015523439,0.0017485057
68836000,0.35640252,-0.0059932694,-9.788903,0.08131197,0.01624437,0.0010034493
68840000,0.34853905,-0.0073051862,-9.786381,0.08124817,0.015457936,0.00018271606
68844000,0.3439132,-0.007086329,-9.782036,0.08145936,0.015528505,0.00058242766
68848000,0.35019433,0.005900827,-9.788727,0.08183452,0.014687915,0.0017532178
68852000,0.3545181,0.008683309,-9.80125,0.08106009,0.013893541,0.0021047178
68856000,0.35720748,-0.0037416206,-9.797815,0.08117064,0.015290827,0.0012146909
68860000,0.34791684,-0.0072194478,-9.783702,0.08155828,0.015402449,0.00088681275
68864000,0.3489854,-0.0021723914,-9.778664,0.07975732,0.014312509,0.0013114306
68868000,0.35647225,-0.0065079667,-9.777723,0.078569196,0.014602615,0.0014752191
68872000,0.3485695,-0.0091776205,-9.780355,0.078127764,0.014936248,0.0015313495
68876000,0.34556925,-0.006042393,-9.790807,0.07750914,0.014009264,0.0006179064
68880000,0.35164738,-0.003839738,-9.7835245,0.07737538,0.013727939,0.0011661485
68884000,0.35805935,-0.0059433724,-9.777325,0.07712429,0.014009751,0.0014973015
68888000,0.35652497,-0.009471515,-9.7779875,0.07661713,0.013790166,0.0015751281
68892000,0.35257965,-0.00660502,-9.772196,0.07571815,0.01397731,0.0014718033
68896000,0.35014147,-0.0048278393,-9.778099,0.07478023,0.013204228,0.0011557754
68900000,0.34989762,-0.0012867406,-9.7847595,0.074698046,0.012264945,0.0011911164
68904000,0.35785407,-0.0016193764,-9.788378,0.07433306,0.013068287,0.0001545684
68908000,0.35467768,-0.009401061,-9.787049,0.07333517,0.0130326245,0.0004572002
68912000,0.35222307,-0.008950215,-9.777536,0.072915845,0.013171117,0.0014821651
68916000,0.35531825,-0.004725494,-9.774955,0.07453123,0.013204386,0.0015180707
68920000,0.35761303,-0.00018132202,-9.778095,0.075197525,0.012601018,0.0007350098
68924000,0.3632522,0.004854661,-9.781553,0.07457107,0.0114663765,-3.0277328e-05
68928000,0.363869,0.0052451543,-9.781637,0.07340586,0.010575096,0.00059129886
68932000,0.36115015,0.011344232,-9.784477,0.072223715,0.0108061945,0.0015406333
68936000,0.35461536,0.009805586,-9.789925,0.071505204,0.010867243,0.0017107676
68940000,0.350661,0.005147286,-9.784882,0.07095781,0.011421732,0.0013103735
68944000,0.35165423,-0.00038946536,-9.781682,0.07062487,0.011456643,0.0009836159
68948000,0.3553518,-0.0020932998,-9.782755,0.069007955,0.011782328,0.0012589305
68952000,0.35083455,0.0017744387,-9.786842,0.06769052,0.011654287,0.0016273537
68956000,0.34826636,-0.00026010833,-9.792194,0.06722291,0.010917034,0.0009041006
68960000,0.35366368,0.0011456824,-9.789376,0.06784268,0.010553886,0.0012731652
68964000,0.35592937,0.0028228746,-9.782903,0.068037115,0.009907818,0.0012484503
68968000,0.3535626,-0.0019065755,-9.778721,0.06741579,0.010170828,0.0013665052
68972000,0.34760213,-0.004454728,-9.780706,0.066869944,0.010293933,0.0021647965
68976000,0.35313475,0.0003565691,-9.778391,0.066678785,0.009576938,0.00068112934
68980000,0.36732578,0.0019307944,-9.779157,0.06666209,0.010130485,0.00047015882
68984000,0.36345053,0.00081127277,-9.781292,0.06521714,0.010198395,0.0019215296
68988000,0.35464105,0.00094367104,-9.777988,0.06462774,0.008171818,0.0018565347
68992000,0.3542624,0.0036386156,-9.771436,0.06507704,0.007883454,0.00076216
68996000,0.34851313,-0.0015468986,-9.76718,0.06499918,0.008824186,0.0013416568
69000000,0.35768265,0.0008532146,-9.77067,0.06465624,0.00829276,0.0020241286
69004000,0.36029422,0.0069235843,-9.774578,0.06464776,0.008029752,0.0021054673
69008000,0.35132855,0.0070053292,-9.777767,0.0647905,0.007756538,0.0017496257
69012000,0.35390943,0.007341065,-9.772121,0.06363711,0.0060906033,0.0007174305
69016000,0.35207343,-0.0018697967,-9.773403,0.06311371,0.005679985,0.00094731926
69020000,0.3589865,-0.0027202812,-9.774973,0.063565165,0.006932447,0.0012503907
69024000,0.36752927,0.01056385,-9.775742,0.06338255,0.0080653755,0.0006890736
69028000,0.35865915,0.009786189,-9.782127,0.06226557,0.008233765,6.800855e-05
69032000,0.35101712,0.0015273372,-9.778562,0.06164105,0.0075506335,0.00083295297
69036000,0.36037257,0.003054352,-9.774616,0.06215425,0.007714707,0.0017382315
69040000,0.37066552,0.0065262336,-9.776193,0.06222025,0.007937875,0.0019140837
69044000,0.36468273,0.006903588,-9.777405,0.061348837,0.007167815,0.00085536897
69048000,0.36485043,-0.0012005635,-9.779804,0.060677424,0.007184341,0.0004465121
69052000,0.36961648,-0.0013170809,-9.777645,0.060938828,0.006990865,0.00091889413
69056000,0.36359048,0.005231274,-9.771265,0.06072316,0.00626653,0.0008241919
69060000,0.3573748,0.0020603102,-9.772205,0.05914986,0.005683286,0.0011716824
69064000,0.36201817,-0.0005814376,-9.771654,0.05841487,0.005172003,0.00071418524
69068000,0.36113793,0.0008048668,-9.775885,0.058431342,0.005250394,-0.00011166868
69072000,0.35581923,0.0019820384,-9.782928,0.058114823,0.0050248248,0.0018467705
69076000,0.35978657,-0.0005300129,-9.782904,0.057304367,0.0054068547,0.0017121665
69080000,0.35767394,0.0013806245,-9.775272,0.056923512,0.0053000217,0.00061028125
69084000,0.35459238,0.0068021026,-9.768202,0.05769895,0.0047683534,0.0010316984
69088000,0.36101058,0.007339251,-9.770731,0.056535065,0.0038727154,0.00078746397
69092000,0.35802892,0.009146028,-9.778162,0.054956153,0.0029966135,0.0017456689
69096000,0.3527985,0.014233112,-9.779692,0.054879226,0.003283265,0.0011333779
69100000,0.3572595,0.010884136,-9.768436,0.054847337,0.0035980886,0.0004331903
69104000,0.36092204,-0.003084783,-9.772886,0.05451373,0.0032842993,0.00037906584
69108000,0.36183685,-0.005534959,-9.778881,0.054373328,0.003944245,0.0009871072
69112000,0.3640905,0.0025779468,-9.775906,0.05424835,0.0043023597,0.0018958973
69116000,0.36706215,0.0073909913,-9.778917,0.0543454,0.0033900093,0.002217649
69120000,0.36125287,0.004272451,-9.7755,0.05409759,0.003094423,0.0018300179
69124000,0.36321425,0.0033126972,-9.781186,0.053726792,0.0030480046,0.0009674949
69128000,0.36462647,0.011935275,-9.77776,0.053774938,0.003938516,0.0011040559
69132000,0.3612448,0.0064757704,-9.770302,0.053222798,0.00292968,0.0016188817
69136000,0.3603576,0.00062676705,-9.775473,0.052010648,0.0020989112,0.0022505089
69140000,0.36207426,0.004627223,-9.7774315,0.050679013,0.0031966679,0.0017043067
69144000,0.36621848,-9.3690705e-06,-9.78042,0.050228603,0.0032431176,0.0010811927
69148000,0.36308107,0.0010984616,-9.781536,0.049708106,0.0026618163,0.002019655
69152000,0.36260587,0.008959337,-9.777855,0.04910621,0.00277031,0.0017382903
69156000,0.3622742,0.0076442985,-9.778018,0.049097817,0.001758308,0.0013821821
69160000,0.36428577,0.0075161494,-9.778439,0.050096944,0.0010216422,0.0022301832
69164000,0.3698909,0.00498564,-9.780716,0.049834643,0.0014825969,0.0012145113
69168000,0.36659372,0.0044846586,-9.780348,0.047706664,0.0008072601,8.505512e-06
69172000,0.36536565,0.002855073,-9.776533,0.047541358,0.00074239995,0.0005463933
69176000,0.36191076,-0.0010709423,-9.778015,0.048287883,0.0009118298,0.0011083814
69180000,0.3578228,0.003867454,-9.777967,0.047195397,0.0006433604,0.0020397035
69184000,0.3567751,0.004967706,-9.780109,0.046147365,0.0006702266,0.0007898103
69188000,0.35907292,0.01071132,-9.778624,0.046707768,0.0011931049,0.00021261272
69192000,0.36657697,0.018944249,-9.772813,0.04696364,0.0011917,0.002001784
69196000,0.3699371,0.017776886,-9.775335,0.045988925,0.0010842431,0.0019802446
69200000,0.36554587,0.012295605,-9.777843,0.045604087,0.00092399085,0.0010560969
69204000,0.36619407,0.00745819,-9.7805195,0.04585266,0.0006791858,0.0006952582
69208000,0.36591375,0.0069365934,-9.78364,0.045694962,-0.00018433362,0.0010385398
69212000,0.37158647,0.0023504496,-9.78361,0.044235416,-0.0014471808,0.0011237903
69216000,0.37626898,0.00029191992,-9.782955,0.04299604,-0.0011791328,0.0012306075
69220000,0.36950934,0.0037479505,-9.784769,0.04358489,-0.0017861286,0.0017508719
69224000,0.36725003,0.0032914435,-9.783487,0.042926833,-0.0022852344,0.0014962971
69228000,0.36608163,0.0058800876,-9.780762,0.042419203,-0.002418483,0.0012270138
69232000,0.3680157,9.766853e-05,-9.779427,0.042134486,-0.0019015849,0.0011281247
69236000,0.36505622,0.007459686,-9.777733,0.04180436,-0.0015240146,0.00070853543
69240000,0.37293234,0.013993881,-9.779242,0.041350186,-0.0019583674,0.001249531
69244000,0.37194106,0.0013125754,-9.775524,0.04044828,-0.0019027094,0.0018654016
69248000,0.36130005,0.0046816943,-9.774418,0.04078303,-0.002247328,0.0017984508
69252000,0.3642217,0.0062250197,-9.7803955,0.03980039,-0.0024372956,0.00092739164
69256000,0.362976,0.00049965945,-9.7717285,0.038978342,-0.0025706217,0.00041529158
69260000,0.35820568,0.009496762,-9.7673235,0.03896444,-0.0016943143,0.0009068762
69264000,0.35969877,0.0075476496,-9.777988,0.038693048,-0.0016018107,0.0011371766
69268000,0.36952144,-0.0033228872,-9.77804,0.03826894,-0.002570897,0.0013724612
69272000,0.3733313,0.00025526332,-9.771317,0.038389213,-0.0037599707,0.0011069106
69276000,0.3681459,0.0041091642,-9.779874,0.03824251,-0.004040293,0.0014703348
69280000,0.3670128,0.005840825,-9.789141,0.036850534,-0.003923553,0.0017131014
69284000,0.37006533,0.011972967,-9.780668,0.0361453,-0.0035721802,0.0015866825
69288000,0.36667955,0.01010113,-9.782124,0.03615009,-0.0035166268,0.0012242795
69292000,0.3614118,0.0037300887,-9.788775,0.036474675,-0.003716719,0.00041626333
69296000,0.3644145,0.0017483142,-9.786552,0.03635938,-0.004226086,0.001526557
69300000,0.36788905,0.0014437754,-9.779096,0.03577148,-0.005078217,0.00206896
69304000,0.366637,0.0019373747,-9.780262,0.034854524,-0.0043631587,0.0017445904
69308000,0.3715282,0.0092665,-9.78266,0.034459025,-0.0042629787,0.0023331922
69312000,0.37152493,0.01081672,-9.782257,0.03388251,-0.005069644,0.001252114
69316000,0.36815405,0.0091383,-9.784485,0.03357765,-0.0046783546,0.00015987927
69320000,0.36939228,0.010059945,-9.783069,0.033929937,-0.005182681,0.0010893524
69324000,0.3650198,0.0060210032,-9.77775,0.032912523,-0.006327667,0.0016753839
69328000,0.37123019,0.00056962157,-9.775694,0.032137737,-0.0053191506,0.0011501526
69332000,0.37125087,0.0043999003,-9.780552,0.031281173,-0.005482862,0.0010034408
69336000,0.36412275,0.009542078,-9.784613,0.030100182,-0.005791879,0.0013546629
69340000,0.37203467,0.007092151,-9.784943,0.03038899,-0.0048608715,0.001197723
69344000,0.3732987,0.005724837,-9.781978,0.030168058,-0.0047870264,0.00059653656
69348000,0.36998606,-0.0023834216,-9.778261,0.028921004,-0.005151936,0.0006788166
69352000,0.37345994,0.0004933619,-9.778009,0.02902824,-0.0064150076,0.0015034095
69356000,0.36924803,0.0066599753,-9.78093,0.029650811,-0.007031465,0.0019748406
69360000,0.3678143,0.0060085277,-9.776259,0.029836131,-0.0071979733,0.0015027075
69364000,0.370434,0.0077572903,-9.779076,0.028823446,-0.008770542,0.0005792619
69368000,0.3688175,0.0026429808,-9.786156,0.027465587,-0.0092968745,0.0015396853
69372000,0.3661675,-0.0019524737,-9.776527,0.027873643,-0.008328748,0.0025055835
69376000,0.3628779,0.002641015,-9.777597,0.028495096,-0.008261964,0.00079177564
69380000,0.36794972,0.009283862,-9.778215,0.028761765,-0.008646252,1.9685007e-05
69384000,0.37450165,0.008256282,-9.772404,0.027394287,-0.008449874,0.0009827592
69388000,0.3806523,0.003827411,-9.776605,0.025735619,-0.008135224,0.0011343755
69392000,0.38255385,0.009703571,-9.775738,0.02523718,-0.007612506,0.0011264031
69396000,0.37912703,0.012144087,-9.77795,0.024200013,-0.0074000587,0.0015400884
69400000,0.3747308,0.0073942314,-9.775433,0.025053695,-0.008261061,0.0013791651
69404000,0.36935693,0.002678885,-9.774878,0.025005506,-0.009094333,0.0011974635
69408000,0.37594962,0.0029691854,-9.777664,0.023890099,-0.008795775,0.0016901192
69412000,0.37783694,0.012088066,-9.779274,0.023717083,-0.007877633,0.0013855301
69416000,0.37483436,0.015409875,-9.772869,0.02328241,-0.008637982,0.00058620406
69420000,0.37722844,0.0064801956,-9.770018,0.02337772,-0.010160274,0.0009737432
69424000,0.37148023,0.0014335255,-9.78121,0.022839041,-0.010134774,0.0013036311
69428000,0.36947846,0.0035252436,-9.783361,0.021888193,-0.0098697245,0.00090415846
69432000,0.376578,0.0029216898,-9.775381,0.02182475,-0.009519132,0.0013575963
69436000,0.37755787,0.00011151913,-9.774958,0.021298433,-0.008931265,0.0016001456
69440000,0.37555563,0.0067550773,-9.776293,0.02106609,-0.008668914,0.0005378061
69444000,0.37826535,0.010546346,-9.775699,0.021463094,-0.009363838,0.0012719547
69448000,0.37321877,0.006942441,-9.775122,0.02028471,-0.009939171,0.0015245677
69452000,0.37395933,0.009817522,-9.772804,0.020011928,-0.00943803,0.0012425233
69456000,0.38441953,0.01247595,-9.774921,0.019506412,-0.0093217585,0.0010873307
69460000,0.37797564,0.00018121458,-9.772295,0.019438533,-0.009871787,0.00018448486
69464000,0.37231135,-0.0029986843,-9.774895,0.020422053,-0.010620521,0.0012967458
69468000,0.37178564,0.008083347,-9.778997,0.019153254,-0.010473377,0.0019050564
69472000,0.37656435,0.008043538,-9.77153,0.018688407,-0.0107060615,0.0010299804
69476000,0.38257232,0.002302627,-9.77265,0.018063098,-0.011286476,0.0011798557
69480000,0.38055345,0.006472873,-9.779185,0.01723352,-0.010303624,0.00083953876
69484000,0.37593699,0.011907711,-9.776724,0.017627958,-0.009865366,0.00062766566
69488000,0.370821,0.014151347,-9.775978,0.017245185,-0.010155505,0.0014605959
69492000,0.37065035,0.011277291,-9.775173,0.016140282,-0.010187755,0.00090169435
69496000,0.37332547,0.008930389,-9.780424,0.016099226,-0.010436356,0.0009479697
69500000,0.37427402,0.012817881,-9.783943,0.015965674,-0.011013928,0.0012354592
69504000,0.37406445,0.011708772,-9.779181,0.014418113,-0.010542815,0.0005957785
69508000,0.38103312,0.0055208174,-9.780336,0.01451903,-0.009960217,0.00010953226
69512000,0.38267565,0.0026651816,-9.777481,0.014066489,-0.010322656,0.00024530958
69516000,0.37690067,0.0036269408,-9.77017,0.012293163,-0.0102402605,0.00021709804
69520000,0.3721406,0.0055908817,-9.773665,0.012379496,-0.0101899505,-0.00013323851
69524000,0.3740195,0.0103154145,-9.777987,0.013097349,-0.009835252,-0.00043281505
69528000,0.3827135,0.011222754,-9.780125,0.0129870735,-0.009910599,0.0001525228
69532000,0.38375598,0.006495702,-9.784288,0.012563196,-0.011127593,0.0004812709
69536000,0.37490278,0.005744799,-9.779734,0.012788444,-0.0111311395,0.000474863
69540000,0.3802853,0.010067987,-9.77462,0.012688042,-0.009992736,0.00021867594
69544000,0.37617946,0.004453658,-9.777704,0.011755842,-0.01036766,0.00016677611
69548000,0.37317103,0.0045221606,-9.78117,0.012098015,-0.011902943,0.0008382232
69552000,0.37629095,0.012763342,-9.784454,0.011797077,-0.011604182,0.0010923506
69556000,0.38526705,0.015575808,-10.1244545,0.0112991845,-0.00890505,0.0018336641
69560000,0.39920583,0.01088604,-10.727862,0.01204079,-0.002483134,0.0015949901
69564000,0.406627,0.011978028,-11.187086,0.012734555,0.007683518,0.0014490818
69568000,0.4244785,0.003940447,-11.521249,0.012003002,0.0252214,0.0011597578
69572000,0.43513185,-0.006273277,-11.77141,0.011282104,0.05339987,0.0007642262
69576000,0.44407964,-0.002626606,-11.984259,0.011928068,0.09248179,0.00093801634
69580000,0.46097195,0.0033559953,-12.138152,0.011960267,0.14524469,-0.000102461505
69584000,0.47826478,0.005435011,-12.243151,0.012260281,0.21040285,0.00029701163
69588000,0.48348564,0.0029107803,-12.333452,0.012681288,0.28560978,0.0010632728
69592000,0.49327418,0.0037289432,-12.381235,0.014678282,0.37072164,0.00040593703
69596000,0.5046443,0.0039169574,-12.397562,0.017497012,0.46409988,0.001009319
69600000,0.5142963,0.0019880235,-12.390673,0.019499332,0.5623654,0.0015682625
69604000,0.5149034,0.0038149124,-12.344973,0.02203596,0.66247267,0.0010349759
69608000,0.5137957,0.0046591903,-12.29154,0.024307407,0.76173234,0.00051331427
69612000,0.5204228,0.0021555116,-12.240364,0.02646692,0.8584184,0.0005439437
69616000,0.52572143,0.0002219468,-12.17539,0.029169356,0.95298266,0.0012439758
69620000,0.5286179,0.0017888212,-12.109937,0.029965121,1.0433536,0.0009966469
69624000,0.5187333,0.007831355,-12.038103,0.030690255,1.1280997,0.00029885114
69628000,0.52403456,0.00838056,-11.968567,0.033186745,1.2081301,0.0012855615
69632000,0.5309694,0.0063233585,-11.900373,0.034677505,1.2826588,0.0012067751
69636000,0.5240778,0.010415316,-11.833189,0.036693763,1.3491752,8.155742e-05
69640000,0.5188446,0.008959403,-11.755928,0.038145248,1.4060363,1.96922e-05
69644000,0.51921153,-0.0032856339,-11.682113,0.0384394,1.4554,-0.0002812107
69648000,0.51949275,-0.005432271,-11.603415,0.038206562,1.498492,-0.0005280335
69652000,0.5127816,-0.0031655845,-11.520451,0.037647154,1.534849,-0.00031602802
69656000,0.5066904,0.001344245,-11.44028,0.037759345,1.5653334,-7.0827424e-05
69660000,0.50580335,0.007812103,-11.351883,0.03827821,1.5926747,0.00022343131
69664000,0.5069824,0.0055684582,-11.267373,0.038613297,1.6157178,-5.2529704e-05
69668000,0.5024157,0.0014127136,-11.181887,0.037788924,1.6340601,0.00021911746
69672000,0.49527594,0.00043748665,-11.102434,0.038690176,1.6483188,0.0017313862
69676000,0.491647,-0.0077325166,-11.026491,0.040746752,1.6588643,0.0010398424
69680000,0.48983487,-0.002484308,-10.950859,0.040901985,1.6660786,-0.00044877222
69684000,0.48336306,0.0041437196,-10.872279,0.039681267,1.66916,-0.00072658615
69688000,0.4738733,0.0019016663,-10.80229,0.03856667,1.6677895,-0.0015295416
69692000,0.46628052,0.00882617,-10.738819,0.037598517,1.6645894,-0.0008268288
69696000,0.46957412,0.0071548633,-10.663998,0.035864256,1.6591904,-0.0002665742
69700000,0.4752156,-0.00024660726,-10.592409,0.035611164,1.6496786,-0.0015769338
69704000,0.4695401,0.000808211,-10.529415,0.036232706,1.6402538,-0.0013152353
69708000,0.46776712,0.0010411091,-10.461662,0.03611703,1.6298351,-0.00055912876
69712000,0.4681893,0.0018487081,-10.394941,0.03608663,1.6173654,-0.00039503636
69716000,0.4558097,0.007179588,-10.329759,0.036036316,1.6020775,-0.00012351293
69720000,0.4468919,0.0009789455,-10.27383,0.035523783,1.5845199,-0.0011023103
69724000,0.44794422,-0.0013996619,-10.222631,0.03541804,1.5652599,-0.0018297613
69728000,0.4462853,0.0011672442,-10.1681595,0.03518827,1.5447893,-0.0014165876
69732000,0.44688177,-0.0034767634,-10.112659,0.03374997,1.5228937,-0.0019399988
69736000,0.45036334,-0.0023551083,-10.065793,0.03191858,1.4986124,-0.0018563401
69740000,0.44673672,-0.0015926453,-10.021558,0.030827701,1.4743385,-0.001867264
69744000,0.43929547,0.0013443375,-9.96678,0.030120296,1.4499698,-0.0026316026
69748000,0.43674594,0.007001972,-9.918274,0.029706774,1.4264998,-0.0023580873
69752000,0.43544593,0.0059751314,-9.88098,0.030179398,1.4024117,-0.0020851141
69756000,0.43762165,0.0047868085,-9.849173,0.029316982,1.3758336,-0.0018988297
69760000,0.44014284,-0.0014120797,-9.809553,0.028930465,1.3497031,-0.0023360625
69764000,0.4371841,7.410338e-06,-9.76712,0.027948959,1.3229425,-0.003279793
69768000,0.4246006,0.0044729346,-9.731796,0.026223723,1.2944415,-0.0031022618
69772000,0.4188208,0.0040816315,-9.700106,0.025765656,1.2656446,-0.0028886537
69776000,0.42098373,0.0004779162,-9.670398,0.023628183,1.2362318,-0.0032482445
69780000,0.42595857,0.0023165506,-9.63353,0.020806564,1.2071655,-0.0031781506
69784000,0.42613515,0.006867924,-9.6037855,0.020672739,1.1789556,-0.0030534004
69788000,0.41984266,0.0049694097,-9.577809,0.020985331,1.1516984,-0.0031365415
69792000,0.41776812,0.0056974473,-9.554502,0.020519476,1.1240494,-0.0029611797
69796000,0.41722763,0.007978624,-9.533867,0.020561274,1.0953114,-0.0030192598
69800000,0.41752845,0.005063942,-9.501684,0.020488584,1.0668464,-0.0032184783
69804000,0.41282672,0.0029363863,-9.472152,0.019350067,1.0379674,-0.0037888207
69808000,0.40794972,0.00646776,-9.453703,0.017484559,1.0078868,-0.00359117
69812000,0.4086048,0.004864367,-9.440448,0.016818793,0.9795867,-0.0036539303
69816000,0.408624,0.003958511,-9.426651,0.016480645,0.9509729,-0.0040709125
69820000,0.4086626,0.003371358,-9.4009495,0.015724227,0.92140174,-0.0038697117
69824000,0.41177028,0.00026114663,-9.3834915,0.014879863,0.893164,-0.003558484
69828000,0.41448414,0.004393432,-9.375528,0.014758801,0.8654996,-0.0027564382
69832000,0.4149879,0.0010157872,-9.367121,0.013868409,0.83873534,-0.0031104644
69836000,0.40766364,-0.0047489493,-9.356153,0.012639269,0.81237084,-0.0032401255
69840000,0.40123647,0.0018474736,-9.342844,0.012755257,0.7862592,-0.0028846692
69844000,0.40544322,0.0011828191,-9.335207,0.011149362,0.7599368,-0.0034913595
69848000,0.4128868,-0.0015618701,-9.320776,0.010065242,0.7323412,-0.004736058
69852000,0.4105044,0.00985555,-9.308629,0.010306059,0.7059649,-0.005018855
69856000,0.4068374,0.0097466,-9.305569,0.009030962,0.6797899,-0.004836608
69860000,0.41173363,0.0040147626,-9.2938385,0.008533671,0.65375674,-0.0045646145
69864000,0.4134488,0.008669983,-9.283285,0.007988783,0.6287533,-0.0046583703
69868000,0.40737787,0.0060804207,-9.28367,0.0071833683,0.60409886,-0.0054330663
69872000,0.40416825,0.0038104556,-9.28558,0.0066633592,0.58084136,-0.005399724
69876000,0.41206306,0.0025327755,-9.283473,0.0054185847,0.5583494,-0.0051616486
69880000,0.4189918,-0.00070574915,-9.275663,0.005494482,0.53513014,-0.0050962954
69884000,0.41844082,0.00389151,-9.279708,0.0062059336,0.51259625,-0.0044855387
69888000,0.41544273,0.009350344,-9.286902,0.0050799004,0.4905295,-0.0044297744
69892000,0.41760838,0.006843674,-9.280539,0.0040079267,0.46835977,-0.0049981284
69896000,0.4141777,0.0006206284,-9.27343,0.0039502424,0.4460308,-0.0049424917
69900000,0.40613154,0.0023466987,-9.28533,0.0035607552,0.4231372,-0.004762024
69904000,0.40864843,0.011099478,-9.295249,0.0023042115,0.40212303,-0.004348417
69908000,0.4169038,0.015297313,-9.293341,0.0011014951,0.38199413,-0.0048500686
69912000,0.41955394,0.0102884155,-9.291646,0.000902691,0.36276922,-0.0050786533
69916000,0.41058424,0.0019375816,-9.292812,0.0008748276,0.3426379,-0.0058855275
69920000,0.41078943,-0.003982034,-9.303958,0.0007317568,0.3227781,-0.0061034677
69924000,0.4120761,0.0010098341,-9.308411,-0.00010667584,0.3036936,-0.0046707005
69928000,0.41052216,0.011267068,-9.314642,-0.0009218732,0.28452152,-0.0049588648
69932000,0.41570333,0.0033129344,-9.318064,-0.0013990327,0.26659465,-0.004773241
69936000,0.41971153,0.0009192129,-9.321465,-0.0015628745,0.24855311,-0.004898026
69940000,0.4252129,0.0016877434,-9.337681,-0.002324433,0.23072687,-0.005255796
69944000,0.42710602,0.0015848868,-9.348134,-0.0029274053,0.21222688,-0.0045453245
69948000,0.42629898,0.0019590943,-9.35437,-0.0029673318,0.19396517,-0.0046153297
69952000,0.4318036,-0.0033796923,-9.36348,-0.0027998858,0.17733382,-0.0045865024
69956000,0.43025517,-0.0022699304,-9.36646,-0.0027082385,0.1609807,-0.0045080315
69960000,0.42938033,-0.0010286329,-9.368336,-0.002462405,0.14421436,-0.004130095
69964000,0.42456898,0.0029397407,-9.380212,-0.002042017,0.12862605,-0.004362038
69968000,0.4193082,0.0053671636,-9.388333,-0.0032935254,0.11372802,-0.0048052627
69972000,0.43039507,0.0035580252,-9.389939,-0.004269427,0.09828254,-0.0051798886
69976000,0.43931675,0.0029613338,-9.398579,-0.004977872,0.0830744,-0.0052968175
69980000,0.4353671,-0.0023493844,-9.408224,-0.005856496,0.068972304,-0.00420854
69984000,0.43555593,-0.009692388,-9.424864,-0.0059581883,0.054832626,-0.0044741337
69988000,0.44091034,-0.005522578,-9.438213,-0.0056956974,0.039926555,-0.005325687
69992000,0.43959785,-0.0014129083,-9.436129,-0.0057595954,0.025872154,-0.0043661254
69996000,0.44243598,-0.003836434,-9.440907,-0.006536031,0.012879197,-0.004216357
70000000,0.44834638,-0.0020230457,-9.456259,-0.0069451663,-0.00012574211,-0.0042084423
70004000,0.44521368,0.005694062,-9.469852,-0.0073627373,-0.013508915,-0.003946883
70008000,0.44242305,0.009013775,-9.474997,-0.007936261,-0.026303232,-0.0052025113
70012000,0.4489736,0.0067895195,-9.486607,-0.007931284,-0.03774233,-0.0057523935
70016000,0.44663644,0.006950274,-9.493138,-0.00719632,-0.048646003,-0.005726381
70020000,0.45050555,0.004725099,-9.498798,-0.0075186496,-0.061581615,-0.0054542893
70024000,0.4547255,0.0041723237,-9.517493,-0.008113507,-0.07445842,-0.0043275403
70028000,0.44811964,0.008609778,-9.530827,-0.008603996,-0.085743174,-0.0038141008
70032000,0.45010224,0.00855125,-9.540516,-0.009043294,-0.09617594,-0.004384131
70036000,0.44851202,0.007874586,-9.542841,-0.0081539415,-0.106627636,-0.0041610003
70040000,0.45186672,-0.00039151512,-9.545477,-0.008043626,-0.118137434,-0.004769419
70044000,0.4591556,-0.0021978696,-9.559839,-0.009067463,-0.12802137,-0.0051155565
70048000,0.4589179,0.0070687574,-9.574591,-0.010061693,-0.13822347,-0.0042545223
70052000,0.45370805,0.007965346,-9.577369,-0.010031927,-0.14909835,-0.004468404
70056000,0.46039826,0.0113744885,-9.5870285,-0.009083943,-0.15927184,-0.0048136297
70060000,0.46610087,0.009143168,-9.602148,-0.0087112365,-0.16885576,-0.004416902
70064000,0.46208203,0.0012637238,-9.612803,-0.008316111,-0.17796469,-0.0036693637
70068000,0.468808,-0.008029836,-9.630459,-0.007990582,-0.18755469,-0.002609692
70072000,0.47476023,-0.006724546,-9.640419,-0.008253589,-0.19619659,-0.0020919486
70076000,0.4767394,0.000142209,-9.644075,-0.008481329,-0.20455527,-0.0023540754
70080000,0.47928864,0.0009834985,-9.652346,-0.009570996,-0.21314977,-0.003284752
70084000,0.4783969,0.004071887,-9.667484,-0.0099499365,-0.22172746,-0.0047190087
70088000,0.47711298,0.0021579913,-9.67902,-0.008700786,-0.22990176,-0.0040594777
70092000,0.47679335,0.0028412645,-9.689795,-0.008563148,-0.23651361,-0.0031812827
70096000,0.47437465,0.0028894313,-9.705126,-0.008963913,-0.2435804,-0.0037522265
70100000,0.4843489,0.0020836287,-9.706424,-0.009317134,-0.25169304,-0.004173567
70104000,0.48990518,0.006010276,-9.716398,-0.009389112,-0.25871003,-0.0038215094
70108000,0.4827982,0.0041969507,-9.727723,-0.008575213,-0.26557457,-0.0034661014
70112000,0.4862656,-0.003004841,-9.735014,-0.009292262,-0.27327207,-0.002748378
70116000,0.48923498,-0.004070661,-9.750748,-0.010257786,-0.28004348,-0.0031310262
70120000,0.4840325,-0.0008896944,-9.763237,-0.009596817,-0.28600636,-0.0031481956
70124000,0.49196783,0.004501682,-9.770135,-0.009798244,-0.29220548,-0.00226562
70128000,0.49759045,0.005723897,-9.768932,-0.010922057,-0.29865983,-0.0017251614
70132000,0.49825746,0.0038700947,-9.774853,-0.0112247905,-0.30569178,-0.0024166477
70136000,0.5028125,0.0023422877,-9.792175,-0.011378654,-0.3118989,-0.0035180198
70140000,0.50489986,-0.0012061121,-9.799817,-0.010979216,-0.3175457,-0.0029956214
70144000,0.50148183,0.0006773515,-9.801872,-0.010013655,-0.32294297,-0.0026123822
70148000,0.5030019,0.0016436678,-9.805354,-0.010416499,-0.32779777,-0.0028597005
70152000,0.51197326,-0.00019649275,-9.820009,-0.011033895,-0.33203298,-0.0031831898
70156000,0.5080869,0.0041837892,-9.833321,-0.010374081,-0.3375607,-0.003106251
70160000,0.51214355,0.0049627842,-9.829159,-0.009632539,-0.34342986,-0.0022824148
70164000,0.5155238,0.0010615117,-9.833584,-0.010201165,-0.347856,-0.0010233354
70168000,0.5183078,-0.004129129,-9.848455,-0.0108288545,-0.35275656,-0.001516903
70172000,0.522038,0.00082751457,-9.864171,-0.010749634,-0.35758474,-0.0014493407
70176000,0.5202881,0.00042606794,-9.866435,-0.010476056,-0.36155385,-0.0012795203
70180000,0.52096677,-0.00052478403,-9.873768,-0.010380066,-0.36527336,-0.002287528
70184000,0.5216313,0.0036073348,-9.880497,-0.010017321,-0.37067446,-0.0026522907
70188000,0.522206,-0.0041449186,-9.8842945,-0.009449141,-0.3753332,-0.0020863002
70192000,0.52246106,-0.0033120757,-9.890602,-0.010723762,-0.37711573,-0.0018211809
70196000,0.5263188,0.0010181617,-9.893056,-0.010502906,-0.3796221,-0.0018882517
70200000,0.5306355,-0.0004358589,-9.898966,-0.010214775,-0.3838273,-0.0018275286
70204000,0.5359486,-0.00090898824,-9.909895,-0.011291411,-0.38710824,-0.00059378234
70208000,0.54213667,-0.00047994262,-9.920301,-0.011235147,-0.39047915,-0.000490011
70212000,0.53855884,-0.0023521143,-9.926371,-0.010702642,-0.39437556,-0.00096075813
70216000,0.5332329,0.0011024504,-9.933125,-0.011062265,-0.39708006,-0.00035525058
70220000,0.5414101,0.0032439912,-9.939646,-0.011626001,-0.40102562,-0.0005142815
70224000,0.5483575,-0.002076671,-9.948622,-0.011173891,-0.4043699,-0.0013385518
70228000,0.54734755,-0.0042234645,-9.954297,-0.010354269,-0.406115,-0.0018714591
70232000,0.55445755,0.0033622822,-9.960248,-0.009229769,-0.40822315,-0.0011926288
70236000,0.56002104,0.0037053467,-9.965736,-0.009226126,-0.40976968,-0.0009007264
70240000,0.55906945,0.00017783389,-9.968342,-0.009600975,-0.41236398,-0.0008482917
70244000,0.5592607,0.00039767593,-9.973056,-0.009829536,-0.41486812,-0.0009180004
70248000,0.56273496,0.0037551064,-9.971926,-0.009779255,-0.41654497,-0.0007644848
70252000,0.5690197,0.0013774848,-9.976872,-0.010080232,-0.41933134,-0.0006550148
70256000,0.564189,0.0034837406,-9.986929,-0.010282349,-0.42183432,-0.0008518984
70260000,0.56366074,0.008054361,-9.986897,-0.0097921025,-0.42320323,-0.0008781544
70264000,0.56709325,3.9926257e-05,-9.997623,-0.010369125,-0.4246201,-0.00071503955
70268000,0.56741863,-0.00045650158,-10.00326,-0.010955769,-0.42721906,-0.00013989826
70272000,0.5709416,3.435715e-05,-10.006008,-0.011430911,-0.428226,-0.00010430331
70276000,0.56935436,-0.0053920993,-10.01704,-0.010827012,-0.4286623,4.2292668e-05
70280000,0.567163,-0.00010896495,-10.019955,-0.010280438,-0.4304217,0.00028983774
70284000,0.5737787,0.003110036,-10.021771,-0.010541021,-0.43231815,-0.00035402723
70288000,0.5770096,-0.0001623337,-10.026604,-0.01105024,-0.4343386,-0.00017326548
70292000,0.57620156,0.0028253542,-10.035729,-0.010883149,-0.43644935,0.0006234292
70296000,0.57553226,0.00131911,-10.038164,-0.010061955,-0.43782228,0.000638239
70300000,0.5833734,0.0010099479,-10.030164,-0.010335388,-0.4378914,0.0013595758
70304000,0.5896239,0.000562335,-10.032843,-0.010430119,-0.43807214,0.0008256974
70308000,0.58665293,-0.0088717425,-10.036848,-0.009475937,-0.43777674,-0.0004797186
70312000,0.5915705,-0.009163398,-10.041609,-0.009009518,-0.43768582,0.0001948365
70316000,0.5901282,-0.0040552635,-10.0525255,-0.009347383,-0.43797117,0.0006313577
70320000,0.5873685,-0.0013250724,-10.060162,-0.009197478,-0.4385269,0.0005623934
70324000,0.59031117,-0.0013693668,-10.06699,-0.0091077,-0.43842763,-0.00037331178
70328000,0.59060377,-0.0021724093,-10.062323,-0.01058759,-0.43927932,-0.00048403876
70332000,0.59204423,-0.0050762086,-10.054398,-0.010979977,-0.44076753,0.0009186216
70336000,0.5977024,-0.006525141,-10.0599985,-0.010240422,-0.44082755,0.00065796316
70340000,0.60408187,-0.0018231145,-10.0650215,-0.010444409,-0.4415953,-0.00018420804
70344000,0.6014668,-0.0037665954,-10.067055,-0.010453331,-0.4417242,5.962768e-05
70348000,0.59889495,-0.0062396917,-10.072955,-0.00951103,-0.44118547,0.00043032918
70352000,0.59907794,-0.0038138574,-10.074503,-0.008894669,-0.44082382,0.0012373591
70356000,0.60399544,-0.0063313437,-10.078885,-0.009390986,-0.44012454,0.0011556266
70360000,0.60778165,-0.0078024277,-10.07963,-0.009494555,-0.44034323,0.0010677462
70364000,0.60927147,0.00199088,-10.081648,-0.008916031,-0.4399765,0.0011543295
70368000,0.6108522,0.0007508409,-10.0814295,-0.008460501,-0.43929058,0.0013934507
70372000,0.60850966,-0.0012021407,-10.082558,-0.00903239,-0.4396106,0.0023164654
70376000,0.6077616,0.0002915281,-10.08684,-0.009762008,-0.43904752,0.0021453004
70380000,0.6142669,-0.00053258723,-10.090069,-0.009740442,-0.43827567,0.001683169
70384000,0.6263351,-0.00031394814,-10.092438,-0.008977244,-0.4374514,0.0012793653
70388000,0.62725806,0.0016874044,-10.088871,-0.008404238,-0.4357292,0.0015259524
70392000,0.62131774,0.0032086507,-10.090878,-0.007826185,-0.43383676,0.0013784504
70396000,0.6207282,0.00011278922,-10.096199,-0.007865192,-0.4324202,0.0007073198
70400000,0.62646925,-0.0026775757,-10.099432,-0.0079125445,-0.43183732,0.0009844241
70404000,0.6289031,0.00037675918,-10.100185,-0.007873708,-0.43132746,0.00073688576
70408000,0.6258923,0.00028418188,-10.09713,-0.008134256,-0.43071526,0.0009070198
70412000,0.62899077,-0.0032798124,-10.097887,-0.0076045487,-0.43054783,0.002473206
70416000,0.6368072,-0.003803159,-10.102022,-0.0074859224,-0.42939764,0.0024510932
70420000,0.63392985,-0.006757571,-10.100464,-0.008089099,-0.42786297,0.0014019421
70424000,0.6307409,-0.009237057,-10.100587,-0.007574579,-0.42713732,0.0008295481
70428000,0.62741864,-0.010950157,-10.106546,-0.0061540534,-0.42576557,0.0010366853
70432000,0.6292404,-0.0050380817,-10.10555,-0.006371836,-0.42417744,0.0018147891
70436000,0.64221644,0.0008477551,-10.1034355,-0.007166665,-0.42265338,0.0020411946
70440000,0.64343977,-0.0017094779,-10.105294,-0.006912182,-0.42131466,0.0019629665
70444000,0.6406375,-0.0032271286,-10.101394,-0.006522754,-0.42076853,0.002172914
70448000,0.64375865,-0.0020558545,-10.097929,-0.00607235,-0.41920513,0.0023975384
70452000,0.64525133,0.0016175703,-10.096861,-0.0046823113,-0.4181893,0.0024608008
70456000,0.6474859,-0.0032530709,-10.104192,-0.0050464976,-0.41720986,0.0014826506
70460000,0.6498997,-0.01070538,-10.111074,-0.0059889653,-0.4147189,0.001406804
70464000,0.6526789,-0.012464468,-10.108187,-0.005532313,-0.41313756,0.0028150144
70468000,0.6507509,-0.005964173,-10.104509,-0.0046933307,-0.41169077,0.0021545908
70472000,0.648808,-0.0048716175,-10.108482,-0.0047010356,-0.41017032,0.001100757
70476000,0.65736645,-0.0026518584,-10.106028,-0.005325136,-0.40844744,0.0013562507
70480000,0.6557778,0.00011085407,-10.105696,-0.0055222483,-0.40583408,0.0014088914
70484000,0.653727,-0.0071533783,-10.104023,-0.0064544077,-0.40405965,0.0012885015
70488000,0.65790045,-0.003105217,-10.1004,-0.006744113,-0.40237397,0.0017821571
70492000,0.6585767,-0.005872009,-10.105481,-0.0060933796,-0.40050137,0.0025784662
70496000,0.6597363,-0.0072798207,-10.101271,-0.0044254456,-0.39850804,0.002319646
70500000,0.6599622,-0.0070557813,-10.090467,-0.0033979889,-0.3969026,0.0015828873
70504000,0.65945405,-0.003627739,-10.094034,-0.0033890486,-0.39525172,0.002552316
70508000,0.6580442,0.0004693704,-10.102898,-0.004204937,-0.39302427,0.003550975
70512000,0.6647427,-0.0041077556,-10.0949135,-0.0046171607,-0.3915071,0.0029149773
70516000,0.66681767,0.0008248374,-10.09082,-0.0039899047,-0.39050454,0.002575881
70520000,0.6619308,-0.003909253,-10.091946,-0.0038692947,-0.38825518,0.0019995202
70524000,0.6670252,-0.012061901,-10.093811,-0.0032298316,-0.38527602,0.0014826297
70528000,0.67011386,-0.006045127,-10.094288,-0.0024698342,-0.38371104,0.0015005103
70532000,0.66600454,-0.010052055,-10.089775,-0.002129044,-0.38211766,0.0013892842
70536000,0.6674273,-0.0053424523,-10.082107,-0.0023722602,-0.38115352,0.0017149847
70540000,0.6691911,-0.004521478,-10.080591,-0.0026370175,-0.3792137,0.0014480579
70544000,0.6763798,-0.013132419,-10.087618,-0.0025096778,-0.37710923,0.0018139194
70548000,0.67967534,-0.008744799,-10.086954,-0.0021451542,-0.37532505,0.002299184
70552000,0.677366,-0.012537437,-10.086548,-0.0024309198,-0.37311202,0.0010815503
70556000,0.6806109,-0.012952885,-10.091248,-0.0018912137,-0.36998633,0.0014991882
70560000,0.67536104,-0.011809276,-10.085236,-0.0014831361,-0.36631453,0.0022531624
70564000,0.6790069,-0.006343176,-10.077084,-0.001856165,-0.36427855,0.001583722
70568000,0.683887,-0.0014278,-10.077922,-0.0015427928,-0.36230224,0.0016244852
70572000,0.68177927,-0.01114498,-10.080093,-0.0016102558,-0.36031026,0.0022909483
70576000,0.6817716,-0.007700054,-10.076232,-0.0015932291,-0.35894394,0.0022660075
70580000,0.6868484,-0.003017705,-10.075358,-0.0008566702,-0.35618335,0.0017257871
70584000,0.690837,-0.013324084,-10.071936,-0.00043583286,-0.35327825,0.0017705939
70588000,0.68687224,-0.016134035,-10.070554,-0.001047387,-0.35141158,0.0014590845
70592000,0.6886964,-0.0039662677,-10.070049,-0.0003605585,-0.34865433,0.0014370817
70596000,0.69137704,-0.00019543889,-10.064237,0.0006694198,-0.34655422,0.001213584
70600000,0.6989274,-0.0072936807,-10.072706,0.0005698251,-0.3447063,0.0013117993
70604000,0.70224106,-0.008161671,-10.069855,0.0007732985,-0.34249598,0.0021160939
70608000,0.6965024,-0.0073674456,-10.061869,0.0012439217,-0.33991528,0.0018485005
70612000,0.696766,-0.005431022,-10.063095,0.0009880828,-0.3383817,0.00224758
70616000,0.70496196,-0.0036133456,-10.05883,0.0010093694,-0.3363753,0.0031725375
70620000,0.710405,-0.004305211,-10.054108,0.0015858288,-0.33393914,0.0033792183
70624000,0.70397925,-0.010829472,-10.053219,0.0014436542,-0.33074653,0.003116053
70628000,0.7013737,-0.011348535,-10.053772,0.0016719997,-0.32764235,0.0018232347
70632000,0.6924575,-0.0011783314,-10.052878,0.002191409,-0.32493013,0.0014693362
70636000,0.69039375,0.0009160926,-10.047063,0.0027964883,-0.32238895,0.0018929343
70640000,0.70119894,-0.0047716103,-10.047217,0.0035257896,-0.3207965,0.0028946018
70644000,0.7051666,-0.007638868,-10.051893,0.0029809193,-0.3173322,0.0028365226
70648000,0.7040942,-0.0069116163,-10.04867,0.0022384203,-0.31481925,0.0019433667
70652000,0.699116,-0.0055243806,-10.038133,0.0017093832,-0.31271183,0.0019330941
70656000,0.7003825,-0.005574887,-10.036269,0.001745991,-0.30972034,0.0017717727
70660000,0.7026696,-0.0072151404,-10.043108,0.0026065018,-0.30692512,0.0018690856
70664000,0.69885176,-0.007156384,-10.04089,0.002579982,-0.305333,0.0021556364
70668000,0.7008029,-0.0037817368,-10.036605,0.0025094245,-0.30309165,0.0025296467
70672000,0.70528185,-0.0037938638,-10.034196,0.002610762,-0.29946774,0.0021334384
70676000,0.7079356,-0.0008089764,-10.028027,0.0026673686,-0.2969151,0.001730782
70680000,0.70477605,0.0015555167,-10.020027,0.0025508504,-0.29424965,0.0020366027
70684000,0.70392466,-0.0021006481,-10.0229435,0.0023642147,-0.29212844,0.0020112281
70688000,0.70932925,0.00088289723,-10.022003,0.0035587142,-0.28993022,0.0021712813
70692000,0.7074131,-0.0060876096,-10.014936,0.004868989,-0.2876276,0.001518904
70696000,0.71205974,-0.015557677,-10.014488,0.004524187,-0.28598896,0.00044706685
70700000,0.7126094,-0.010822553,-10.014328,0.004353742,-0.28424314,0.0005579188
70704000,0.70820594,-0.009027822,-10.013395,0.004812134,-0.28203613,0.0014708434
70708000,0.70953906,-0.006367695,-10.015961,0.0047666794,-0.27919656,0.0010290607
70712000,0.7135406,-0.003842335,-10.018278,0.0043919114,-0.27553326,0.00037655086
70716000,0.72011435,-0.010126726,-10.01322,0.004114833,-0.27257055,0.001570655
70720000,0.72184956,-0.0068000928,-10.007016,0.0040516076,-0.2703395,0.0018151079
70724000,0.7227546,-0.0055929194,-10.004056,0.003433737,-0.26747704,0.0018337894
70728000,0.7236861,-0.0059132143,-10.01226,0.0033950948,-0.2644989,0.0014210013
70732000,0.7215822,-0.0038802677,-10.010302,0.004214057,-0.26166487,0.00084801327
70736000,0.7193572,-0.01010586,-10.000317,0.0041864403,-0.25958943,0.0005909277
70740000,0.7221885,-0.011582856,-9.998259,0.003962089,-0.2574005,0.0009001141
70744000,0.7223599,-0.0056357677,-9.994032,0.0047486057,-0.25577575,0.0012558281
70748000,0.7211112,-0.004408278,-9.994713,0.005017975,-0.2532171,0.0014016747
70752000,0.72352123,-0.01125768,-9.993031,0.004445227,-0.25017497,0.0014025054
70756000,0.72739923,-0.010006027,-9.991236,0.0041105137,-0.24791566,0.0016394102
70760000,0.72788644,-0.0017568056,-9.991327,0.003713927,-0.24555041,0.0011822572
70764000,0.7282082,-0.0046578706,-9.9920635,0.003265233,-0.24406123,0.00079699577
70768000,0.73081076,-0.012381861,-9.986649,0.003062631,-0.2435182,0.00070655224
70772000,0.73010695,-0.008175989,-9.979389,0.003560063,-0.24176988,7.8247656e-05
70776000,0.7277168,-0.0011568326,-9.978399,0.0045663803,-0.23887148,0.0008362023
70780000,0.72584975,-0.008450871,-9.978809,0.00507886,-0.23650594,0.0014013282
70784000,0.72368544,-0.01233672,-9.98477,0.004857525,-0.2340895,0.0014252946
70788000,0.7266613,-0.0109247975,-9.989677,0.0043437653,-0.23183638,0.0013748273
70792000,0.7330214,-0.011920401,-9.9834175,0.0040560747,-0.22956887,0.0011257794
70796000,0.7352315,-0.012306125,-9.972346,0.0034310545,-0.22661534,0.0013946327
70800000,0.7335731,-0.008877435,-9.959971,0.003987782,-0.22393021,0.002146983
70804000,0.7283261,-0.007970168,-9.964062,0.005307565,-0.22191969,0.0025461048
70808000,0.7283776,-0.013255399,-9.966908,0.0056112222,-0.2198675,0.001679438
70812000,0.73405707,-0.008216653,-9.959474,0.0050715273,-0.21714437,0.0010157126
70816000,0.7345006,-0.014534393,-9.969404,0.0038115184,-0.21395989,0.0012746761
70820000,0.73103595,-0.024488235,-9.968193,0.004453759,-0.21187243,0.00072925334
70824000,0.73330915,-0.010533738,-9.957626,0.0056888387,-0.21058053,0.00032468987
70828000,0.7308856,-0.001979267,-9.960357,0.005076832,-0.20849437,0.00049314334
70832000,0.73079145,-0.010019572,-9.960621,0.0040537543,-0.20712441,0.00027575495
70836000,0.7283913,-0.013351152,-9.959112,0.0043136594,-0.20589222,0.0010864412
70840000,0.7275438,-0.0064343084,-9.958826,0.00472064,-0.20277187,0.0025980223
70844000,0.73348415,-0.0018321442,-9.953207,0.0037649116,-0.20046178,0.0025611396
70848000,0.7388894,-0.007838,-9.952644,0.0035517742,-0.19881642,0.0014296427
70852000,0.7395075,-0.010023441,-9.957436,0.0037897879,-0.19502947,0.0012537419
70856000,0.7355195,-0.011775056,-9.954863,0.0027600732,-0.19149679,0.0011346765
70860000,0.7330207,-0.005727166,-9.944141,0.003467125,-0.19016787,0.0007808854
70864000,0.7393398,-0.0008478932,-9.942103,0.005091404,-0.188952,0.0012196618
70868000,0.73711014,-0.011467201,-9.939985,0.004551868,-0.18719026,0.00089220057
70872000,0.7337438,-0.0107526565,-9.938966,0.003782067,-0.18526511,0.00067472603
70876000,0.7417129,-0.004953177,-9.945532,0.0036858239,-0.183324,0.00015653527
70880000,0.7426326,-0.00965047,-9.944515,0.0040788534,-0.18210524,-0.00069390633
70884000,0.74672866,-0.008248167,-9.937508,0.004566357,-0.18075028,4.9094673e-05
70888000,0.7490245,-0.0035783106,-9.936457,0.0048547387,-0.17898434,0.0008326631
70892000,0.7448,-0.009161702,-9.938307,0.004166878,-0.17573443,0.00086088694
70896000,0.74345815,-0.007863521,-9.9345255,0.003834075,-0.17312038,0.0019733028
70900000,0.7437302,-0.0034648424,-9.936253,0.0046810484,-0.17160393,0.0017346026
70904000,0.7423729,-0.0057206233,-9.93952,0.0052123964,-0.1689589,0.00066599314
70908000,0.74020046,-0.003134015,-9.939346,0.004440348,-0.16708511,0.00046577063
70912000,0.74049747,-0.009182722,-9.936989,0.0033954144,-0.16496536,0.0011985331
70916000,0.75113475,-0.012391243,-9.928239,0.0030685063,-0.1634303,0.0010240674
70920000,0.7521615,-0.01680317,-9.9312935,0.0032402521,-0.16362992,0.00022069176
70924000,0.7428077,-0.015209851,-9.933706,0.003491137,-0.16174175,0.0011898985
70928000,0.7394465,-0.008348824,-9.92614,0.0031657303,-0.15794744,0.0019269758
70932000,0.74531186,-0.014434776,-9.925623,0.0034056548,-0.15609953,0.0009653193
70936000,0.75447977,-0.016996272,-9.9343195,0.0042074146,-0.15441814,0.0001133022
70940000,0.75475657,-0.012425276,-9.936487,0.0036371178,-0.15236343,0.00082460657
70944000,0.7494662,-4.6293586e-05,-9.932856,0.00270328,-0.15122488,0.00061244547
70948000,0.7497494,0.00054577185,-9.928959,0.0026257003,-0.15004846,0.00047103222
70952000,0.75223726,-0.008351944,-9.9183,0.002502227,-0.14782535,0.00018318322
70956000,0.75131124,-0.011788784,-9.916536,0.0022551913,-0.14570224,-9.087253e-05
70960000,0.7536868,-0.013074523,-9.919283,0.002748967,-0.14413738,0.00093922863
70964000,0.7509155,-0.0071138786,-9.91913,0.0031394802,-0.14191943,0.00019590155
70968000,0.74721456,-0.003078611,-9.921484,0.0026973083,-0.13969809,1.784011e-05
70972000,0.7485995,-0.0072120437,-9.91637,0.0031405545,-0.13854995,0.001193892
70976000,0.75398374,-0.0030241802,-9.910026,0.0030366455,-0.13702402,0.00039734552
70980000,0.760577,-0.002656002,-9.911049,0.0026013446,-0.13373727,0.00013544351
70984000,0.76771784,-0.0068407035,-9.9110775,0.0023644501,-0.13206115,0.000603867
70988000,0.7648629,-0.007515722,-9.914147,0.0024800387,-0.13170633,0.0010891403
70992000,0.75989205,-0.0060578664,-9.919294,0.0027589821,-0.12978452,0.0010563767
70996000,0.7561921,-0.0010894607,-9.91635,0.0029374168,-0.12768802,0.001051554
71000000,0.7581549,-0.010999291,-9.907555,0.0031686916,-0.12738734,0.0013761612
71004000,0.7650293,-0.01830247,-9.910164,0.0018085646,-0.12572417,0.0008531674
71008000,0.76759094,-0.010859951,-9.909475,0.001698743,-0.12301805,0.00030358438
71012000,0.7674302,-0.009492849,-9.907345,0.0020716155,-0.12251254,0.0006386678
71016000,0.7533291,-0.017321834,-9.906994,0.002446125,-0.12126222,0.00068643276
71020000,0.75135905,-0.013996283,-9.902733,0.0027278003,-0.119270205,-2.014689e-05
71024000,0.7521624,-0.012606344,-9.898451,0.0017469364,-0.11653325,0.000763749
71028000,0.75465584,-0.012324073,-9.897118,0.0016582245,-0.114742436,-8.147995e-05
71032000,0.76539147,-0.004889769,-9.905794,0.0020558774,-0.11478653,-0.0010106685
71036000,0.7622093,-0.010787287,-9.905106,0.002026068,-0.11309543,-0.00054199935
71040000,0.7623278,-0.012233238,-9.907436,0.0016669726,-0.111692004,0.00077467115
71044000,0.76984924,-0.0096998075,-9.904647,0.001469072,-0.11104381,0.00040556298
71048000,0.77006906,-0.016078819,-9.895392,0.00096438575,-0.10907953,-0.0010141985
71052000,0.767942,-0.013480788,-9.891989,0.0006350789,-0.10704294,0.00012043967
71056000,0.7699018,-0.0099124275,-9.893644,0.00097222195,-0.10500418,0.0014145849
71060000,0.77330196,-0.01354774,-9.902409,0.0021441374,-0.10412574,0.001443397
71064000,0.7654936,-0.015224159,-9.901608,0.0033424697,-0.102784865,0.00067242037
71068000,0.7572794,-0.014931414,-9.896738,0.0034243066,-0.10069968,7.4995805e-05
71072000,0.764463,-0.0132985385,-9.899042,0.002790952,-0.09965183,-0.00081347063
71076000,0.77046657,-0.010001259,-9.894393,0.0017646381,-0.09796323,-0.00049192837
71080000,0.76315,-0.007390832,-9.897017,0.001848731,-0.096519805,-0.00017125362
71084000,0.7645484,-0.010654568,-9.904792,0.0011688233,-0.095267154,-0.0011821698
71088000,0.76712227,-0.0092555955,-9.8909445,0.0011867834,-0.09359793,-0.00023744386
71092000,0.76813143,-0.011699216,-9.883201,0.0013703003,-0.09231679,0.00082706066
71096000,0.77290606,-0.010114266,-9.892044,0.0008942585,-0.09126944,-0.00015201462
71100000,0.77066433,-0.004217647,-9.897528,0.00077481347,-0.090426,0.00017782823
71104000,0.7650978,-0.009550718,-9.894375,0.00053081516,-0.08855217,0.00066314056
71108000,0.7649768,-0.0079981405,-9.884348,0.0009263709,-0.086841434,5.3383334e-05
71112000,0.7746096,-0.013349569,-9.879188,0.0003767743,-0.086899064,-0.0001825293
71116000,0.7721961,-0.02104068,-9.888801,-0.0002774897,-0.086617716,-7.4563606e-05
71120000,0.7635087,-0.017825227,-9.890991,-0.0014933322,-0.08487402,-0.0005812542
71124000,0.7692884,-0.008780633,-9.880683,-0.0010948876,-0.08214931,4.956731e-05
71128000,0.77767545,-0.0035960432,-9.881676,0.00075601763,-0.08100413,0.0010706806
71132000,0.7717484,-0.0068783667,-9.883196,0.0002117229,-0.081214696,0.00082208245
71136000,0.77446896,-0.008632317,-9.881275,-0.0009345053,-0.07904252,2.1629203e-05
71140000,0.77293825,-0.011987625,-9.883436,-0.0009773115,-0.07683592,-0.00082684227
71144000,0.7736163,-0.00971442,-9.884296,-3.171348e-05,-0.07573853,-0.0006629553
71148000,0.7749984,-0.011235573,-9.882335,0.00077507534,-0.07423413,0.00017918774
71152000,0.7683843,-0.017488165,-9.877741,0.0003133365,-0.073273316,0.00041503922
71156000,0.77031827,-0.014701276,-9.87813,-0.00021856332,-0.07245818,-0.0003072054
71160000,0.76986533,-0.012539357,-9.880114,5.4578348e-05,-0.07184747,0.00044426532
71164000,0.77142763,-0.011149493,-9.880501,-0.0001964336,-0.07050373,0.0014959584
71168000,0.77057046,-0.010788892,-9.883088,-0.00039108447,-0.069999054,0.00065494276
71172000,0.76686466,-0.01450735,-9.879138,3.9611146e-05,-0.069848076,-0.0005257083
71176000,0.77183807,-0.008343041,-9.878258,-0.00037633997,-0.068546616,-0.0014180058
71180000,0.7726782,-0.0070459316,-9.881059,3.5370973e-05,-0.06721267,-0.0007871704
71184000,0.7730107,-0.009972794,-9.879458,5.679556e-05,-0.065392815,-0.0008807121
71188000,0.77678597,-0.013505383,-9.878673,-0.0007639912,-0.06486578,-0.0009304501
71192000,0.7792767,-0.014148077,-9.872157,-0.0010483727,-0.06460531,-0.00049949624
71196000,0.7763763,-0.012543192,-9.862827,-0.00040546394,-0.06367126,-0.0011287682
71200000,0.77137506,-0.010336092,-9.855338,-0.00024404263,-0.0619997,-0.0011280709
71204000,0.7744359,-0.0059649814,-9.858561,-0.0013427575,-0.06027659,-0.00025957366
71208000,0.7660004,-0.009838424,-9.861177,-0.0015410902,-0.059006266,0.00025319745
71212000,0.7689446,-0.012027557,-9.8636265,-0.00074289,-0.057724945,-0.00014593154
71216000,0.78102946,-0.014733732,-9.870991,-0.0009576894,-0.057278953,0.00014365872
71220000,0.78147286,-0.009218694,-9.866646,-0.001126062,-0.05698564,0.00028343886
71224000,0.7750405,-0.0070805824,-9.864645,-3.0646875e-06,-0.056214407,-0.0003962947
71228000,0.7705572,-0.015075726,-9.864004,-0.00056880974,-0.054569438,-0.0004645909
71232000,0.7743332,-0.0186459,-9.861653,-0.0009031243,-0.053990103,-0.00031128086
71236000,0.77868927,-0.02155541,-9.862779,-0.00086377846,-0.05278593,-0.00040849493
71240000,0.77508867,-0.017978497,-9.8594,-0.0010304791,-0.050725922,-0.0005412014
71244000,0.77108634,-0.0020884357,-9.851185,-0.0011008357,-0.050128788,-0.00040964078
71248000,0.77444494,-0.0043055904,-9.852932,-0.0013797454,-0.050100174,1.9227416e-05
71252000,0.78153515,-0.016634107,-9.862646,-0.001711437,-0.049055483,-0.00015346575
71256000,0.78055817,-0.011873862,-9.858956,-0.0016987658,-0.048032716,0.0006531124
71260000,0.7792748,-0.009116872,-9.855478,-0.0021311408,-0.048661,0.0013801643
71264000,0.78098583,-0.0132318465,-9.859186,-0.0035831076,-0.046932086,0.00067625387
71268000,0.7784666,-0.016142678,-9.858961,-0.0034078287,-0.04504697,7.642219e-05
71272000,0.78177345,-0.012970838,-9.857637,-0.0027675075,-0.04618728,0.00081581203
71276000,0.78324604,-0.016405959,-9.852818,-0.002651809,-0.04614075,0.0012480532
71280000,0.7807492,-0.018429836,-9.854164,-0.002214028,-0.044670388,0.00051983516
71284000,0.77667236,-0.014030096,-9.860115,-0.0018499384,-0.04448475,0.0005311318
71288000,0.7774104,-0.014594752,-9.85501,-0.002235667,-0.044811614,0.00095227134
71292000,0.77705216,-0.021177072,-9.857109,-0.002389051,-0.04410857,-0.00012085802
71296000,0.77572536,-0.019168995,-9.859478,-0.002425226,-0.042741783,-0.0019808055
71300000,0.782743,-0.0114701325,-9.847917,-0.0023864897,-0.041296463,-0.0014366495
71304000,0.78317386,-0.010503514,-9.849472,-0.0025019408,-0.03998687,-0.000741855
71308000,0.77673924,-0.009016847,-9.858173,-0.002616272,-0.03936671,-0.0006586814
71312000,0.7806334,-0.0069309734,-9.855187,-0.002627911,-0.038002864,-0.0010494038
71316000,0.78033006,-0.0053227926,-9.854826,-0.003422311,-0.036506467,-0.0014896983
71320000,0.7750517,-0.0051085027,-9.848068,-0.0040897056,-0.03696445,1.0512035e-05
71324000,0.7805836,-0.013628469,-9.842173,-0.0032752436,-0.03590866,0.00079566985
71328000,0.7777053,-0.01692607,-9.848892,-0.0029398564,-0.034141645,0.00078835554
71332000,0.7810385,-0.008943193,-9.858456,-0.0028910213,-0.03380926,0.0009069639
71336000,0.77988124,-0.0077781524,-9.856638,-0.0025862004,-0.034136467,0.00032168324
71340000,0.77589244,-0.011114947,-9.8524685,-0.003026795,-0.03363183,-0.00016094078
71344000,0.7807893,-0.015388163,-9.851878,-0.0034794528,-0.03222853,0.0004656324
71348000,0.7783356,-0.016915953,-9.848294,-0.0036480147,-0.031797834,0.00040893463
71352000,0.7739252,-0.017121071,-9.855015,-0.0034341307,-0.03191533,-0.00033967776
71356000,0.7718098,-0.012973143,-9.851397,-0.0032865764,-0.03065157,-0.00055674755
71360000,0.7785001,-0.013032945,-9.849297,-0.0033160432,-0.029657397,-0.0006435809
71364000,0.78182006,-0.015149718,-9.849968,-0.0039347312,-0.028401537,6.951262e-05
71368000,0.78347737,-0.013124101,-9.85076,-0.0040240386,-0.02778117,0.0002944216
71372000,0.78591764,-0.016770326,-9.850178,-0.004255188,-0.028329872,-5.8441103e-05
71376000,0.7832068,-0.018643389,-9.848352,-0.0049682315,-0.027449042,4.552857e-05
71380000,0.78285086,-0.011746321,-9.850111,-0.0045945067,-0.027577657,0.00038873413
71384000,0.78366345,-0.009498335,-9.8528385,-0.004671973,-0.028033938,0.00020543713
71388000,0.7751787,-0.013840542,-9.849039,-0.004716141,-0.027742172,-0.0008048115
71392000,0.77584994,-0.012604756,-9.846259,-0.0047874097,-0.027519267,-0.0006966843
71396000,0.7845885,-0.008928969,-9.853261,-0.0051644007,-0.026682219,0.00057235407
71400000,0.7792502,-0.015157255,-9.851821,-0.0044273622,-0.025607174,-0.0003212163
71404000,0.78042054,-0.016990352,-9.849266,-0.003722128,-0.025268573,-4.15726e-05
71408000,0.7871647,-0.018207725,-9.84787,-0.004400626,-0.02485898,0.00102574
71412000,0.7882863,-0.021790098,-9.848785,-0.005347705,-0.024297604,-0.00011476834
71416000,0.7811854,-0.01582598,-9.8472395,-0.0047915014,-0.023204546,-0.00037255563
71420000,0.7769554,-0.017479464,-9.846548,-0.0036739847,-0.022144899,-0.000110236986
71424000,0.7867254,-0.017710308,-9.846809,-0.0038642692,-0.021970183,-0.0005693569
71428000,0.78951406,-0.012202023,-9.846998,-0.004872439,-0.02103686,-0.0007628918
71432000,0.7845088,-0.0038680614,-9.847115,-0.005284278,-0.019555312,-0.00034944667
71436000,0.7794708,-0.005976184,-9.8463955,-0.0058944505,-0.019311812,-0.00019874776
71440000,0.7796372,-0.015113505,-9.843128,-0.00522366,-0.019735808,-0.0010024355
71444000,0.7861798,-0.015772836,-9.844547,-0.0052037523,-0.019200325,-0.0014834194
71448000,0.7878144,-0.012022265,-9.842676,-0.005573968,-0.018619262,-0.0012322932
71452000,0.78297937,-0.010688675,-9.829317,-0.0051313867,-0.019538114,-0.0019361471
71456000,0.78061277,-0.01859975,-9.839197,-0.005117929,-0.019243756,-0.0013391945
71460000,0.7826814,-0.022466078,-9.852631,-0.0040866598,-0.017970113,-0.0003115521
71464000,0.7870767,-0.012678794,-9.842535,-0.003990494,-0.018113457,-0.00049184845
71468000,0.78791916,-0.008466644,-9.833625,-0.0049290215,-0.017724875,-0.00023844151
71472000,0.78872395,-0.010073733,-9.83728,-0.004979698,-0.017226843,-0.0010396137
71476000,0.79428494,-0.008672489,-9.845016,-0.0059703644,-0.016979003,-0.0005305566
71480000,0.7896188,-0.011283287,-9.845929,-0.006689413,-0.016520303,0.0014030186
71484000,0.7840735,-0.017994376,-9.846918,-0.0061379476,-0.016434612,0.00023748644
71488000,0.7895317,-0.018929873,-9.8495865,-0.0065339264,-0.015775844,-0.00037876083
71492000,0.79195356,-0.02401442,-9.840567,-0.00604208,-0.0148172835,0.00014596009
71496000,0.79039156,-0.026171608,-9.840471,-0.0054240753,-0.01421234,-0.0010321256
71500000,0.78578246,-0.015198464,-9.842575,-0.0051924824,-0.014266277,-0.0017107057
71504000,0.7877983,-0.014596209,-9.837431,-0.0050250036,-0.014405851,-0.0010219913
71508000,0.7926531,-0.014273978,-9.841269,-0.0060362355,-0.0131806955,-0.0010543165
71512000,0.7914094,-0.011766372,-9.840525,-0.0067079086,-0.01321308,-0.0014601005
71516000,0.7902304,-0.012269764,-9.836248,-0.0064403224,-0.013264389,-0.0009945255
71520000,0.7860378,-0.010450898,-9.834572,-0.0067441864,-0.012786202,-0.000975272
71524000,0.790544,-0.009140548,-9.835676,-0.006897768,-0.01339327,-0.00082836265
71528000,0.7974374,-0.011355326,-9.837487,-0.005416336,-0.012991004,-0.00034916544
71532000,0.7950832,-0.016348258,-9.8397255,-0.0046819854,-0.012232343,-0.00019266676
71536000,0.79053795,-0.021065226,-9.8328,-0.005674931,-0.011400683,-3.0491909e-05
71540000,0.7850132,-0.0127050895,-9.830772,-0.0063028214,-0.010302825,0.00053040794
71544000,0.784894,0.0010388979,-9.838421,-0.0057863607,-0.0099953,0.0004172074
71548000,0.78999585,-0.011290689,-9.83761,-0.0055325003,-0.010622488,-0.00034280412
71552000,0.7964296,-0.023524309,-9.834019,-0.0052466234,-0.010371668,-0.0006992573
71556000,0.7959917,-0.019333996,-9.83041,-0.005546936,-0.00996205,-0.0006216565
71560000,0.79501176,-0.00791468,-9.825356,-0.00595637,-0.009903553,-0.00096466474
71564000,0.7919998,-0.009215332,-9.830325,-0.005374462,-0.008921181,-0.0014660517
71568000,0.7867474,-0.013590519,-9.839849,-0.0050165015,-0.00848526,-0.00069474155
71572000,0.7903764,-0.010349839,-9.83395,-0.0051728105,-0.0085848095,-0.0001299101
71576000,0.79283553,-0.015861481,-9.824711,-0.005098734,-0.00787031,-4.2408425e-05
71580000,0.7917293,-0.016606,-9.8323,-0.004830644,-0.007879951,0.0002838267
71584000,0.79483336,-0.014596076,-9.835674,-0.005459409,-0.00730142,0.0003891086
71588000,0.7992054,-0.016567627,-9.822897,-0.006467874,-0.0067396425,0.0002586385
71592000,0.7985327,-0.017645236,-9.823637,-0.0058390335,-0.00710105,6.943974e-05
71596000,0.794603,-0.008966962,-9.8265085,-0.0051164106,-0.007780377,0.000108780376
71600000,0.794296,-0.004409321,-9.823702,-0.0058641643,-0.0059212274,0.0006924629
71604000,0.7895142,-0.01053451,-9.828699,-0.006471918,-0.0054268446,0.0010959201
71608000,0.7885524,-0.015225953,-9.827847,-0.0062689404,-0.006713505,0.0007448432
71612000,0.7935194,-0.017234067,-9.823952,-0.006444093,-0.0062285718,0.0001271552
71616000,0.790746,-0.017690431,-9.825258,-0.0063539636,-0.0064522238,-0.0004885371
71620000,0.79095376,-0.014742633,-9.835173,-0.0063983896,-0.0061087464,0.0001140438
71624000,0.7920706,-0.012837221,-9.83862,-0.007127518,-0.0056648953,0.0008464645
71628000,0.7973271,-0.011751604,-9.833974,-0.0072911796,-0.004227281,0.00059561594
71632000,0.7958834,-0.013742926,-9.831377,-0.006424271,-0.004117588,0.00026830295
71636000,0.7879399,-0.020292273,-9.8351965,-0.0064851195,-0.004297069,3.8545368e-05
71640000,0.7872536,-0.021513347,-9.840565,-0.005920106,-0.0034730104,0.00015709836
71644000,0.7927592,-0.020164827,-9.839458,-0.0047423765,-0.0029515764,6.914869e-05
71648000,0.79409707,-0.017826455,-9.835453,-0.006162224,-0.0029950992,0.00019066407
71652000,0.79442215,-0.022894278,-9.827503,-0.0056676073,-0.0021463805,0.00016816618
71656000,0.79213685,-0.021698147,-9.826727,-0.00529809,-0.0015785923,9.129881e-05
71660000,0.7928283,-0.019772802,-9.823329,-0.005241593,-0.002191887,0.0006654385
71664000,0.79655844,-0.02116156,-9.826431,-0.0048111896,-0.0024638053,0.00023567697
71668000,0.79706,-0.015478348,-9.834748,-0.0054818564,-0.0028320292,-0.00018048126
71672000,0.796608,-0.010100438,-9.829234,-0.0053186095,-0.0026816046,-0.0005837419
71676000,0.79352295,-0.00652826,-9.82944,-0.005474551,-0.0023555304,-0.0011332697
71680000,0.78878707,-0.009415016,-9.83039,-0.006089306,-0.0025309015,-0.0001770037
71684000,0.79433024,-0.012551099,-9.8238945,-0.0062034074,-0.0031434111,0.0004537247
71688000,0.80205476,-0.017860299,-9.829828,-0.0057443534,-0.0025379325,-0.0005201322
71692000,0.80077004,-0.018217735,-9.83187,-0.005656905,-0.0020167162,-0.00050751684
71696000,0.8014143,-0.017089063,-9.823011,-0.0060630995,-0.0010571476,0.000180826
71700000,0.80599463,-0.012934732,-9.816986,-0.005962544,0.00041724677,-0.00014456731
71704000,0.80566394,-0.009699732,-9.81342,-0.004850708,0.0002665652,-0.0006556786
71708000,0.7980402,-0.015763441,-9.820442,-0.0045305854,-0.00024205534,-0.00078708335
71712000,0.79673165,-0.019049853,-9.823654,-0.0047011604,-0.00020233961,-0.00041521966
71716000,0.7933174,-0.020241277,-9.822631,-0.0047794376,0.0003224711,-0.00014989274
71720000,0.7951478,-0.020583801,-9.828682,-0.005357314,-0.00013983583,2.9007848e-05
71724000,0.7932395,-0.01590143,-9.829819,-0.005174056,-0.00050563365,0.00058936403
71728000,0.78937304,-0.0143315345,-9.819488,-0.0053284178,-3.8873073e-05,6.0498e-05
71732000,0.7944308,-0.018285586,-9.821917,-0.0054856297,-0.00041247913,-0.0014721436
71736000,0.7987832,-0.01629982,-9.827365,-0.005372734,-0.00062529923,-0.0019536554
71740000,0.7998037,-0.013908307,-9.823086,-0.005991011,0.00022797595,-0.00079109526
71744000,0.8002618,-0.012494148,-9.826178,-0.005804165,0.0008634891,-0.00047508252
71748000,0.80084497,-0.013393661,-9.823856,-0.005618585,0.00081916864,-0.0012883882
71752000,0.80122566,-0.015610154,-9.8214245,-0.0059287157,0.0012014533,-0.0014299112
71756000,0.80165184,-0.013338895,-9.818041,-0.005601241,0.0013960744,-0.0011699243
71760000,0.79588467,-0.01152986,-9.8195095,-0.005545207,0.0014533278,-0.0003744162
71764000,0.7969463,-0.012889738,-9.829853,-0.0058041294,0.0019767697,0.0006740069
71768000,0.8033246,-0.012747035,-9.834045,-0.006367365,0.001715065,0.00029107326
71772000,0.8032329,-0.006054476,-9.822896,-0.0059916154,0.0007773297,-0.00031642366
71776000,0.80179936,-0.012513782,-9.810186,-0.0049813488,0.0010253312,-0.00021664253
71780000,0.7999844,-0.021457573,-9.811671,-0.005099852,0.0023128118,0.00021371481
71784000,0.7961862,-0.0229796,-9.81752,-0.0046024267,0.0031286827,0.00020494513
71788000,0.797333,-0.018599875,-9.828873,-0.0043695057,0.0026776097,-0.0007940243
71792000,0.80315745,-0.014612087,-9.8344345,-0.005218712,0.001972641,0.00044567682
71796000,0.8038968,-0.015043207,-9.82934,-0.0046114307,0.0024588816,0.0010847453
71800000,0.8012315,-0.012386893,-9.822464,-0.004783749,0.0018454175,-3.3796496e-05
71804000,0.8040742,-0.012910991,-9.820472,-0.006097791,0.0012082142,-0.00021097486
71808000,0.8039336,-0.017410401,-9.820929,-0.0055722483,0.0024340355,-0.00064339116
71812000,0.8006178,-0.01712713,-9.820997,-0.0055760317,0.0022197813,-0.0020516347
71816000,0.8012295,-0.022811329,-9.822531,-0.005754764,0.0020347848,-0.0004394078
71820000,0.8008603,-0.025592681,-9.821747,-0.0057295216,0.0025883229,0.001160454
71824000,0.7994698,-0.014613954,-9.817911,-0.0060087834,0.0016404022,0.00019011932
71828000,0.8042308,-0.013907529,-9.811892,-0.005572313,0.001835487,-0.00013995767
71832000,0.8047752,-0.014611822,-9.81073,-0.0050964863,0.0023591307,-0.001247937
71836000,0.8033664,-0.017505001,-9.815657,-0.0053165946,0.0020699177,-0.0012117012
71840000,0.8048125,-0.019951297,-9.817165,-0.005665327,0.0031539972,-0.00015346035
71844000,0.8009489,-0.016441427,-9.8211975,-0.0056399847,0.0040544425,0.0006163829
71848000,0.79582214,-0.015408526,-9.822224,-0.0065836646,0.0042137415,0.0007434438
71852000,0.80022657,-0.01999806,-9.818653,-0.0072409725,0.0037896514,0.00028741965
71856000,0.8041432,-0.020506069,-9.817947,-0.0068179457,0.0031410072,0.00076241995
71860000,0.80257225,-0.018315252,-9.816114,-0.0063083037,0.0028029247,0.00046207567
71864000,0.8014655,-0.017096229,-9.8130245,-0.0062017236,0.0026224162,-0.00030802202
71868000,0.80139214,-0.012652234,-9.81308,-0.006025264,0.0027357289,-6.885252e-05
71872000,0.8044375,-0.009555022,-9.824741,-0.0059281862,0.0034355165,-0.00038940067
71876000,0.8042666,-0.012683348,-9.822683,-0.0055155545,0.003323639,-0.00023447261
71880000,0.8051913,-0.017281972,-9.805541,-0.005977469,0.002738859,0.000981127
71884000,0.8068109,-0.017088471,-9.803999,-0.0062775994,0.002697009,0.0003502264
71888000,0.8055552,-0.017031036,-9.809038,-0.0054846173,0.0036549512,0.00023330549
71892000,0.8001347,-0.014717166,-9.814922,-0.00625246,0.0036879163,0.0010635356
71896000,0.80009377,-0.016502531,-9.822065,-0.0071099396,0.0031894157,0.000813447
71900000,0.8032383,-0.018030733,-9.818259,-0.0066185207,0.0044014836,0.0006074141
71904000,0.8017397,-0.013019702,-9.813675,-0.006815479,0.0041213064,4.2537715e-05
71908000,0.80521065,-0.012869716,-9.807421,-0.0058386214,0.003504686,-0.00023290541
71912000,0.80900383,-0.016830353,-9.812908,-0.006149804,0.003687731,-0.0004344166
71916000,0.80772114,-0.014097627,-9.821443,-0.0068900525,0.0029832975,-0.0003937552
71920000,0.80539554,-0.010915224,-9.822655,-0.005487789,0.002306825,0.0003193657
71924000,0.80066067,-0.013398472,-9.826605,-0.0064592594,0.0028356104,0.00010677798
71928000,0.8017601,-0.017379303,-9.821743,-0.0075723208,0.0032588108,-3.68907e-05
71932000,0.80627257,-0.014516159,-9.82054,-0.007231586,0.0040173903,-0.00011181175
71936000,0.8043393,-0.0132020535,-9.820036,-0.006052352,0.0040711756,3.2399619e-06
71940000,0.8080406,-0.022904752,-9.820183,-0.0060344725,0.0028543535,0.00023641052
71944000,0.81181747,-0.026975019,-9.82558,-0.005841628,0.0031979764,-0.00024311432
71948000,0.8044574,-0.017436728,-9.825159,-0.004554169,0.004064461,-1.6116646e-05
71952000,0.8060725,-0.009235845,-9.824558,-0.004181153,0.0034061107,0.00038511606
71956000,0.8114326,-0.014540051,-9.822025,-0.0043658526,0.0032282409,0.0001644805
71960000,0.80455124,-0.013073759,-9.8232975,-0.0052136355,0.0032390074,-0.00018500796
71964000,0.8011956,-0.01819367,-9.825144,-0.00659226,0.0029800625,-0.00062756997
71968000,0.80201435,-0.026694827,-9.818155,-0.0062295385,0.004647357,-0.00027323648
71972000,0.8003759,-0.025173737,-9.817623,-0.006203026,0.003903942,0.0001383621
71976000,0.80766463,-0.022168204,-9.814909,-0.0071819006,0.0023532363,0.00021539861
71980000,0.8052479,-0.022904051,-9.810056,-0.0067302617,0.0029349807,0.0003596237
71984000,0.8020452,-0.025352871,-9.81298,-0.0060403147,0.0025412797,0.00095581403
71988000,0.80836517,-0.020210035,-9.811143,-0.0050448226,0.0017169572,0.0007720384
71992000,0.8029816,-0.017007153,-9.815828,-0.004882419,0.0020052977,5.1120405e-05
71996000,0.79960024,-0.01616695,-9.820499,-0.0053610126,0.0028461106,0.00053461647
72000000,0.802407,-0.017961184,-9.811855,-0.00576203,0.0027424581,0.000622667
72004000,0.8019178,-0.021328181,-9.814041,-0.0059254863,0.0024246662,-0.00018263706
72008000,0.8026051,-0.016796697,-9.813789,-0.0051027243,0.002649986,-0.0007625048
72012000,0.8071562,-0.011360523,-9.80489,-0.0054846504,0.002996,0.00045436277
72016000,0.8105476,-0.021121062,-9.809011,-0.006453676,0.0031467245,0.0004548352
72020000,0.8088982,-0.024468336,-9.816587,-0.005415928,0.0034056448,-7.109669e-05
72024000,0.8030975,-0.019717596,-9.809496,-0.0050009843,0.0037590594,0.0005712173
72028000,0.80021584,-0.01615308,-9.80304,-0.0055048037,0.0037544183,-6.248109e-05
72032000,0.80389094,-0.01854539,-9.807607,-0.005395738,0.002892785,-0.00040194223
72036000,0.80689776,-0.022450047,-9.809502,-0.0056328154,0.002789342,-9.860503e-06
72040000,0.8073904,-0.017927166,-9.804165,-0.0058657667,0.0032152387,0.0003538154
72044000,0.8056899,-0.02052451,-9.806266,-0.0057143336,0.0021265475,-1.820879e-05
72048000,0.80128056,-0.02239855,-9.812941,-0.005818154,0.003015,-0.00067346287
72052000,0.7957524,-0.01929573,-9.808079,-0.0060119745,0.0029561617,8.108634e-05
72056000,0.8032959,-0.019453147,-9.801064,-0.00552208,0.0018879393,0.0003209889
72060000,0.80436105,-0.015363965,-9.808566,-0.006155388,0.00193962,-0.00037538286
72064000,0.8012384,-0.019792022,-9.808613,-0.006154974,0.001539452,-0.00039126983
72068000,0.8059113,-0.020555226,-9.801069,-0.006158858,0.0027126868,0.0001621498
72072000,0.80752635,-0.018909201,-9.799911,-0.006561258,0.003007331,0.00012980062
72076000,0.81091976,-0.022839174,-9.804242,-0.0049306406,0.0029753423,-0.00023342801
72080000,0.8078854,-0.018977616,-9.809673,-0.0041344543,0.003152702,7.1863156e-05
72084000,0.8092279,-0.022372182,-9.808193,-0.0048739724,0.002873213,3.1418873e-05
72088000,0.8129612,-0.022863088,-9.80393,-0.0046995822,0.0024637918,-0.0004374287
72092000,0.80935836,-0.0230602,-9.804495,-0.003864257,0.0018988122,-0.0006068509
72096000,0.8070549,-0.021816533,-9.808084,-0.0038305933,0.0026465715,0.0005314906
72100000,0.80580366,-0.018256657,-9.811117,-0.0044947783,0.0025210073,0.0008472604
72104000,0.8071848,-0.020587621,-9.812859,-0.0047837305,0.0028168403,2.6340516e-05
72108000,0.8135451,-0.011858845,-9.806687,-0.004382019,0.0038606364,-8.839343e-05
72112000,0.81453127,-0.009676334,-9.799211,-0.004470227,0.002766435,-0.00040072194
72116000,0.81069005,-0.019615404,-9.805061,-0.004363302,0.0010991626,-0.00026371997
72120000,0.8076934,-0.021029795,-9.800074,-0.0041676024,0.0013616994,1.302344e-05
72124000,0.81134456,-0.02650524,-9.790017,-0.0038795392,0.001630743,4.370447e-06
72128000,0.8191095,-0.02283347,-9.800016,-0.004038374,0.001211178,-0.00026436354
72132000,0.81773555,-0.014293608,-9.805917,-0.0036492858,0.00076722214,0.00042962065
72136000,0.80864954,-0.017453507,-9.8079605,-0.003655659,0.0005900592,0.0013101466
72140000,0.8055224,-0.012184449,-9.806415,-0.0040096017,0.0013480004,0.0015609318
72144000,0.8091042,-0.008336767,-9.800635,-0.0040308535,0.0018787427,0.0007591258
72148000,0.81037056,-0.0064173117,-9.800257,-0.0041780737,0.0024105662,-0.0004885425
72152000,0.8089372,-0.0049080835,-9.801974,-0.0030918212,0.0026293334,0.00012583428
72156000,0.80501336,-0.014480648,-9.799435,-0.0024404684,0.0018966408,0.00078415254
72160000,0.8075621,-0.02082727,-9.796442,-0.0024994286,0.0010512308,0.00022447745
72164000,0.8134029,-0.020525644,-9.795673,-0.0017443751,0.0012082633,-0.0004357989
72168000,0.81440216,-0.020005224,-9.801606,-0.0013433826,0.002166871,-0.0009423054
72172000,0.8077207,-0.018111363,-9.802551,-0.0020668486,0.0016401868,-0.0006347801
72176000,0.8077656,-0.016371233,-9.805593,-0.0026862028,0.0014005704,9.2238246e-05
72180000,0.8131137,-0.017458942,-9.809275,-0.0026178446,0.002391427,-0.0005822355
72184000,0.80734223,-0.014478177,-9.809637,-0.0031519467,0.0022371083,-0.00048610667
72188000,0.8098223,-0.01142795,-9.802837,-0.003107147,0.0017413931,0.00060709385
72192000,0.8172155,-0.019602263,-9.7982,-0.00284386,0.0018910306,0.0002463911
72196000,0.81298745,-0.018611014,-9.800112,-0.0027630674,0.001710334,0.0002587196
72200000,0.81022865,-0.01622628,-9.801817,-0.0015555378,0.0013361692,0.00094467244
72204000,0.8115696,-0.022041792,-9.80128,-0.0015849773,0.0012827592,9.924807e-05
72208000,0.8142726,-0.015452235,-9.802727,-0.0013563938,0.0010370961,0.00026018577
72212000,0.81481266,-0.009551819,-9.805498,-0.00078462774,0.0010961358,0.0006493914
72216000,0.8135013,-0.017747624,-9.798857,-0.00074647093,0.0013160728,-0.0004954457
72220000,0.8151037,-0.02005596,-9.793882,-0.00096031773,0.0024818322,-0.00030335475
72224000,0.81160295,-0.020498715,-9.791883,-0.0012234977,0.002310434,9.3966526e-05
72228000,0.8120311,-0.017199837,-9.795387,-0.001627963,0.0015501601,0.00035630193
72232000,0.81831515,-0.013729553,-9.798973,-0.0014853256,0.0016242033,0.00073041406
72236000,0.817093,-0.014413707,-9.800129,-0.0015853123,0.0011977409,-2.6853937e-05
72240000,0.81598186,-0.017472506,-9.801563,-0.0026421829,0.001229732,-0.0011416967
72244000,0.81330776,-0.023662608,-9.803051,-0.0020087366,0.00040742607,-0.00018167456
72248000,0.811825,-0.017905256,-9.804697,-0.0015543931,-0.00039189582,0.00074157194
72252000,0.81959784,-0.016530681,-9.802053,-0.0010831801,-0.00022506394,0.00074332714
72256000,0.8121135,-0.02351634,-9.795319,0.0003340708,0.00024276432,0.00024150043
72260000,0.8076081,-0.025266653,-9.79583,-6.456307e-06,0.0009144713,-0.0005338363
72264000,0.8205922,-0.022390323,-9.795863,-0.00071645644,0.001653598,0.00052411814
72268000,0.8218225,-0.01858218,-9.788592,-0.0006596946,0.0019370164,0.00067427143
72272000,0.8156341,-0.011921733,-9.784712,3.3381686e-05,0.001815644,0.0004382503
72276000,0.8177441,-0.007875048,-9.788479,0.00089871563,0.0019641984,0.00058793
72280000,0.81606835,-0.010278931,-9.79767,2.0572417e-05,0.0017729711,-0.00010179754
72284000,0.8138808,-0.014384203,-9.801054,-0.00067910296,0.0016840592,0.00012430025
72288000,0.8167788,-0.015257654,-9.784483,-0.0007968545,0.002003418,0.0012228695
72292000,0.81533366,-0.019938817,-9.782817,-0.0005254902,0.0018147959,0.0016782151
72296000,0.8140391,-0.02481951,-9.792884,0.00011543595,0.00050272775,0.0003685858
72300000,0.8190531,-0.02098066,-9.792782,-0.00056657346,0.0008321069,-4.162602e-05
72304000,0.81998396,-0.020442305,-9.790598,-0.0010262758,0.0012765948,0.0005858125
72308000,0.8085425,-0.017290922,-9.783792,-0.0015413944,0.00092118635,2.9729603e-05
72312000,0.80612993,-0.014759422,-9.777084,1.0264919e-05,0.0012910338,-0.0003433351
72316000,0.8177482,-0.017285563,-9.777337,0.0013028873,0.0006122229,-0.00010148126
72320000,0.8215958,-0.02034267,-9.787058,0.0003280621,0.00035002516,-5.13718e-05
72324000,0.8151599,-0.01794403,-9.7882595,0.0016396914,0.00075173145,0.00017653173
72328000,0.81287146,-0.020220496,-9.782492,0.0027567656,0.0005494045,0.00015569
72332000,0.8188475,-0.025495116,-9.7785,0.0021290055,0.0015891993,-0.000220843
72336000,0.81989485,-0.02017207,-9.779525,0.001465048,0.0023643924,-0.0007987693
72340000,0.8159121,-0.021119468,-9.782568,0.0016673172,0.0011350428,-0.0013708221
72344000,0.8113049,-0.022444392,-9.784837,0.0022575052,0.00039917932,-0.00011322471
72348000,0.8099925,-0.018874763,-9.78676,0.002148161,0.0002133927,0.00046370225
72352000,0.82061064,-0.019486932,-9.782056,0.0015911525,-8.0673904e-05,-0.0006436332
72356000,0.8264358,-0.021070773,-9.77652,0.0011571394,0.00018250247,-0.0010774633
72360000,0.81795573,-0.017108224,-9.778496,0.0014843164,0.00048257003,-0.00015080886
72364000,0.8155713,-0.013730408,-9.783115,0.0021316574,6.895402e-05,0.00049471366
72368000,0.81884146,-0.014709651,-9.7859535,0.0015497983,-0.00031369357,0.0003996808
72372000,0.8166028,-0.021098694,-9.790472,0.0021398799,0.000243226,-0.00014459403
72376000,0.8188263,-0.024071444,-9.786459,0.003400966,0.0010266885,0.00019510087
72380000,0.8201026,-0.025290336,-9.781841,0.0026340736,0.0006778195,0.00030378075
72384000,0.8173554,-0.024299625,-9.781534,0.0019484607,0.0015217455,-0.00061098195
72388000,0.82312274,-0.020537222,-9.781553,0.00201433,0.0018989535,-0.00045210315
72392000,0.82546425,-0.021539822,-9.783277,0.0023407454,0.0007433767,0.00032216462
72396000,0.8238001,-0.01864576,-9.782982,0.0028753572,0.0018190899,0.00056537776
72400000,0.81850207,-0.016649866,-9.779261,0.0031305312,0.0024192943,0.0005378352
72404000,0.81823814,-0.019250602,-9.785538,0.003002215,0.0016918082,0.00046460243
72408000,0.8226541,-0.011676459,-9.79493,0.0029228074,0.0009959848,0.00049366924
72412000,0.8208285,-0.004489243,-9.782408,0.0027439212,0.0016674462,0.00071859435
72416000,0.8271292,-0.016061287,-9.775919,0.003010773,0.0006518092,0.00015376216
72420000,0.8256413,-0.021911629,-9.780594,0.0034494842,0.00030145582,0.00013987784
72424000,0.81920004,-0.014006729,-9.781261,0.0033539594,0.0015185387,-1.35000955e-05
72428000,0.8194128,-0.013926413,-9.776516,0.0030649486,-0.00064102456,-0.00041573888
72432000,0.8200604,-0.018149577,-9.769874,0.0031974295,-0.0027052844,-0.0003821787
72436000,0.8281318,-0.016003748,-9.758175,0.0043892357,-0.0035010793,0.00028786392
72440000,0.83144367,-0.014866137,-9.759401,0.004651205,-0.0040407544,0.0015141949
72444000,0.8246089,-0.015009369,-9.776255,0.0047643045,-0.005466096,0.0014448861
72448000,0.82204485,-0.01816246,-9.774406,0.005617845,-0.006827167,0.00021043103
72452000,0.82203233,-0.021794366,-9.761969,0.005396481,-0.008313089,-0.0001625196
72456000,0.8258721,-0.022420453,-9.757572,0.005312487,-0.010642575,0.0005824268
72460000,0.82132936,-0.027675128,-9.7617035,0.005188427,-0.014639443,0.00037659606
72464000,0.821067,-0.029259633,-9.769142,0.005213108,-0.019148434,0.00054462196
72468000,0.82521003,-0.021263748,-9.761666,0.0048766523,-0.023056684,0.0016774773
72472000,0.8175045,-0.020654293,-9.745348,0.0043189344,-0.027397826,0.001278936
72476000,0.8127191,-0.022924548,-9.752214,0.0043953205,-0.032432113,0.00078261027
72480000,0.81703186,-0.017338367,-9.759356,0.005369374,-0.037990723,0.0014741713
72484000,0.8160882,-0.018552221,-9.750158,0.006089998,-0.0422394,0.0001949238
72488000,0.81305087,-0.023297956,-9.745486,0.005576003,-0.047309868,-0.00023823814
72492000,0.8192134,-0.030196996,-9.746511,0.004788027,-0.054323673,0.00046441326
72496000,0.82114494,-0.032423034,-9.749304,0.005419256,-0.060729027,-0.00011792643
72500000,0.8216984,-0.02528004,-9.752517,0.0064057424,-0.06753966,0.00026070036
72504000,0.8176737,-0.027375085,-9.751873,0.0056400863,-0.07496688,0.0006105978
72508000,0.8175372,-0.024191115,-9.742575,0.0056735105,-0.081618145,-0.00020621512
72512000,0.8227855,-0.020532507,-9.734209,0.0059263487,-0.087905556,-0.0009475295
72516000,0.8236436,-0.02558398,-9.737392,0.0065833298,-0.094917044,-0.00022242799
72520000,0.8127543,-0.021689544,-9.740027,0.0067074588,-0.10220924,0.00017588744
72524000,0.810905,-0.022037862,-9.742704,0.006150328,-0.108996406,0.0007521745
72528000,0.8202752,-0.024599375,-9.7460165,0.0060447194,-0.11644219,0.00093505497
72532000,0.81937635,-0.018628366,-9.739889,0.0055928966,-0.12287576,0.00034011868
72536000,0.8128015,-0.021167694,-9.733748,0.0063868375,-0.12914848,0.00011586979
72540000,0.80553365,-0.022893082,-9.737633,0.0073400387,-0.13531968,-0.00028934205
72544000,0.8099983,-0.016454889,-9.73171,0.0075217304,-0.14267534,-0.00023227202
72548000,0.81184053,-0.015499278,-9.726025,0.0069850483,-0.15018527,-0.0008335808
72552000,0.8026489,-0.010614965,-9.732531,0.00661646,-0.1574528,-0.0003399605
72556000,0.8050358,-0.0096147265,-9.733086,0.007125714,-0.16487467,0.00092324225
72560000,0.8173552,-0.018660689,-9.725085,0.0082522305,-0.1716063,0.0012071672
72564000,0.8122294,-0.020991776,-9.731581,0.008405244,-0.17885223,0.00047551942
72568000,0.8075746,-0.021439422,-9.744146,0.007963814,-0.18534005,0.0005411849
72572000,0.8154178,-0.0143072745,-9.742662,0.008367907,-0.19219239,0.0008284202
72576000,0.816041,-0.0155178765,-9.738625,0.008505951,-0.19822708,0.0010059194
72580000,0.8131583,-0.022975553,-9.733847,0.008667654,-0.2040966,0.0015235787
72584000,0.8127054,-0.022695908,-9.740251,0.0078126,-0.21094787,0.0006040081
72588000,0.8141849,-0.022714913,-9.747765,0.007878879,-0.21747078,0.00032413364
72592000,0.81680214,-0.024282208,-9.747175,0.008250075,-0.22335923,0.00010241078
72596000,0.8244153,-0.025221232,-9.744993,0.007186013,-0.22914836,0.00014844656
72600000,0.81990415,-0.02005529,-9.750488,0.0073337792,-0.23517695,0.0004529286
72604000,0.8150532,-0.020275738,-9.753152,0.0075859097,-0.24141313,0.00029183205
72608000,0.8188726,-0.020705355,-9.753223,0.0075174565,-0.24736093,0.0006289722
72612000,0.80978876,-0.012644882,-9.75289,0.0071057132,-0.2529234,0.0012403172
72616000,0.81078374,-0.012204093,-9.752193,0.007098612,-0.25867826,0.001526191
72620000,0.8130992,-0.018761802,-9.762443,0.0075361747,-0.2644966,0.000439448
72624000,0.8104843,-0.019376967,-9.763273,0.008023958,-0.2693193,-0.0006953856
72628000,0.81211674,-0.02386419,-9.760189,0.008729369,-0.27337074,-0.00013370682
72632000,0.8104483,-0.024765044,-9.760799,0.008957072,-0.2781089,0.0011418187
72636000,0.8157628,-0.016546978,-9.764772,0.009412662,-0.28386045,0.0009818624
72640000,0.8174583,-0.019711386,-9.771544,0.009446,-0.2890026,9.3649305e-06
72644000,0.8114294,-0.022843743,-9.775752,0.009425243,-0.29302245,0.00028209123
72648000,0.81043124,-0.026645623,-9.773142,0.008878893,-0.29778618,0.0007112303
72652000,0.8074132,-0.031408593,-9.767314,0.008246812,-0.30247954,0.0006696806
72656000,0.81016463,-0.023323812,-9.768206,0.0077596633,-0.30641365,0.00074215676
72660000,0.81577337,-0.02093135,-9.775103,0.007168466,-0.31026155,-8.485648e-05
72664000,0.8150985,-0.029706888,-9.780412,0.006965886,-0.31382495,0.0008174432
72668000,0.8150972,-0.033051625,-9.781643,0.0068968963,-0.317797,0.001585539
72672000,0.8148987,-0.024519388,-9.782175,0.007411986,-0.32213756,0.00074840814
72676000,0.81366134,-0.021579118,-9.782944,0.00751243,-0.32590404,0.0010501893
72680000,0.81657624,-0.021271784,-9.78751,0.0072995094,-0.32980084,0.00061959395
72684000,0.81511366,-0.023917805,-9.792427,0.008073759,-0.3337081,0.00027956517
72688000,0.8105824,-0.021860974,-9.797122,0.008239041,-0.33650327,0.0011772787
72692000,0.8115512,-0.020269763,-9.79998,0.006995863,-0.33941776,0.0021612633
72696000,0.80696386,-0.020384466,-9.797514,0.0067948,-0.34245548,0.0013737902
72700000,0.8060505,-0.0176745,-9.797071,0.006896007,-0.34523284,0.00077506667
72704000,0.8112401,-0.014706697,-9.801646,0.0073659476,-0.34765494,0.00081859453
72708000,0.8126877,-0.015817383,-9.809201,0.008091485,-0.35018504,0.0008935791
72712000,0.8142834,-0.021911357,-9.809196,0.007873253,-0.35193175,0.0013188444
72716000,0.8140318,-0.022190025,-9.810225,0.00874882,-0.35356355,-0.00021881025
72720000,0.81668067,-0.019748572,-9.811511,0.00888341,-0.3568828,-0.00020575953
72724000,0.82026947,-0.01752623,-9.806771,0.0072829262,-0.3594691,0.0010873465
72728000,0.8162906,-0.021412093,-9.808901,0.006815416,-0.36119524,0.0015844525
72732000,0.8116705,-0.02546354,-9.806185,0.0071007065,-0.36373842,0.0017766118
72736000,0.8134213,-0.025101757,-9.813816,0.0071205515,-0.36698854,0.0020464673
72740000,0.81910574,-0.022070663,-9.8236265,0.005588579,-0.3681845,0.0026070199
72744000,0.8150468,-0.022923874,-9.824421,0.005450573,-0.3687016,0.0024810212
72748000,0.8075535,-0.022979379,-9.83138,0.0063347085,-0.37064275,0.0017510002
72752000,0.8088949,-0.025145013,-9.83339,0.0056438493,-0.37237954,0.0012192368
72756000,0.81347907,-0.02501731,-9.829285,0.005471755,-0.37324226,0.0017578243
72760000,0.81092805,-0.025340062,-9.821993,0.0059931776,-0.37424788,0.001994683
72764000,0.81258863,-0.023451896,-9.823859,0.0069730617,-0.37558043,0.0015245466
72768000,0.811445,-0.016078865,-9.832449,0.007283634,-0.3762437,0.00085490884
72772000,0.81772333,-0.020903468,-9.834377,0.0065869517,-0.37735876,0.0014758431
72776000,0.820108,-0.025470465,-9.834374,0.0064422204,-0.37822163,0.00217699
72780000,0.81437117,-0.019572293,-9.830319,0.0059258044,-0.37867802,0.0022911078
72784000,0.8175415,-0.021432422,-9.832951,0.005592282,-0.37853238,0.002010343
72788000,0.81394184,-0.026911337,-9.83969,0.006139494,-0.3784083,0.0019010748
72792000,0.8149953,-0.024153128,-9.834902,0.0053198985,-0.3791634,0.0017580022
72796000,0.8198154,-0.020248894,-9.838905,0.005133478,-0.3805192,0.0013076563
72800000,0.8146888,-0.017779239,-9.846708,0.0055290195,-0.38134068,0.0015008108
72804000,0.8126421,-0.02094702,-9.849028,0.005429791,-0.38098577,0.0017502434
72808000,0.8183429,-0.024941247,-9.848354,0.004912376,-0.3810343,0.0014228856
72812000,0.8186989,-0.026532458,-9.850361,0.004337108,-0.38011998,0.0009980446
72816000,0.8125576,-0.027886346,-9.855583,0.0046161893,-0.37969446,0.0014076277
72820000,0.81465375,-0.023541316,-9.848211,0.004257389,-0.38021505,0.0014112799
72824000,0.8185049,-0.02133364,-9.856341,0.004109309,-0.3802622,0.0018492308
72828000,0.8082783,-0.019894822,-9.8618965,0.005235134,-0.38024867,0.0018191612
72832000,0.8090801,-0.016629001,-9.859083,0.004760381,-0.38021028,0.001598653
72836000,0.81072164,-0.020570109,-9.858049,0.004325604,-0.38030443,0.0014408012
72840000,0.80908275,-0.02087981,-9.859456,0.0044080247,-0.38014227,0.0014375091
72844000,0.81494904,-0.017382191,-9.86693,0.004432836,-0.37904626,0.0019882102
72848000,0.8087418,-0.019847546,-9.868919,0.0053398176,-0.37836844,0.0017304384
72852000,0.81110656,-0.01928472,-9.872956,0.0043078237,-0.3786204,0.0008232124
72856000,0.8098326,-0.01921778,-9.875659,0.004099171,-0.37821382,0.0012993295
72860000,0.8068705,-0.026425878,-9.876454,0.004216849,-0.37713408,0.0016141088
72864000,0.8150114,-0.024034854,-9.872392,0.0036476117,-0.37495375,0.0007453017
72868000,0.8121772,-0.014945434,-9.869474,0.0039384924,-0.37381363,0.0016470901
72872000,0.81156874,-0.027163139,-9.869765,0.0038027803,-0.37365234,0.0018990793
72876000,0.80815524,-0.03343662,-9.871977,0.0029078505,-0.37267232,0.0011722022
72880000,0.80678123,-0.024838554,-9.8816805,0.0026096872,-0.3713119,0.0013263583
72884000,0.8044796,-0.030486573,-9.885493,0.002277622,-0.37016696,0.0014039227
72888000,0.80398315,-0.02843982,-9.886188,0.0018874181,-0.36915353,0.0010177358
72892000,0.8111348,-0.017985897,-9.892489,0.0031114458,-0.36802483,0.002118084
72896000,0.8093898,-0.01812497,-9.890312,0.0026893017,-0.3666241,0.0029789738
72900000,0.8054217,-0.02106419,-9.891777,0.0016596289,-0.36450857,0.0025748354
72904000,0.8011328,-0.025529252,-9.894764,0.0015200999,-0.3631534,0.0015028947
72908000,0.80094564,-0.028497314,-9.898714,0.0013991289,-0.36267704,0.0013231479
72912000,0.8060079,-0.023456406,-9.898804,0.0009916759,-0.3608506,0.002317946
72916000,0.8126999,-0.024703149,-9.890351,0.0013845987,-0.35925585,0.0013066371
72920000,0.8080392,-0.03220083,-9.890992,0.00204115,-0.3591544,0.0010466436
72924000,0.8016585,-0.028314916,-9.892202,0.00087462366,-0.35755166,0.0015585908
72928000,0.8097478,-0.01584839,-9.899986,0.0005912382,-0.35538036,0.0014135973
72932000,0.80599815,-0.014342919,-9.908047,0.00070040714,-0.35448772,0.002048459
72936000,0.7994702,-0.023721885,-9.905066,0.0004092804,-0.35278136,0.001598385
72940000,0.8012651,-0.026064457,-9.902761,-2.0302174e-05,-0.3509093,0.0011633032
72944000,0.80255795,-0.030738363,-9.9002,-0.00089816586,-0.34867454,0.002098516
72948000,0.80173284,-0.031972487,-9.9043665,-0.00013461796,-0.34654975,0.0021177058
72952000,0.79730165,-0.02117511,-9.901603,-0.000343556,-0.345745,0.0007024495
72956000,0.79639304,-0.017938681,-9.900444,-0.0001507579,-0.343185,0.00032327056
72960000,0.8029254,-0.027904985,-9.90481,0.0010322763,-0.34014887,0.0015288647
72964000,0.8033659,-0.03309157,-9.909077,0.0004096245,-0.33888626,0.0024771001
72968000,0.80274904,-0.030154828,-9.913799,-0.00016755889,-0.33641434,0.0036272572
72972000,0.8052163,-0.02632776,-9.910239,2.9993433e-05,-0.33404627,0.0037579502
72976000,0.80250955,-0.018905113,-9.909702,-0.00021608268,-0.33289844,0.0022117223
72980000,0.8019308,-0.024033649,-9.911194,-0.0010082137,-0.3311628,0.0018016095
72984000,0.8026267,-0.028094247,-9.908812,-0.001393073,-0.3294275,0.002023891
72988000,0.80200136,-0.021973975,-9.909737,-0.0016645903,-0.32710963,0.002443523
72992000,0.79954433,-0.019405458,-9.918137,-0.0014886872,-0.32538733,0.0032619385
72996000,0.8014331,-0.02993181,-9.924461,-0.001699153,-0.32420212,0.0030118343
73000000,0.80162954,-0.033113685,-9.9291935,-0.002205523,-0.32171562,0.0012684646
73004000,0.79394054,-0.02254309,-9.923269,-0.0019955526,-0.31891894,0.0017027924
73008000,0.7967869,-0.022506643,-9.913096,-0.003081586,-0.31662852,0.003280331
73012000,0.7982614,-0.023496784,-9.920871,-0.0036969413,-0.31399733,0.0022647353
73016000,0.7926958,-0.024887545,-9.92764,-0.0025847463,-0.3118645,0.0016155426
73020000,0.79312617,-0.028765222,-9.923574,-0.0025517694,-0.3106955,0.0015756066
73024000,0.7930962,-0.021800045,-9.928006,-0.002865313,-0.30937988,0.0015033878
73028000,0.7904597,-0.013607649,-9.930641,-0.0023146505,-0.306382,0.0012600288
73032000,0.7987603,-0.018579355,-9.93181,-0.001617887,-0.302853,0.0017360571
73036000,0.8070221,-0.023387672,-9.931271,-0.00063912506,-0.30052316,0.0018791527
73040000,0.80019164,-0.020776827,-9.933712,-0.00046437368,-0.29844448,0.0013041388
73044000,0.7969173,-0.017271474,-9.938179,-0.0012900146,-0.29596472,0.0015756966
73048000,0.7938663,-0.014878425,-9.937756,-0.002656688,-0.29269144,0.0022917213
73052000,0.7932124,-0.018054677,-9.932442,-0.0023925435,-0.289607,0.0024043971
73056000,0.78714865,-0.02059728,-9.93152,-0.002099668,-0.28760004,0.001826355
73060000,0.7895771,-0.02594983,-9.936687,-0.0037899131,-0.2849738,0.0018536255
73064000,0.78997767,-0.03355063,-9.938906,-0.0043669394,-0.28218013,0.002679626
73068000,0.78000253,-0.035961356,-9.939408,-0.0044031274,-0.28097752,0.0024199616
73072000,0.7922137,-0.03187282,-9.935406,-0.0046372227,-0.27949816,0.0020878469
73076000,0.79208803,-0.022582328,-9.937771,-0.004933966,-0.27712157,0.0031839195
73080000,0.7848904,-0.022361089,-9.940084,-0.005491777,-0.27449572,0.0027032094
73084000,0.7916043,-0.021926949,-9.94223,-0.005130786,-0.27129823,0.0017722463
73088000,0.7933316,-0.019365108,-9.945319,-0.00410076,-0.26764816,0.0019584373
73092000,0.7917205,-0.018658897,-9.951078,-0.0052479976,-0.26539055,0.0017283707
73096000,0.78094184,-0.024543146,-9.948902,-0.005406035,-0.26361305,0.0015493408
73100000,0.7798997,-0.027983516,-9.941416,-0.003549901,-0.260952,0.0017340853
73104000,0.78464615,-0.024110068,-9.942249,-0.003822423,-0.2584386,0.00216143
73108000,0.7829735,-0.01971823,-9.947319,-0.005048288,-0.25623727,0.0021736135
73112000,0.78185713,-0.02426681,-9.955385,-0.004074786,-0.25374496,0.0018726558
73116000,0.77793384,-0.03246945,-9.950289,-0.0028638546,-0.25036904,0.0026861485
73120000,0.7816111,-0.023948347,-9.945349,-0.004650425,-0.24712205,0.002633377
73124000,0.78323865,-0.022497639,-9.954489,-0.006076796,-0.2442672,0.0018874339
73128000,0.7841156,-0.026212951,-9.956249,-0.0054119616,-0.24242403,0.0015926175
73132000,0.78341466,-0.02447635,-9.956278,-0.004645349,-0.23924385,0.001541913
73136000,0.7786653,-0.017684335,-9.952414,-0.004872121,-0.23611401,0.0016782022
73140000,0.77983415,-0.016949464,-9.952233,-0.0052823485,-0.23459233,0.0014230489
73144000,0.77704084,-0.01690039,-9.960803,-0.005130004,-0.23228084,0.0017656062
73148000,0.7761128,-0.018995611,-9.962703,-0.004762244,-0.22901314,0.0013814641
73152000,0.77931774,-0.027369386,-9.960773,-0.0046926807,-0.22648962,0.0020012776
73156000,0.77279186,-0.026157586,-9.963207,-0.0055621057,-0.22455078,0.0032740475
73160000,0.7770043,-0.020765176,-9.962221,-0.006341102,-0.2209198,0.0031784864
73164000,0.7785023,-0.022795739,-9.961558,-0.0062087127,-0.21761572,0.0030403214
73168000,0.7676547,-0.02369668,-9.966274,-0.0059936848,-0.21576522,0.002497391
73172000,0.77059805,-0.024755562,-9.96402,-0.006604961,-0.21349669,0.0016958
73176000,0.7752428,-0.022026723,-9.958818,-0.0064767483,-0.21058223,0.0017897581
73180000,0.76833284,-0.018641243,-9.956926,-0.005849224,-0.20796439,0.0027480235
73184000,0.76423407,-0.02422751,-9.963228,-0.0060005267,-0.2058372,0.0022641504
73188000,0.769722,-0.023723816,-9.96903,-0.005848771,-0.20358565,0.002650817
73192000,0.7679186,-0.023418372,-9.962118,-0.0058481027,-0.19996117,0.0036561103
73196000,0.76601005,-0.02158808,-9.960144,-0.00660174,-0.19678937,0.0034544496
73200000,0.77029395,-0.02377284,-9.973098,-0.006344071,-0.19502121,0.0033664736
73204000,0.7693192,-0.02781629,-9.9739485,-0.0057575367,-0.1926372,0.0022159056
73208000,0.77093345,-0.032981474,-9.971247,-0.007228567,-0.18867613,0.0011252018
73212000,0.76713085,-0.03070106,-9.974777,-0.007386494,-0.18610772,0.0015226817
73216000,0.76531744,-0.026845396,-9.973228,-0.006503731,-0.18459356,0.0020761269
73220000,0.77007306,-0.025209323,-9.974131,-0.008141415,-0.18203038,0.002743906
73224000,0.7685361,-0.016378911,-9.9731655,-0.008280717,-0.17862777,0.0028726358
73228000,0.7661171,-0.022764856,-9.970162,-0.006368607,-0.17598127,0.002141445
73232000,0.76098394,-0.025222505,-9.973069,-0.006083198,-0.17350347,0.00178374
73236000,0.75824386,-0.01880623,-9.977369,-0.005798689,-0.16974914,0.00255391
73240000,0.7565494,-0.025526175,-9.977489,-0.0056891013,-0.16805393,0.0032009392
73244000,0.7597546,-0.026894739,-9.974682,-0.006138868,-0.16565949,0.00226405
73248000,0.7637726,-0.022219691,-9.974754,-0.0064379587,-0.1626701,0.0022343548
73252000,0.75979817,-0.024551703,-9.970739,-0.0072236075,-0.15987137,0.0027588524
73256000,0.7564978,-0.0233808,-9.969276,-0.007524685,-0.1567427,0.0025307834
73260000,0.75084925,-0.021104084,-9.97236,-0.008083923,-0.15433294,0.0025072636
73264000,0.7535044,-0.027819991,-9.969345,-0.007966177,-0.15243444,0.0029836108
73268000,0.758886,-0.023562077,-9.9683895,-0.007787672,-0.14975066,0.0032564732
73272000,0.75206006,-0.017736657,-9.977712,-0.007891965,-0.14650136,0.0031234284
73276000,0.7521354,-0.026530692,-9.983206,-0.007784044,-0.14362282,0.0025485812
73280000,0.7607578,-0.027827935,-9.977416,-0.008192249,-0.14123815,0.0021159481
73284000,0.7558805,-0.022551257,-9.972976,-0.0068715224,-0.139456,0.0016909641
73288000,0.7462282,-0.024789965,-9.974125,-0.006492702,-0.13713363,0.002267596
73292000,0.74527836,-0.030592415,-9.9782295,-0.0074399184,-0.13348737,0.0024786515
73296000,0.7484645,-0.02552152,-9.975926,-0.007786546,-0.13037264,0.00076197134
73300000,0.74823034,-0.017827278,-9.978464,-0.008469153,-0.12868744,0.0014387693
73304000,0.74663234,-0.025286436,-9.987148,-0.00869764,-0.12647459,0.0032842902
73308000,0.7484797,-0.02895883,-9.983839,-0.0081536025,-0.1251735,0.0036910987
73312000,0.7507547,-0.024643762,-9.982896,-0.0075464225,-0.12210308,0.002202539
73316000,0.7467383,-0.02330307,-9.989555,-0.0077764844,-0.11829608,0.0019373242
73320000,0.7428186,-0.020427506,-9.981753,-0.008544109,-0.116151914,0.0026540016
73324000,0.74339616,-0.020514123,-9.972496,-0.009419076,-0.11347312,0.0023968418
73328000,0.7435349,-0.020532224,-9.9797,-0.009733563,-0.111022174,0.0029435458
73332000,0.7425798,-0.020151833,-9.984957,-0.008848819,-0.10736873,0.0030953449
73336000,0.737514,-0.029732354,-9.975246,-0.008555871,-0.103747845,0.0024014383
73340000,0.73975563,-0.03238016,-9.970685,-0.009772049,-0.10203863,0.0022642256
73344000,0.74952626,-0.02230827,-9.973276,-0.009569751,-0.09998143,0.0032257363
73348000,0.74582374,-0.016853498,-9.97287,-0.0092039425,-0.09767407,0.0029286642
73352000,0.7307023,-0.013932209,-9.972117,-0.009566344,-0.096282095,0.0024133527
73356000,0.7285906,-0.0250202,-9.976152,-0.00851322,-0.093565635,0.002440512
73360000,0.73376656,-0.031468876,-9.986473,-0.008049639,-0.090127654,0.0023433084
73364000,0.7399832,-0.021464199,-9.979354,-0.008970904,-0.08892888,0.0020609805
73368000,0.74637794,-0.025009656,-9.971903,-0.009969049,-0.086585954,0.0017553985
73372000,0.7436431,-0.028951032,-9.972914,-0.010347805,-0.08301714,0.0021322472
73376000,0.7368235,-0.028224759,-9.977562,-0.009263947,-0.08025414,0.0022171848
73380000,0.7323197,-0.02475925,-9.989089,-0.009586673,-0.07743147,0.0026684166
73384000,0.7343454,-0.015031575,-9.984488,-0.01050705,-0.07443851,0.0028776259
73388000,0.7326745,-0.019284686,-9.982166,-0.009801843,-0.072152086,0.0026764967
73392000,0.7301129,-0.025031233,-9.994655,-0.009931861,-0.07062192,0.002541848
73396000,0.73314416,-0.026451506,-9.989515,-0.010764624,-0.06839195,0.0024341089
73400000,0.73149925,-0.023282425,-9.981684,-0.010724762,-0.065378025,0.0016801916
73404000,0.7228141,-0.024186967,-9.9850445,-0.010866866,-0.06380164,0.0019014151
73408000,0.7194217,-0.022460664,-9.980726,-0.011536051,-0.0619685,0.0019452391
73412000,0.7238777,-0.024447547,-9.98019,-0.012327706,-0.058336057,0.0018488545
73416000,0.7208856,-0.02946614,-9.9814625,-0.012477851,-0.05604539,0.0021538308
73420000,0.7163826,-0.016081143,-9.986814,-0.0116925435,-0.054891955,0.0025295722
73424000,0.71322644,-0.017351536,-9.991398,-0.011631328,-0.052757792,0.0031811297
73428000,0.71133447,-0.023397498,-9.97948,-0.011399758,-0.049281564,0.0016150292
73432000,0.7179094,-0.0272262,-9.975504,-0.011302876,-0.04700577,0.0010071618
73436000,0.7228394,-0.019583002,-9.977276,-0.011568173,-0.045112204,0.0027288285
73440000,0.7186465,-0.017418824,-9.97201,-0.010919046,-0.04211481,0.0022821834
73444000,0.7157382,-0.02453282,-9.97571,-0.010146368,-0.039001975,0.0010990694
73448000,0.72391284,-0.02286066,-9.978113,-0.010225792,-0.036562715,0.0014512502
73452000,0.7246671,-0.026656078,-9.979715,-0.009870214,-0.03463362,0.0014581447
73456000,0.71953565,-0.024563495,-9.984337,-0.0093618315,-0.03236835,0.002009459
73460000,0.7142154,-0.028679166,-9.984289,-0.009290267,-0.029954746,0.003439146
73464000,0.713699,-0.029918546,-9.980564,-0.010806947,-0.027967738,0.0034057219
73468000,0.71401525,-0.022477524,-9.983083,-0.012199921,-0.0251366,0.0021942127
73472000,0.7112265,-0.022556022,-9.986902,-0.011744895,-0.022415861,0.0023220924
73476000,0.7154993,-0.020051138,-9.983133,-0.0120853055,-0.020218896,0.0025161528
73480000,0.71679765,-0.01671203,-9.989965,-0.012271637,-0.018452214,0.0031810503
73484000,0.7147037,-0.021823784,-9.985378,-0.012365466,-0.016674045,0.0025965709
73488000,0.7162459,-0.029409831,-9.9768715,-0.013313997,-0.013996009,0.0017485456
73492000,0.72028685,-0.02857558,-9.98539,-0.01328822,-0.012247769,0.0027098763
73496000,0.7126596,-0.02877807,-9.990633,-0.012700854,-0.0100081125,0.0027266704
73500000,0.7087375,-0.03442934,-9.993533,-0.012460253,-0.00824644,0.0018890434
73504000,0.70581734,-0.032329984,-9.992181,-0.011997671,-0.0074965614,0.0018628518
73508000,0.70534396,-0.02522685,-9.983015,-0.012645662,-0.0050160633,0.002738646
73512000,0.7124404,-0.023082018,-9.982434,-0.012485942,-0.00271565,0.0024315284
73516000,0.7008121,-0.032115895,-9.984966,-0.012053382,-0.0010234017,0.0028153346
73520000,0.6982895,-0.030311788,-9.980955,-0.011610295,0.0018738913,0.0025978913
73524000,0.712366,-0.026574984,-9.984842,-0.01156686,0.004216398,0.0021421525
73528000,0.7099787,-0.019193998,-9.97939,-0.011989891,0.005693901,0.0021043264
73532000,0.7077894,-0.014283222,-9.97302,-0.012338648,0.008058631,0.0012883386
73536000,0.7086222,-0.025783967,-9.982883,-0.012612967,0.010467394,0.0020572476
73540000,0.69927764,-0.030530715,-9.984194,-0.012017337,0.011755167,0.0024162726
73544000,0.69803953,-0.025157696,-9.984172,-0.011939935,0.013529289,0.0017768489
73548000,0.6980316,-0.021631194,-9.9842205,-0.011445081,0.015705243,0.001644723
73552000,0.6914823,-0.024969459,-9.985212,-0.011223512,0.01847622,0.0019623148
73556000,0.69330996,-0.025403706,-9.990387,-0.01211348,0.020986758,0.0020262485
73560000,0.6966236,-0.025001338,-9.985493,-0.012318901,0.02249786,0.0018348686
73564000,0.6934035,-0.02746701,-9.97657,-0.012068566,0.024457268,0.0016909911
73568000,0.6884676,-0.034218676,-9.979427,-0.011856101,0.02558917,0.0012928764
73572000,0.6899836,-0.029050315,-9.988574,-0.01137523,0.026539417,0.0023541746
73576000,0.68948627,-0.02062912,-9.99461,-0.0112396,0.029571254,0.0026728457
73580000,0.68888146,-0.020473886,-9.997718,-0.011067227,0.03267058,0.0019600578
73584000,0.69408244,-0.021068584,-9.99371,-0.0119049065,0.033763316,0.0015842989
73588000,0.69546854,-0.030870866,-9.985128,-0.012115263,0.035482254,0.0010238171
73592000,0.6903521,-0.030186305,-9.983383,-0.011435943,0.03858713,0.0017010343
73596000,0.6831237,-0.02693633,-9.983671,-0.011582117,0.03956918,0.0022491647
73600000,0.68007714,-0.0341634,-9.977741,-0.0121971425,0.040260598,0.0021884209
73604000,0.68799376,-0.02846928,-9.982521,-0.012144461,0.042289343,0.00088076555
73608000,0.6901566,-0.025206283,-9.982509,-0.010745846,0.04420218,0.0009166971
73612000,0.68690443,-0.026206886,-9.978285,-0.01181178,0.046081915,0.0015762844
73616000,0.68604493,-0.025941877,-9.982447,-0.013690252,0.04706057,0.0016001435
73620000,0.6848198,-0.024962433,-9.984637,-0.01256055,0.04796841,0.0023619765
73624000,0.68432516,-0.020112803,-9.984149,-0.011579506,0.05108385,0.0021911163
73628000,0.68182206,-0.025143899,-9.978352,-0.011735385,0.053509522,0.0013666966
73632000,0.6818876,-0.028441481,-9.982692,-0.010870314,0.05474624,0.0012670753
73636000,0.6805623,-0.02267734,-9.988702,-0.010924448,0.057322,0.00077088363
73640000,0.68331957,-0.02259885,-9.98158,-0.012172271,0.058264945,0.0013904402
73644000,0.6856154,-0.022194616,-9.976025,-0.011680446,0.058331836,0.0023190216
73648000,0.68281937,-0.020923832,-9.973902,-0.011373561,0.060482316,0.0020127762
73652000,0.6831819,-0.024861682,-9.976172,-0.012489737,0.062019404,0.0014290827
73656000,0.67742467,-0.03080462,-9.979828,-0.013631983,0.06337077,0.0016239249
73660000,0.67787194,-0.027826803,-9.983068,-0.013807384,0.06533357,0.0030173867
73664000,0.6850989,-0.024019806,-9.976222,-0.013684736,0.06722738,0.0033390282
73668000,0.6791042,-0.03087876,-9.972778,-0.013519913,0.068591185,0.0029024887
73672000,0.6742763,-0.029153876,-9.981594,-0.012449333,0.06989443,0.0021298332
73676000,0.6736698,-0.02126609,-9.98436,-0.01205768,0.07225086,0.0021740175
73680000,0.6700705,-0.027874552,-9.986271,-0.012632204,0.07407295,0.0024382183
73684000,0.66689384,-0.026187168,-9.981329,-0.012221187,0.07368894,0.002902031
73688000,0.66633874,-0.01653321,-9.98511,-0.01163813,0.07483031,0.0023775024
73692000,0.6643348,-0.019442713,-9.986571,-0.011645249,0.07809227,0.0015877086
73696000,0.6726797,-0.023176504,-9.977273,-0.011740071,0.07996021,0.002510082
73700000,0.67556703,-0.02442952,-9.97878,-0.012133931,0.08109079,0.0021347413
73704000,0.6656046,-0.02180832,-9.975652,-0.012065238,0.081725195,0.0021837605
73708000,0.66057086,-0.028945334,-9.970985,-0.011991687,0.083290644,0.002282488
73712000,0.6656313,-0.029743204,-9.973644,-0.011693129,0.08518919,0.0019256044
73716000,0.6685655,-0.018913103,-9.980316,-0.011851621,0.08636777,0.0028745253
73720000,0.67085195,-0.017683474,-9.979087,-0.01293303,0.08746716,0.0023650748
73724000,0.6653875,-0.019806582,-9.972723,-0.01292097,0.089012966,0.0022621446
73728000,0.65965056,-0.025065623,-9.967007,-0.01255864,0.09075784,0.0024664516
73732000,0.6639838,-0.02351028,-9.96715,-0.012355193,0.09243484,0.0026956778
73736000,0.66436434,-0.019648997,-9.976135,-0.012398175,0.093250066,0.0024525323
73740000,0.66362906,-0.02448629,-9.972364,-0.012353895,0.09379023,0.0014934998
73744000,0.66075134,-0.02820884,-9.966024,-0.0124390675,0.09510315,0.0025857368
73748000,0.65999824,-0.030104076,-9.964411,-0.012763255,0.0972768,0.0019305141
73752000,0.65716827,-0.033351902,-9.974493,-0.012300585,0.0985636,0.00191609
73756000,0.65522516,-0.033007286,-9.979071,-0.012968017,0.099002115,0.0035361762
73760000,0.6541295,-0.02677011,-9.970266,-0.013547853,0.10174313,0.0026591655
73764000,0.6426656,-0.024286076,-9.965757,-0.012660143,0.1034096,0.0024199584
73768000,0.6387949,-0.023339571,-9.967857,-0.011852272,0.103760794,0.002768954
73772000,0.64828616,-0.025379546,-9.9679785,-0.01183384,0.10434073,0.0020321682
73776000,0.64731586,-0.027133383,-9.966312,-0.012819919,0.1062546,0.0018223821
73780000,0.6460318,-0.016844025,-9.969248,-0.012231022,0.10857567,0.0026837396
73784000,0.6552036,-0.019208485,-9.972218,-0.011815664,0.10941196,0.0035651529
73788000,0.6530911,-0.03139275,-9.977223,-0.012692354,0.11011062,0.002681993
73792000,0.64936686,-0.032276105,-9.968301,-0.012403081,0.11090049,0.002241075
73796000,0.64950144,-0.030898081,-9.957758,-0.011840997,0.11209321,0.0029136501
73800000,0.639982,-0.028849399,-9.958603,-0.011073942,0.113702685,0.0026318922
73804000,0.6462353,-0.025717523,-9.964088,-0.012060361,0.1152488,0.002211303
73808000,0.6498933,-0.029523967,-9.970167,-0.013204422,0.11547235,0.0019328825
73812000,0.6456158,-0.031028027,-9.964462,-0.0124868825,0.115836486,0.0021801796
73816000,0.6496787,-0.02261508,-9.964367,-0.011337761,0.11701901,0.0026802283
73820000,0.6437057,-0.021484341,-9.965298,-0.011296907,0.1178579,0.0024899987
73824000,0.64070714,-0.022388382,-9.957913,-0.012324099,0.11927463,0.0018538197
73828000,0.6428845,-0.020808917,-9.956317,-0.012949963,0.12129561,0.0023085496
73832000,0.6375357,-0.02105001,-9.955464,-0.012978709,0.12233284,0.0032700042
73836000,0.6446394,-0.025240589,-9.949539,-0.013305611,0.12345032,0.0034048029
73840000,0.65001297,-0.028442357,-9.949663,-0.013330022,0.12466166,0.0027448097
73844000,0.6393579,-0.026790865,-9.961298,-0.0121775605,0.12592053,0.0018660867
73848000,0.64083755,-0.030018939,-9.962619,-0.012578466,0.12704249,0.0012065897
73852000,0.64339006,-0.027916338,-9.960592,-0.013002525,0.12707815,0.00214821
73856000,0.6327034,-0.022340521,-9.952669,-0.013196843,0.12705378,0.002587358
73860000,0.6333082,-0.022838645,-9.94863,-0.013222628,0.1284048,0.0019360136
73864000,0.63939774,-0.02309896,-9.95579,-0.012494771,0.12973034,0.0019502816
73868000,0.63537085,-0.02381398,-9.956534,-0.012855246,0.13041347,0.0019286972
73872000,0.6325763,-0.022422442,-9.953185,-0.012641446,0.13147306,0.0024079976
73876000,0.63555604,-0.024654076,-9.948833,-0.011581313,0.13206246,0.0017471451
73880000,0.63493365,-0.027921518,-9.947418,-0.011514942,0.13287985,0.001373257
73884000,0.6367562,-0.022397337,-9.951655,-0.012077638,0.13449472,0.002353833
73888000,0.6365787,-0.02210684,-9.953512,-0.012006336,0.13472155,0.002829359
73892000,0.63144255,-0.025049184,-9.944616,-0.012703803,0.13482234,0.0021996307
73896000,0.6299106,-0.022444649,-9.940107,-0.012810324,0.1354725,0.0009251075
73900000,0.6313054,-0.019763442,-9.9378195,-0.012100787,0.13614464,0.0012828275
73904000,0.62626934,-0.021092607,-9.93734,-0.012464761,0.13676566,0.0029572097
73908000,0.6250826,-0.026280517,-9.941202,-0.012604299,0.13801649,0.0025240316
73912000,0.6288461,-0.025881335,-9.937294,-0.011987809,0.1398404,0.0021124848
73916000,0.62946457,-0.021124301,-9.938787,-0.011807103,0.14016193,0.002648869
73920000,0.63215864,-0.015809411,-9.949343,-0.01194263,0.1412088,0.002562367
73924000,0.63219243,-0.023050811,-9.949282,-0.011604856,0.1408773,0.002396364
73928000,0.62714756,-0.032105852,-9.944153,-0.012610787,0.14053878,0.0024104458
73932000,0.62047964,-0.024609424,-9.944178,-0.012022993,0.14314412,0.0023982017
73936000,0.62199056,-0.020879654,-9.935255,-0.011363032,0.1446398,0.0021038877
73940000,0.6245185,-0.02166952,-9.935675,-0.013521518,0.14429617,0.0026913078
73944000,0.62647706,-0.019318515,-9.945001,-0.013636308,0.14421624,0.0024680793
73948000,0.62954086,-0.027447037,-9.938994,-0.012357269,0.14611652,0.00093142065
73952000,0.62034464,-0.030711733,-9.933809,-0.012692092,0.14728782,0.00051142357
73956000,0.61130244,-0.022771366,-9.934132,-0.012969627,0.14780211,0.001240471
73960000,0.61943257,-0.024192149,-9.935879,-0.012521303,0.14853346,0.0021694289
73964000,0.61575943,-0.03023803,-9.938309,-0.011772152,0.14927137,0.0018323767
73968000,0.6145866,-0.02730415,-9.931744,-0.012378448,0.15024044,0.0022612035
73972000,0.6200872,-0.022104288,-9.927608,-0.013680583,0.1505658,0.0032569938
73976000,0.6215034,-0.025303481,-9.927956,-0.013283393,0.15156081,0.0031565723
73980000,0.6198281,-0.02736422,-9.92889,-0.0128261205,0.15219745,0.002650957
73984000,0.613487,-0.0292082,-9.934963,-0.012827174,0.1525591,0.002063307
73988000,0.622416,-0.030376675,-9.937464,-0.012919413,0.15261838,0.0021721763
73992000,0.6224425,-0.02935911,-9.926186,-0.012733702,0.1524999,0.001781062
73996000,0.61590374,-0.033263523,-9.92467,-0.012969473,0.15322357,0.0014944841
74000000,0.61251247,-0.029316643,-9.937546,-0.01379502,0.15401563,0.0024834306
74004000,0.60791594,-0.024486888,-9.93223,-0.013054653,0.15495248,0.0031754777
74008000,0.60948193,-0.027365373,-9.920208,-0.013211338,0.1557415,0.0021870579
74012000,0.6086235,-0.027930636,-9.922436,-0.01371139,0.15610848,0.0023209294
74016000,0.611688,-0.020894283,-9.932057,-0.012824709,0.15681763,0.0035950781
74020000,0.60964644,-0.023040524,-9.926435,-0.0135639785,0.15658414,0.0024532152
74024000,0.60525495,-0.032494176,-9.912839,-0.014174096,0.15619762,0.0016697464
74028000,0.6085696,-0.02718263,-9.918121,-0.0142426845,0.15655152,0.0027972627
74032000,0.6080642,-0.017830368,-9.925163,-0.01437545,0.15730028,0.0022624584
74036000,0.6032423,-0.02444437,-9.918121,-0.0140226735,0.1577887,0.0021557678
74040000,0.59697556,-0.034345426,-9.915902,-0.013619789,0.15921721,0.0023308753
74044000,0.59901637,-0.028614052,-9.914488,-0.012840217,0.16154885,0.0022955432
74048000,0.6081948,-0.026573138,-9.914049,-0.013527462,0.16135707,0.0024072342
74052000,0.60167485,-0.035888582,-9.920504,-0.014325161,0.16110553,0.0021477186
74056000,0.59673274,-0.033618663,-9.917305,-0.014132071,0.16108014,0.0023898624
74060000,0.6052087,-0.020580672,-9.917496,-0.013184761,0.16117078,0.0019643696
74064000,0.6043724,-0.021957682,-9.91551,-0.0128868725,0.16244778,0.0025684936
74068000,0.60118634,-0.02308926,-9.907318,-0.014277338,0.16298057,0.003346485
74072000,0.6013223,-0.017605558,-9.914639,-0.014937103,0.16222322,0.002348197
74076000,0.597541,-0.017819056,-9.924864,-0.014484763,0.16236497,0.0015269571
74080000,0.6010262,-0.022246165,-9.925777,-0.01434897,0.16271728,0.002366287
74084000,0.60084486,-0.023012748,-9.915623,-0.014657224,0.16276672,0.0023249409
74088000,0.59633994,-0.024077315,-9.9042,-0.014433602,0.16408452,0.0023175995
74092000,0.5962642,-0.024770891,-9.903868,-0.014156262,0.16369954,0.002292797
74096000,0.59935,-0.0219733,-9.907195,-0.014016851,0.16345033,0.0018447848
74100000,0.599143,-0.021658126,-9.90373,-0.013246758,0.16452426,0.001992485
74104000,0.59462047,-0.024082491,-9.9028015,-0.013963071,0.16392918,0.0026461673
74108000,0.59310955,-0.025414579,-9.902853,-0.01454831,0.16423051,0.00263005
74112000,0.59357584,-0.018354379,-9.902639,-0.013474232,0.16554889,0.0017340734
74116000,0.5999882,-0.020053102,-9.902178,-0.01308231,0.16509016,0.003396235
74120000,0.6053189,-0.026772052,-9.902525,-0.0137968,0.165793,0.004123975
74124000,0.5989114,-0.025516987,-9.9039955,-0.015160448,0.16712211,0.0023037584
74128000,0.5868746,-0.019958897,-9.89184,-0.015593998,0.16663873,0.0020684213
74132000,0.5929142,-0.01893504,-9.891005,-0.014614705,0.16521248,0.0025101039
74136000,0.59589314,-0.028327163,-9.899437,-0.013994401,0.16568469,0.0025910207
74140000,0.59065545,-0.031367436,-9.907413,-0.014580084,0.16809577,0.0032173444
74144000,0.5893348,-0.026153946,-9.904214,-0.015523583,0.16810063,0.0032605964
74148000,0.5918241,-0.02385545,-9.898245,-0.01547393,0.16741787,0.0026495564
74152000,0.59154546,-0.026634023,-9.895724,-0.01464424,0.1678502,0.0025153887
74156000,0.5858668,-0.03118502,-9.887779,-0.0140678575,0.16758478,0.0023169182
74160000,0.5864439,-0.033169508,-9.886375,-0.014215251,0.16758499,0.0029613103
74164000,0.58583987,-0.028675761,-9.884845,-0.015380674,0.16793498,0.0028950956
74168000,0.58090556,-0.02733097,-9.888653,-0.015714832,0.16704926,0.0023099754
74172000,0.5829185,-0.022567522,-9.885286,-0.0153150745,0.16732693,0.0032012465
74176000,0.5829628,-0.017551094,-9.88267,-0.01452083,0.16747355,0.0029620363
74180000,0.5780787,-0.015181726,-9.88068,-0.014856229,0.16613977,0.0029479882
74184000,0.5847851,-0.017453227,-9.8787,-0.015670624,0.16691902,0.0029072731
74188000,0.5915612,-0.023221832,-9.87837,-0.015235061,0.16773072,0.0023198517
74192000,0.5910548,-0.020241925,-9.8739605,-0.015045124,0.16762055,0.0025879352
74196000,0.5893967,-0.015641384,-9.87633,-0.015225109,0.1679527,0.002462007
74200000,0.5889473,-0.019968437,-9.881008,-0.015527092,0.16831726,0.0022080755
74204000,0.58750343,-0.022214217,-9.877502,-0.015876915,0.16873372,0.0021752082
74208000,0.5788249,-0.021000134,-9.873117,-0.01625476,0.16820598,0.0019671023
74212000,0.5827797,-0.02487139,-9.876592,-0.016712787,0.16729748,0.0028612334
74216000,0.5875283,-0.024491899,-9.874141,-0.016006388,0.1686352,0.0031091075
74220000,0.5815033,-0.020814806,-9.86893,-0.015293687,0.16996123,0.0023838961
74224000,0.58131766,-0.026057191,-9.869173,-0.015321239,0.16897824,0.0022192097
74228000,0.5786251,-0.021739755,-9.872656,-0.015475904,0.1683603,0.0025793046
74232000,0.5726335,-0.01733539,-9.868895,-0.015415275,0.16832463,0.001996353
74236000,0.56973803,-0.025731482,-9.868437,-0.015236008,0.16807479,0.0015355864
74240000,0.5677772,-0.028794507,-9.870539,-0.015382251,0.16865686,0.0017793182
74244000,0.5780313,-0.02969663,-9.869841,-0.015434057,0.1693309,0.0024149846
74248000,0.5843792,-0.023454038,-9.868059,-0.015738657,0.16845855,0.003113369
74252000,0.58368945,-0.025107373,-9.86309,-0.015639506,0.16835335,0.0024801434
74256000,0.5815884,-0.027214983,-9.86319,-0.016396549,0.16815734,0.0017761828
74260000,0.5779704,-0.019555338,-9.862577,-0.016992634,0.16743842,0.0010545704
74264000,0.58186775,-0.012911607,-9.8676815,-0.01636829,0.16759662,0.00082525675
74268000,0.58157945,-0.01376596,-9.864365,-0.016677566,0.16755438,0.0017963133
74272000,0.5766568,-0.014045269,-9.854325,-0.017007142,0.16736269,0.0032528278
74276000,0.5760373,-0.015548054,-9.85088,-0.01640467,0.16689482,0.0029800902
74280000,0.579162,-0.020583369,-9.855777,-0.016222589,0.16634957,0.0015722648
74284000,0.5753244,-0.017001469,-9.8582535,-0.016177952,0.16726407,0.0022402217
74288000,0.57606256,-0.021075416,-9.856464,-0.01606672,0.16768885,0.0031807548
74292000,0.5780169,-0.029233811,-9.85352,-0.016055841,0.16742615,0.0028554879
74296000,0.5798147,-0.021319244,-9.846044,-0.016049433,0.16769338,0.0024434894
74300000,0.57457924,-0.017935526,-9.848061,-0.015444468,0.16773829,0.0018407023
74304000,0.569202,-0.023383327,-9.850816,-0.01568831,0.16633877,0.0017801858
74308000,0.57474494,-0.021803698,-9.8531885,-0.017086232,0.16574925,0.0022790383
74312000,0.5730199,-0.018358579,-9.846813,-0.01602482,0.16582513,0.002928666
74316000,0.5690188,-0.020277236,-9.840985,-0.014795935,0.1651567,0.002750981
74320000,0.5675515,-0.019524282,-9.840805,-0.015134656,0.16564932,0.0028829426
74324000,0.5675819,-0.014733838,-9.831591,-0.015608337,0.16483992,0.0035983375
74328000,0.5628761,-0.017813113,-9.833042,-0.017407032,0.16507402,0.0026461196
74332000,0.5608851,-0.022308072,-9.844202,-0.017351685,0.16571316,0.0024334483
74336000,0.56725496,-0.020785527,-9.8434105,-0.01605062,0.1648925,0.0029536737
74340000,0.56554073,-0.021172846,-9.834444,-0.015639866,0.16399604,0.0026996199
74344000,0.5660342,-0.023100415,-9.835894,-0.015743151,0.16272235,0.0024080826
74348000,0.5650557,-0.017040804,-9.839415,-0.017198488,0.16270944,0.00240931
74352000,0.5573033,-0.017157141,-9.83009,-0.016807169,0.16355154,0.002861893
74356000,0.558267,-0.027680654,-9.831587,-0.016107745,0.16335002,0.0031196245
74360000,0.5617435,-0.025228541,-9.838892,-0.015782708,0.16332309,0.0026573536
74364000,0.5632995,-0.022898382,-9.835844,-0.015954895,0.1639184,0.0029553631
74368000,0.56167316,-0.025815057,-9.833099,-0.017008469,0.1631287,0.003038593
74372000,0.5546756,-0.024533702,-9.834999,-0.0170217,0.16245711,0.0024930926
74376000,0.5541569,-0.020610202,-9.832918,-0.016609348,0.1618207,0.0029420771
74380000,0.5574672,-0.014203908,-9.832199,-0.016002674,0.1611749,0.0028008542
74384000,0.55983806,-0.020754626,-9.836903,-0.017186062,0.16174513,0.0020861493
74388000,0.56403446,-0.017716633,-9.833139,-0.017764062,0.16071872,0.0027418153
74392000,0.55628324,-0.00985594,-9.828469,-0.016600817,0.1597451,0.0026894833
74396000,0.55625576,-0.015445694,-9.82353,-0.015972713,0.15922171,0.0022418243
74400000,0.56383634,-0.01641917,-9.823595,-0.015901983,0.1593983,0.0025963783
74404000,0.56065494,-0.016607143,-9.828848,-0.015652433,0.15949501,0.001734864
74408000,0.5611049,-0.023037218,-9.823478,-0.015716093,0.1584341,0.0020351047
74412000,0.5590539,-0.02398748,-9.822184,-0.016869288,0.15780365,0.00277563
74416000,0.55902886,-0.02214043,-9.826103,-0.016598124,0.15763095,0.00219845
74420000,0.55929565,-0.02413684,-9.819468,-0.015839646,0.15721783,0.0017686572
74424000,0.5608468,-0.022071354,-9.815923,-0.015323804,0.15670162,0.0026664394
74428000,0.5606301,-0.018636614,-9.82484,-0.015060811,0.15572193,0.0021275538
74432000,0.553138,-0.024197739,-9.820593,-0.015555175,0.15574315,0.0010411268
74436000,0.554487,-0.025894681,-9.819361,-0.015509699,0.15618007,0.001953033
74440000,0.55821776,-0.022072203,-9.821419,-0.015251562,0.15454257,0.002985676
74444000,0.56107223,-0.020605354,-9.813072,-0.0142519,0.15531664,0.0025928325
74448000,0.5627372,-0.021129644,-9.812256,-0.014081009,0.15600994,0.002201495
74452000,0.5583645,-0.021186253,-9.80922,-0.014660816,0.15437251,0.0023477145
74456000,0.55728185,-0.020067677,-9.807131,-0.014491129,0.15292278,0.0025358514
74460000,0.55994236,-0.026010348,-9.812933,-0.014114289,0.15284878,0.0027808587
74464000,0.55867064,-0.028025039,-9.812544,-0.013753935,0.1534059,0.002476275
74468000,0.55836964,-0.03066576,-9.810324,-0.013628535,0.15316293,0.0025084303
74472000,0.553905,-0.028672718,-9.813234,-0.012537127,0.15291551,0.0023935111
74476000,0.55545557,-0.019316573,-9.808661,-0.012418939,0.15201078,0.002421997
74480000,0.5654057,-0.017014874,-9.796783,-0.012794561,0.15135533,0.002278846
74484000,0.55984735,-0.019608213,-9.803697,-0.0123256035,0.15067627,0.0022757596
74488000,0.5564727,-0.023400443,-9.81093,-0.012474561,0.1506556,0.0036217703
74492000,0.5552113,-0.022481093,-9.8041525,-0.012908276,0.15020803,0.003212556
74496000,0.55643475,-0.023371475,-9.807892,-0.012914205,0.14967546,0.0021288611
74500000,0.55995,-0.02251501,-9.807108,-0.0127667375,0.14972994,0.0028956158
74504000,0.552747,-0.012784649,-9.804884,-0.012629714,0.14875932,0.0026951376
74508000,0.5501427,-0.009216315,-9.803635,-0.0125125535,0.14817062,0.00250784
74512000,0.5589148,-0.01521689,-9.798205,-0.013230989,0.14693439,0.003143765
74516000,0.5542958,-0.024832763,-9.795124,-0.0118815275,0.14673272,0.0026713226
74520000,0.5514916,-0.023245594,-9.795065,-0.010938665,0.14639282,0.0018310688
74524000,0.55816877,-0.0166255,-9.799746,-0.011796694,0.14611161,0.002702279
74528000,0.5500028,-0.022019502,-9.806421,-0.011203564,0.14600931,0.0024222166
74532000,0.5491444,-0.030156095,-9.802563,-0.010572469,0.1447341,0.0022470178
74536000,0.55124855,-0.022412818,-9.795492,-0.01099983,0.1443448,0.0032383306
74540000,0.5475397,-0.01646071,-9.794644,-0.011604248,0.14417514,0.0031187234
74544000,0.5491446,-0.018095804,-9.796244,-0.0106004095,0.14403927,0.0029502301
74548000,0.5462638,-0.023347056,-9.794773,-0.010388804,0.14326456,0.002649863
74552000,0.540976,-0.025454486,-9.800293,-0.0106632635,0.14254628,0.0025275513
74556000,0.5445001,-0.023634939,-9.800601,-0.010279755,0.14180057,0.002165046
74560000,0.5501305,-0.02152971,-9.795927,-0.00953928,0.14189236,0.00249068
74564000,0.5486918,-0.022064066,-9.8005295,-0.009623676,0.14198112,0.0032579033
74568000,0.54185927,-0.025625033,-9.796776,-0.009856507,0.14148149,0.0035605442
74572000,0.5395197,-0.019212095,-9.794431,-0.009117902,0.14105414,0.0033690908
74576000,0.5424346,-0.014101223,-9.800471,-0.008581312,0.14043112,0.0021263724
74580000,0.54385394,-0.011736478,-9.80324,-0.0077954982,0.13962778,0.0024210552
74584000,0.5495851,-0.014514698,-9.796694,-0.00782284,0.13941619,0.0030928443
74588000,0.55414367,-0.021725876,-9.790413,-0.008142702,0.13910142,0.0022045167
74592000,0.5511207,-0.020028919,-9.799594,-0.008194055,0.13725267,0.0026271665
74596000,0.55000424,-0.014800782,-9.799043,-0.007541821,0.13671434,0.0036086459
74600000,0.5474981,-0.017141987,-9.788313,-0.007012945,0.13687763,0.0034707207
74604000,0.5498096,-0.02077395,-9.78645,-0.0066922344,0.13621555,0.002383731
74608000,0.5492192,-0.017709797,-9.787097,-0.006538341,0.13691115,0.0014331674
74612000,0.5393668,-0.0074016526,-9.787367,-0.0074562696,0.13659541,0.0021698284
74616000,0.53767216,-0.010863973,-9.7895355,-0.007519646,0.13390991,0.0031442104
74620000,0.54206204,-0.02004916,-9.79361,-0.0073483177,0.13231897,0.0034309356
74624000,0.53971255,-0.01633033,-9.78726,-0.0070344815,0.13181147,0.0026681917
74628000,0.5445113,-0.021964721,-9.784875,-0.006525309,0.13217628,0.003373185
74632000,0.55063474,-0.02062917,-9.796654,-0.0067827436,0.13197878,0.0041802395
74636000,0.54267174,-0.0070449333,-9.801179,-0.0064196754,0.1313777,0.0028084589
74640000,0.5438256,-0.013429433,-9.796069,-0.00419651,0.13102965,0.0031634476
74644000,0.54571193,-0.022645606,-9.798555,-0.0034118178,0.12990803,0.0029001548
74648000,0.5368181,-0.021067105,-9.797032,-0.004376438,0.12982336,0.0024886495
74652000,0.5327117,-0.017371282,-9.792627,-0.0045802523,0.12988447,0.0030905048
74656000,0.53930825,-0.020822572,-9.787062,-0.0041461294,0.12955397,0.0029554993
74660000,0.5463791,-0.025170079,-9.7869835,-0.0044388874,0.12916014,0.0035209972
74664000,0.53981066,-0.020845601,-9.789696,-0.0055090752,0.12885419,0.0038521711
74668000,0.5318535,-0.018203275,-9.785252,-0.0052319565,0.1276727,0.002636628
74672000,0.54013854,-0.01993506,-9.792223,-0.0044140704,0.126421,0.0031130598
74676000,0.54117864,-0.019632932,-9.790831,-0.003876197,0.12582572,0.0037525543
74680000,0.54223883,-0.020729084,-9.785078,-0.0032903869,0.12475555,0.0034815618
74684000,0.5428883,-0.020275159,-9.787614,-0.0037067577,0.12370915,0.003284569
74688000,0.536384,-0.018423961,-9.785887,-0.0041483566,0.12367616,0.0025885203
74692000,0.54036826,-0.011986023,-9.778994,-0.0031266685,0.12386419,0.0025279226
74696000,0.54283655,-0.011360656,-9.780113,-0.0024798994,0.12298036,0.002674503
74700000,0.5407795,-0.023341235,-9.790609,-0.003152893,0.12245049,0.0029009297
74704000,0.5390971,-0.023139503,-9.790536,-0.0036383208,0.121857926,0.00265221
74708000,0.54062355,-0.016419409,-9.782954,-0.0028724559,0.12068528,0.0023438528
74712000,0.54280853,-0.02164456,-9.780556,-0.0028192296,0.12064502,0.0025421246
74716000,0.5466466,-0.023638297,-9.78257,-0.0016715782,0.12054448,0.0025776478
74720000,0.54525936,-0.021183724,-9.785948,-0.000103120125,0.11898576,0.0033856798
74724000,0.53798115,-0.020805335,-9.7905035,-0.00095655903,0.118862994,0.003267332
74728000,0.53741664,-0.021774305,-9.793135,-0.0018585916,0.11888787,0.0030918578
74732000,0.5443133,-0.021249292,-9.787149,-0.0015322652,0.117524646,0.003473507
74736000,0.54595757,-0.014221988,-9.782619,-0.0012821669,0.11630189,0.0028123395
74740000,0.5355861,-0.014572686,-9.78121,-0.0011504762,0.11544938,0.0029669032
74744000,0.53083324,-0.017397542,-9.78175,-0.0013518588,0.11501923,0.0029642747
74748000,0.53362155,-0.017533816,-9.77582,-0.0023373335,0.11517146,0.0023734574
74752000,0.5330366,-0.013822687,-9.763702,-0.0012784421,0.11379527,0.002614879
74756000,0.5357009,-0.010590471,-9.77164,7.319103e-05,0.111727566,0.0030173496
74760000,0.5392142,-0.014771966,-9.780427,-0.00019253777,0.11180576,0.003358575
74764000,0.53736687,-0.014332744,-9.781054,-0.00051437353,0.11152074,0.0037041786
74768000,0.54131305,-0.0179961,-9.776958,6.265352e-05,0.11121172,0.0031751217
74772000,0.5426535,-0.01237222,-9.77466,0.0007976041,0.11081552,0.003691524
74776000,0.53789127,-0.0071041533,-9.773781,0.0008102344,0.110772416,0.0036218313
74780000,0.5343886,-0.01772666,-9.768702,0.0010377981,0.11012752,0.0016456736
74784000,0.53513145,-0.017557845,-9.771693,0.0011196098,0.10825522,0.002094383
74788000,0.5353985,-0.014253681,-9.768556,0.0009197048,0.10802395,0.0029647413
74792000,0.54273134,-0.013503994,-9.767616,0.0020050635,0.10653725,0.003010767
74796000,0.54389215,-0.020460047,-9.770187,0.0025826013,0.10512622,0.0036547352
74800000,0.5342684,-0.026253842,-9.771793,0.0017811698,0.105241865,0.0030505364
74804000,0.5408956,-0.024103805,-9.772604,0.0011275976,0.10487926,0.003021688
74808000,0.543808,-0.022703385,-9.766918,0.0012542057,0.10494608,0.003453155
74812000,0.5444131,-0.022317374,-9.769314,0.0013017767,0.104394555,0.0029205445
74816000,0.55214816,-0.02406385,-9.770743,0.00072657084,0.102467455,0.002370885
74820000,0.5499852,-0.020848492,-9.774194,0.0011648771,0.1022679,0.0023348376
74824000,0.54138017,-0.020763807,-9.775767,0.0012232573,0.103243865,0.0024002122
74828000,0.5398076,-0.023540538,-9.76754,0.0014182992,0.102814786,0.0029242719
74832000,0.53881764,-0.019140115,-9.770304,0.0024481956,0.10183503,0.0025547468
74836000,0.53524673,-0.020241812,-9.780392,0.0028160883,0.10121938,0.002286728
74840000,0.5361476,-0.021854926,-9.778901,0.0029729519,0.100299045,0.0024225498
74844000,0.53378814,-0.016281998,-9.77244,0.0031752328,0.0987517,0.0029877163
74848000,0.5281257,-0.013808723,-9.767946,0.0036765821,0.09814634,0.0028468543
74852000,0.5288413,-0.014081588,-9.771537,0.0041320915,0.098305225,0.0019913407
74856000,0.5319755,-0.019040437,-9.773585,0.003150442,0.09771,0.0029728266
74860000,0.53855085,-0.024526224,-9.773003,0.0034801161,0.09663903,0.0032031771
74864000,0.54491854,-0.020457968,-9.776422,0.004085401,0.09580676,0.0027526922
74868000,0.5377914,-0.013861397,-9.767536,0.0036690067,0.09471622,0.0029114892
74872000,0.53194726,-0.018367816,-9.760879,0.0043473644,0.09430051,0.002433793
74876000,0.5354869,-0.018842,-9.762221,0.0045539164,0.09402573,0.002987372
74880000,0.5313709,-0.009666759,-9.765259,0.0044417377,0.093354225,0.004277176
74884000,0.52641344,-0.007328652,-9.766975,0.004690763,0.092814,0.0038104053
74888000,0.5359533,-0.010600954,-9.769472,0.005010284,0.092785284,0.0027855476
74892000,0.5377385,-0.014217179,-9.77289,0.0049684565,0.092669755,0.0027023135
74896000,0.53566134,-0.015615662,-9.771622,0.0050624656,0.09201638,0.0033817647
74900000,0.5314898,-0.022571245,-9.772192,0.0057884725,0.09123063,0.0033805382
74904000,0.53223556,-0.024764448,-9.780974,0.006743003,0.090063706,0.003326907
74908000,0.54202217,-0.01663719,-9.779404,0.0068194466,0.08920587,0.0034826435
74912000,0.54438233,-0.013021112,-9.768137,0.0059531527,0.08824377,0.003739919
74916000,0.5390558,-0.017303769,-9.764279,0.0053430214,0.08767025,0.0039896485
74920000,0.53463185,-0.014873884,-9.768627,0.0046313438,0.08705217,0.0040665236
74924000,0.53752655,-0.009283467,-9.768683,0.005363474,0.086533666,0.0033553194
74928000,0.5387994,-0.007165392,-9.767282,0.0061559887,0.08593176,0.0017407403
74932000,0.539116,-0.0077758194,-9.767856,0.005942712,0.08579269,0.0026451813
74936000,0.5363927,-0.010685795,-9.767367,0.0048319907,0.08566636,0.003863202
74940000,0.5352087,-0.009775803,-9.770051,0.004677822,0.08465382,0.0026740779
74944000,0.5284984,-0.012537181,-9.771534,0.005235592,0.08400993,0.002776275
74948000,0.5324135,-0.010488994,-9.76601,0.0059774322,0.084307835,0.0033675223
74952000,0.54416186,-0.013654193,-9.75519,0.006281325,0.08347818,0.002997911
74956000,0.5425349,-0.016715894,-9.759733,0.0052159126,0.08189048,0.0028204343
74960000,0.5356921,-0.014671081,-9.762747,0.0058909054,0.08115281,0.0025190029
74964000,0.5363951,-0.01810931,-9.763254,0.006370362,0.08077818,0.002861152
74968000,0.53793406,-0.011358149,-9.76753,0.006309083,0.079700515,0.0035258394
74972000,0.5418626,-0.01018018,-9.763198,0.006327283,0.07864722,0.0033133936
74976000,0.53961587,-0.01642052,-9.762877,0.0058222576,0.07886234,0.004007514
74980000,0.53392816,-0.015949586,-9.760015,0.0058919853,0.077526614,0.0041516335
74984000,0.5404789,-0.010380553,-9.755029,0.006097058,0.0759726,0.0031407871
74988000,0.53759164,-0.011619886,-9.761777,0.005814237,0.07613161,0.0031399087
74992000,0.52573246,-0.01747574,-9.766597,0.0064523253,0.07601936,0.0029341837
74996000,0.5294171,-0.013738915,-9.7637825,0.0072655077,0.07520295,0.0029587315
75000000,0.5374737,-0.013410252,-9.757097,0.0067354604,0.07479778,0.0028577019
75004000,0.53232247,-0.015356072,-9.758146,0.0060086204,0.074471384,0.0026753386
75008000,0.5324371,-0.017545182,-9.755601,0.0064398916,0.07306847,0.0027851076
75012000,0.5328014,-0.019790981,-9.753457,0.00712727,0.072074294,0.0029325192
75016000,0.53336006,-0.017206846,-9.755436,0.006584067,0.07211809,0.003676134
75020000,0.53705716,-0.016029814,-9.757783,0.0059983404,0.07140973,0.003184989
75024000,0.53800005,-0.015802562,-9.759133,0.0062370314,0.071064726,0.001982659
75028000,0.5353343,-0.010863572,-9.752254,0.006041794,0.07154015,0.0023017381
75032000,0.53528845,-0.011195617,-9.755201,0.007114652,0.07022126,0.0027898764
75036000,0.53038394,-0.015738454,-9.759275,0.0070827478,0.06924559,0.0030179562
75040000,0.5245808,-0.015544066,-9.7660475,0.0058260555,0.06918749,0.0031709156
75044000,0.52346116,-0.01676599,-9.759542,0.005717883,0.0677259,0.0024968453
75048000,0.52748454,-0.01784452,-9.752907,0.0064345715,0.06698553,0.0035102675
75052000,0.53764516,-0.020406313,-9.763836,0.007554134,0.065849744,0.004006401
75056000,0.5379419,-0.018732794,-9.768955,0.006935697,0.064745925,0.0024024982
75060000,0.53767645,-0.010063281,-9.761763,0.0068407,0.06462675,0.0017915735
75064000,0.5396118,-0.0075069983,-9.754957,0.0076235663,0.063842885,0.0021550609
75068000,0.5380693,-0.009263018,-9.760735,0.0071684653,0.06262103,0.002774453
75072000,0.53482604,-0.0138726635,-9.763868,0.006243248,0.06251522,0.002620478
75076000,0.528291,-0.016823485,-9.754324,0.005814172,0.06282794,0.002564828
75080000,0.52573156,-0.013502393,-9.750457,0.005633694,0.06181613,0.0026164965
75084000,0.53433627,-0.018577723,-9.753807,0.005347857,0.06115293,0.0024727273
75088000,0.53570586,-0.016519772,-9.7542515,0.0060250824,0.06025511,0.0026860877
75092000,0.5318213,-0.010505268,-9.755871,0.006413364,0.059308775,0.0023244899
75096000,0.5309566,-0.013606817,-9.759804,0.0068174615,0.058971442,0.0029569326
75100000,0.5377356,-0.013104252,-9.763333,0.0066694687,0.058893654,0.0026255967
75104000,0.5452118,-0.014469098,-9.766468,0.006421058,0.058967713,0.0012603606
75108000,0.54031706,-0.0200367,-9.761098,0.006796485,0.058145512,0.0020371594
75112000,0.5383479,-0.017810658,-9.748796,0.006113747,0.05683771,0.003002534
75116000,0.5380721,-0.019125834,-9.757256,0.0062079327,0.05641218,0.0020169471
75120000,0.53431743,-0.014538324,-9.763879,0.0066468217,0.055926125,0.0028710568
75124000,0.53585804,-0.002845937,-9.759415,0.0066878106,0.053927954,0.003891867
75128000,0.53686,-0.0029779966,-9.759971,0.007301171,0.05334497,0.0030923586
75132000,0.537539,-0.0018616527,-9.758406,0.007159203,0.05341178,0.0030580214
75136000,0.53483754,-0.010156597,-9.756693,0.006988854,0.052324615,0.0025823284
75140000,0.5318983,-0.02397958,-9.759478,0.0073184017,0.05066821,0.0020055978
75144000,0.53808916,-0.02127427,-9.758255,0.0075406255,0.05067862,0.0023534822
75148000,0.5407752,-0.013078221,-9.75408,0.0068400926,0.05214279,0.0022125256
75152000,0.5451683,-0.012999184,-9.758827,0.0069344435,0.051080935,0.0019706336
75156000,0.5361999,-0.011896052,-9.758223,0.0078051826,0.050376657,0.0028223095
75160000,0.53478867,-0.0062512467,-9.757729,0.007919804,0.0506002,0.003325388
75164000,0.5350485,-0.0068714945,-9.762053,0.008549047,0.04946627,0.0023586608
75168000,0.52567667,-0.011164106,-9.758887,0.0078359,0.049159776,0.0013654814
75172000,0.53753376,-0.00859147,-9.755823,0.0073315916,0.048445262,0.0017038388
75176000,0.5389408,-0.006551989,-9.756315,0.0072123343,0.047527686,0.0020586208
75180000,0.53569484,-0.007796949,-9.756384,0.0071207024,0.046945825,0.0016916431
75184000,0.5318538,-0.019538224,-9.7557125,0.007505585,0.045485653,0.0012746804
75188000,0.53387344,-0.026560728,-9.753098,0.0071839984,0.04534658,0.0010123935
75192000,0.53813124,-0.016905678,-9.749073,0.0066593913,0.044569507,0.001123936
75196000,0.5318793,-0.007878461,-9.75091,0.0067662485,0.04384849,0.0022487368
75200000,0.5324727,-0.013501738,-9.758135,0.007746262,0.04410691,0.0018984535
75204000,0.5339579,-0.019123929,-9.755158,0.0076737986,0.043891426,0.0015486238
75208000,0.5323962,-0.01533273,-9.747,0.008083511,0.043627713,0.0023363566
75212000,0.53730273,-0.014394824,-9.754326,0.008575956,0.043966725,0.0026953276
75216000,0.5341248,-0.008593134,-9.765522,0.008576402,0.043564964,0.0015323489
75220000,0.5385004,-0.0092460355,-9.764413,0.008929389,0.0414508,0.00041192584
75224000,0.5411702,-0.013239344,-9.752333,0.0076418417,0.041220766,0.0017497301
75228000,0.5336648,-0.010933101,-9.747343,0.0067751487,0.04128438,0.0025854
75232000,0.53641164,-0.009386754,-9.755447,0.007210701,0.041492943,0.0024380598
75236000,0.5337608,-0.014919235,-9.756027,0.0068985242,0.041334838,0.0019784223
75240000,0.5349116,-0.015472566,-9.744469,0.0067518395,0.03894683,0.0021667208
75244000,0.5403855,-0.0040341294,-9.745547,0.007958517,0.037967525,0.0025105975
75248000,0.54243886,-0.0040923604,-9.7481,0.00776662,0.038328372,0.001757578
75252000,0.54077363,-0.0029521303,-9.746132,0.006458016,0.03796305,0.0026641043
75256000,0.5395574,-0.0004503334,-9.751262,0.006562845,0.03759128,0.0026069446
75260000,0.5379973,-0.010060336,-9.75168,0.007369424,0.036972612,0.0021431358
75264000,0.5303811,-0.0107422825,-9.747313,0.008500551,0.036997166,0.0027537425
75268000,0.5315523,-0.009632838,-9.741763,0.009178505,0.03694068,0.0023522675
75272000,0.5345032,-0.015567137,-9.742769,0.008923903,0.035951715,0.0024558876
75276000,0.53537697,-0.01648955,-9.746832,0.009192458,0.035159428,0.0033144935
75280000,0.5356778,-0.007449279,-9.745106,0.008680746,0.03469459,0.0024170163
75284000,0.53274035,-0.007905828,-9.750801,0.007917539,0.03460281,0.001873028
75288000,0.53120625,-0.009535451,-9.754217,0.008350161,0.034623664,0.0029060484
75292000,0.5341635,-0.0049677067,-9.749544,0.008407644,0.034728028,0.0028399394
75296000,0.53972614,-0.0063665393,-9.746015,0.008154495,0.033958137,0.0022806525
75300000,0.5416788,-0.010019527,-9.749662,0.007977643,0.033180032,0.003212214
75304000,0.54212797,-0.0056208973,-9.745371,0.007810617,0.033604383,0.0038123364
75308000,0.5405003,-0.0036064286,-9.74584,0.007861775,0.033195235,0.0031773008
75312000,0.53888774,-0.014606812,-9.756727,0.008727611,0.032472003,0.0021915173
75316000,0.5325562,-0.013641298,-9.754693,0.009805969,0.032061845,0.0021676973
75320000,0.53338367,-0.006564229,-9.750702,0.010008576,0.030458018,0.0027547712
75324000,0.5428325,-0.0035463737,-9.751499,0.009640686,0.029893162,0.002368766
75328000,0.5395744,-0.009475324,-9.748623,0.009586433,0.030540697,0.0029502376
75332000,0.5377753,-0.010381412,-9.740769,0.009319564,0.03088192,0.0022739975
75336000,0.5413096,-0.003113514,-9.740383,0.008719149,0.030707018,0.0019873972
75340000,0.5359819,-0.007361254,-9.7412815,0.008528037,0.030398518,0.0026660382
75344000,0.5369729,-0.014334896,-9.744397,0.008302761,0.030335909,0.003206434
75348000,0.5390315,-0.008909674,-9.742653,0.007810846,0.030289028,0.0031486033
75352000,0.54251933,-0.001834699,-9.73522,0.007911119,0.029237272,0.0025221843
75356000,0.54225016,-0.0034620822,-9.736887,0.009046803,0.02755929,0.0023093196
75360000,0.53734744,-0.009556219,-9.744604,0.009364422,0.027051214,0.00353793
75364000,0.5394663,-0.010903051,-9.746573,0.008837299,0.026861556,0.004034174
75368000,0.5360862,-0.008627686,-9.7484,0.008860555,0.026126303,0.0020397631
75372000,0.5319927,-0.0043697627,-9.748213,0.009462813,0.025716411,0.0015454122
75376000,0.5292259,-0.008845912,-9.739981,0.008923406,0.025525462,0.0024249002
75380000,0.5306548,-0.0063889665,-9.73837,0.008254172,0.025620822,0.0029142401
75384000,0.53867745,-0.008818684,-9.738979,0.008869096,0.025558405,0.0034713277
75388000,0.53988063,-0.014175748,-9.740622,0.009000888,0.026110671,0.0035950637
75392000,0.5361476,-0.0054425024,-9.742552,0.00957571,0.025703853,0.0031672455
75396000,0.5355009,-0.006225408,-9.737503,0.010274294,0.024639415,0.0030525387
75400000,0.54293764,-0.0060252324,-9.739426,0.00953195,0.024929099,0.0027172263
75404000,0.5404308,-0.010559362,-9.742104,0.009560626,0.024363125,0.0025894416
75408000,0.53368604,-0.014606519,-9.740381,0.010286998,0.023249889,0.0024671352
75412000,0.540468,-0.008016313,-9.7433815,0.010961794,0.022324692,0.0024549458
75416000,0.5456342,-0.011030725,-9.736729,0.010686602,0.022756917,0.0027129839
75420000,0.5380627,-0.020012064,-9.733564,0.008575482,0.022645848,0.0033414392
75424000,0.53177744,-0.014119089,-9.736792,0.007673371,0.0216367,0.0034662262
75428000,0.5431611,-0.015152034,-9.741163,0.008650603,0.022403603,0.002587683
75432000,0.5496497,-0.021487389,-9.742597,0.010667091,0.022303373,0.0032269254
75436000,0.5440301,-0.01463545,-9.735344,0.010833587,0.02186738,0.0038163676
75440000,0.53915554,-0.014377646,-9.740677,0.010000776,0.02125958,0.0033956822
75444000,0.5353057,-0.017405655,-9.743721,0.010294368,0.020165278,0.0030357838
75448000,0.5379809,-0.009750529,-9.740919,0.010364841,0.020529836,0.0029688247
75452000,0.53693616,-0.0043842904,-9.740701,0.010144184,0.019605415,0.00257904
75456000,0.5350466,-0.008561949,-9.734866,0.009552225,0.01949461,0.0011569149
75460000,0.5410222,-0.008849247,-9.726902,0.009965155,0.019723687,0.0011985649
75464000,0.5432106,-0.0058338344,-9.732612,0.010281239,0.018750703,0.0020034772
75468000,0.5455722,-0.010220544,-9.743393,0.009959088,0.0189194,0.0021986556
75472000,0.5446284,-0.010313681,-9.743618,0.010013339,0.017900517,0.0025844153
75476000,0.5406538,-0.012444148,-9.73984,0.010542339,0.016239297,0.002779518
75480000,0.54431546,-0.017451363,-9.734383,0.009872931,0.016015088,0.0032401292
75484000,0.54754114,-0.009933187,-9.738302,0.010683596,0.01586869,0.0025485128
75488000,0.54620945,-0.0052238465,-9.743187,0.011721193,0.014308723,0.001255317
75492000,0.5459899,-0.014294295,-9.740812,0.011462124,0.014263059,0.0018864057
75496000,0.54585624,-0.01230752,-9.740046,0.011413203,0.016237058,0.0023412781
75500000,0.541446,-0.0010671377,-9.732483,0.010935173,0.016608123,0.0022447696
75504000,0.53622806,-0.0030095547,-9.73452,0.011272669,0.016029822,0.001999571
75508000,0.53712237,-0.009993042,-9.735451,0.011634668,0.015682384,0.0021634037
75512000,0.5403723,-0.0131886825,-9.735529,0.012268949,0.016279407,0.0032094654
75516000,0.54247,-0.009511759,-9.734621,0.0114919,0.016363535,0.002632769
75520000,0.54258966,-0.005869367,-9.731792,0.010418883,0.015241682,0.0011259636
75524000,0.54781437,-0.008031158,-9.73294,0.010316533,0.015603359,0.001833411
75528000,0.5519669,-0.0069628083,-9.73052,0.010230506,0.016034622,0.0030255918
75532000,0.5516478,-0.004172211,-9.736202,0.010415006,0.015598731,0.002159671
75536000,0.54622364,-0.008245049,-9.739265,0.010213649,0.014490615,0.00068927405
75540000,0.5412158,-0.0043983264,-9.739345,0.011169894,0.013007808,0.001266181
75544000,0.5467341,-0.0011795945,-9.74438,0.011474146,0.012737963,0.0021206771
75548000,0.54407203,-0.00874148,-9.734414,0.010291789,0.013612016,0.0028558346
75552000,0.536674,-0.0076494208,-9.722121,0.010512432,0.013124563,0.0023988595
75556000,0.5366965,-0.011832833,-9.735365,0.011596625,0.01144877,0.0018877193
75560000,0.54498816,-0.010245451,-9.741343,0.010941298,0.011695684,0.002053604
75564000,0.5520251,-0.010083838,-9.732081,0.010702265,0.011412529,0.0010318839
75568000,0.5459392,-0.017496618,-9.724907,0.011161396,0.01124901,0.0016258531
75572000,0.54232216,-0.014010595,-9.722939,0.0110014,0.012071957,0.0023855914
75576000,0.53952,-0.008065537,-9.732708,0.010772621,0.011894913,0.001889837
75580000,0.5349731,-0.010840737,-9.748094,0.010526142,0.012204148,0.0021388724
75584000,0.5405812,-0.012123097,-9.74286,0.011561524,0.012028701,0.002546253
75588000,0.5443856,-0.00784542,-9.736904,0.012245121,0.011761409,0.0021933152
75592000,0.54124784,-0.007964423,-9.738152,0.012263034,0.0111933425,0.0021033306
75596000,0.5416041,-0.007851719,-9.731247,0.011827919,0.00971032,0.0031006425
75600000,0.54926974,-0.008488948,-9.735209,0.011634337,0.008539663,0.0019775347
75604000,0.54671204,-0.011268623,-9.741738,0.011704446,0.009250932,0.0017851748
75608000,0.54187435,-0.008492756,-9.739601,0.0120008085,0.009726465,0.0023595397
75612000,0.5437963,-0.011643844,-9.737625,0.011786489,0.009471347,0.0013843009
75616000,0.5483612,-0.021132587,-9.735273,0.011810808,0.009452568,0.0011661588
75620000,0.5494076,-0.01409503,-9.725934,0.011507,0.009201754,0.0009461711
75624000,0.5441648,-0.009539032,-9.721216,0.010446092,0.009862139,0.0005676602
75628000,0.5427613,-0.009945962,-9.730299,0.010460106,0.0094001135,0.0007186309
75632000,0.53893256,-0.009622583,-9.737715,0.0102665,0.008691672,0.0018112292
75636000,0.53781724,-0.011462201,-9.736038,0.0112389,0.009284457,0.001916444
75640000,0.5369984,-0.0039845286,-9.734333,0.010877255,0.009845827,0.0015887171
75644000,0.54363227,-0.0023471026,-9.7307825,0.009490274,0.008404539,0.001527432
75648000,0.54869723,-0.007916346,-9.726501,0.009820156,0.0075881025,0.0023485955
75652000,0.54567707,-0.013204932,-9.725114,0.010651968,0.008562716,0.0029611706
75656000,0.5474282,-0.011201186,-9.720445,0.01165355,0.00827546,0.0033413053
75660000,0.5440972,-0.014196759,-9.717051,0.011360221,0.006836907,0.0028849936
75664000,0.54251957,-0.014582505,-9.709627,0.010695197,0.005912004,0.001521375
75668000,0.53793883,-0.006769832,-9.700907,0.0106865205,0.0055760005,0.0015562291
75672000,0.53950596,-0.004832317,-9.6981325,0.0098462,0.004201086,0.0017907899
75676000,0.54746485,-0.010623669,-9.68572,0.007730463,0.0012558701,0.0023643293
75680000,0.54875886,-0.008719085,-9.669912,0.006958119,-0.003994676,0.0026202213
75684000,0.54945016,-0.0056334543,-9.651198,0.0054279063,-0.008647666,0.0025880656
75688000,0.5432164,-0.0083916215,-9.629153,0.00302431,-0.013092279,0.0019094982
75692000,0.5385556,-0.005322964,-9.608601,0.0026054794,-0.019167956,0.0013142888
75696000,0.53742003,-0.0107159065,-9.578711,0.0006709973,-0.025781376,0.0015940024
75700000,0.5341706,-0.0035488764,-9.546714,-0.0011347065,-0.03233032,0.0010758725
75704000,0.5384511,0.0051314128,-9.528395,-0.0022233517,-0.037612297,0.00066003413
75708000,0.5412886,0.0003758382,-9.514067,-0.0036541286,-0.043685585,0.0006226808
75712000,0.5309849,-0.006893235,-9.498238,-0.004307041,-0.051513392,0.0014773243
75716000,0.5308324,-0.0070069795,-9.48255,-0.0066393027,-0.057800442,0.001432871
75720000,0.5373616,-0.0057249838,-9.450223,-0.008236485,-0.06319249,0.0016141466
75724000,0.533522,-0.007178128,-9.421099,-0.007622282,-0.0692905,0.0017318799
75728000,0.52421427,-0.009908039,-9.395389,-0.008770164,-0.07528764,0.0012590353
75732000,0.5190049,-0.004704608,-9.367418,-0.010313318,-0.07989883,0.002216528
75736000,0.5285144,-0.0049399175,-9.34731,-0.010256895,-0.084237665,0.0019341833
75740000,0.53335685,-0.010483193,-9.307774,-0.009826472,-0.088636644,0.0016630719
75744000,0.52547085,-0.008767465,-9.266407,-0.0101085175,-0.091466576,0.0021987834
75748000,0.5237397,-0.0039181383,-9.243572,-0.010169628,-0.09398163,0.0015411987
75752000,0.5295868,-0.0021116657,-9.227371,-0.010335189,-0.09584227,0.0012358639
75756000,0.5355119,-0.007629077,-9.216337,-0.011360931,-0.096969396,0.0014543578
75760000,0.5309175,-0.004459393,-9.195665,-0.010516138,-0.098354265,0.0015999757
75764000,0.5281851,-0.009423185,-9.158606,-0.010000899,-0.099155806,0.0012641451
75768000,0.53581965,-0.009626116,-9.1287,-0.009456744,-0.09984796,0.00083262083
75772000,0.53259325,-0.00732909,-9.105784,-0.008645967,-0.10102402,0.0012707807
75776000,0.524998,-0.0130248815,-9.07757,-0.009874055,-0.10108018,0.0010316243
75780000,0.53385806,-0.010501979,-9.041275,-0.01017918,-0.10100177,0.0015729626
75784000,0.52716506,-0.0120944455,-9.013613,-0.008724049,-0.10045183,0.00221258
75788000,0.5183367,-0.008870206,-8.999376,-0.0077864705,-0.099236645,0.0015590836
75792000,0.5216421,-0.0024403997,-8.983,-0.008016716,-0.09845041,0.0022430792
75796000,0.5209811,-0.00036432385,-8.978931,-0.007200322,-0.09763196,0.00316487
75800000,0.52753985,-0.0016017262,-8.964579,-0.0063714925,-0.09648134,0.0024335834
75804000,0.53065383,-0.008467578,-8.927559,-0.0070702154,-0.09397894,0.0023964555
75808000,0.5231442,-0.0071068034,-8.894455,-0.0072023883,-0.09248994,0.0024851745
75812000,0.51593685,-0.011361015,-8.867244,-0.0056059854,-0.09337585,0.0019906468
75816000,0.5130006,-0.012541322,-8.83897,-0.0044709886,-0.092358835,0.0014968961
75820000,0.5197752,-0.0040695947,-8.807791,-0.004006786,-0.09058456,0.0021799312
75824000,0.5200491,-0.0067019854,-8.787839,-0.0034788158,-0.09065044,0.0029487067
75828000,0.51519895,-0.0062195305,-8.778412,-0.0036635743,-0.0889366,0.0015086966
75832000,0.5194674,-0.006882256,-8.767634,-0.0028637939,-0.08643918,0.0019720814
75836000,0.51860434,-0.011880849,-8.756916,-0.0017587494,-0.08483757,0.0023631454
75840000,0.52333474,-0.0064432854,-8.734854,-0.0012595346,-0.08312391,0.0018042462
75844000,0.5250381,-0.0055304896,-8.703337,-0.0015161367,-0.08066419,0.0016791968
75848000,0.51676977,-0.004899457,-8.6786,-0.0019582242,-0.07729118,0.0011300308
75852000,0.5164449,0.0011814025,-8.657551,-0.001018588,-0.07473409,0.001952277
75856000,0.5192793,-0.0002424853,-8.632158,-0.00025864303,-0.07355628,0.0024555994
75860000,0.517342,-0.0073482823,-8.608639,-0.00012342728,-0.07189952,0.0017449398
75864000,0.5185569,-0.00782434,-8.586218,0.00021783818,-0.07002376,0.0012869053
75868000,0.52572614,-0.004392393,-8.568719,0.00026716175,-0.067740835,0.0023483715
75872000,0.5212656,-0.0024767062,-8.560999,0.0004919646,-0.06467578,0.0029230018
75876000,0.514966,-0.0038798158,-8.561062,0.001383878,-0.063670024,0.0030329656
75880000,0.51521325,-0.008758905,-8.544453,0.0020745397,-0.061812736,0.002506516
75884000,0.51773036,-0.006478362,-8.507099,0.0016803651,-0.05992502,0.001643457
75888000,0.51972234,-0.0019546035,-8.480466,0.0026117754,-0.05775563,0.0014647391
75892000,0.51492167,0.004907692,-8.469808,0.003359767,-0.054852497,0.0013748588
75896000,0.5154805,1.8663039e-05,-8.44623,0.0033089512,-0.05369381,0.0025272246
75900000,0.513864,-0.010767358,-8.413271,0.0046656854,-0.052323796,0.003436563
75904000,0.51585424,-0.00827583,-8.388626,0.005612421,-0.050772633,0.002145072
75908000,0.5212518,-0.010691823,-8.38481,0.0042034527,-0.0490598,0.0007721501
75912000,0.5173948,-0.007300286,-8.397139,0.0035344828,-0.04660102,0.0011153258
75916000,0.5134564,-0.0025304144,-8.394201,0.005360084,-0.043810073,0.0015125556
75920000,0.51521957,-0.007129164,-8.373558,0.0063567813,-0.040286735,0.00232718
75924000,0.50905365,-0.010042877,-8.336996,0.0054968046,-0.03756503,0.0028677152
75928000,0.5030329,-0.009493235,-8.313917,0.0054157777,-0.03537332,0.0021180988
75932000,0.506231,0.0009879541,-8.30872,0.0072238287,-0.032484718,0.0020549323
75936000,0.50863016,-0.0010157366,-8.284285,0.008426727,-0.03028929,0.002554878
75940000,0.5060601,-0.003756164,-8.247906,0.008945354,-0.028383965,0.0020970125
75944000,0.50429386,-0.00082227023,-8.233126,0.009699907,-0.025861746,0.0017230834
75948000,0.5063821,-0.0091258185,-8.223593,0.009893134,-0.023540197,0.0014098885
75952000,0.5092876,-0.0119047295,-8.218283,0.009647551,-0.021499967,0.00090115756
75956000,0.51051974,-0.0013191904,-8.229765,0.010092806,-0.019320913,0.0005317267
75960000,0.51385725,-0.002466795,-8.213027,0.0102220485,-0.017240593,0.00031536078
75964000,0.51138043,-0.009568491,-8.181055,0.010699098,-0.015080988,0.00036944155
75968000,0.5011278,-0.0066607967,-8.158833,0.010851266,-0.013337535,0.00066508417
75972000,0.5044724,-0.00473822,-8.145792,0.011027066,-0.010465519,0.0008147867
75976000,0.5135925,-0.00095833355,-8.125714,0.012150948,-0.0082578575,0.0013112864
75980000,0.51133776,0.0020241132,-8.096288,0.013058715,-0.0072812326,0.001472035
75984000,0.5109075,-0.001883061,-8.084458,0.013200454,-0.005274051,0.00072829786
75988000,0.5091843,-0.005082066,-8.072689,0.013065149,-0.0034980942,0.00076246343
75992000,0.50600255,-0.0065948227,-8.074955,0.013069764,-0.001686623,0.0018161258
75996000,0.51508826,-0.0074838013,-8.086998,0.012885987,0.00017295017,0.0013720857
76000000,0.5163993,-0.008358963,-8.070327,0.012770952,0.0015151614,-7.9064244e-05
76004000,0.5092807,-0.010891136,-8.03806,0.013271058,0.00361375,0.0008563568
76008000,0.49942628,-0.004496222,-8.014932,0.014232435,0.0055261417,0.0018563684
76012000,0.4974468,-0.0034171713,-8.004,0.01524967,0.0072085056,0.0003475869
76016000,0.50295866,-0.009576227,-7.989222,0.015523996,0.009096392,-0.00018467003
76020000,0.4992502,-0.011785769,-7.955187,0.015198604,0.011166227,0.0006973229
76024000,0.49930274,-0.015572387,-7.927955,0.01606293,0.013395225,0.000877564
76028000,0.4993806,-0.011095349,-7.925657,0.01629441,0.015303971,0.0014525146
76032000,0.49798337,-0.005159822,-7.936647,0.016207691,0.016755555,0.0014788529
76036000,0.50133836,-0.008623285,-7.9499865,0.017329702,0.01901567,0.00069464446
76040000,0.50200987,-0.003985919,-7.935911,0.018452665,0.021615466,0.0011209218
76044000,0.4977397,-0.0021595266,-7.9013033,0.018594366,0.022445466,0.00054780446
76048000,0.49975333,-0.010865266,-7.877388,0.018415581,0.02439432,0.0003335482
76052000,0.49971843,-0.0065351822,-7.8595214,0.019046487,0.026609754,0.0012980143
76056000,0.49789697,-0.0018418957,-7.8360558,0.019872367,0.028140964,0.0011358232
76060000,0.49914664,-0.00060544425,-7.8099613,0.020493038,0.030400896,0.0011676081
76064000,0.49708602,-0.0039439276,-7.7924385,0.02079337,0.032275606,0.0019661868
76068000,0.49663898,-0.011161843,-7.7807484,0.019779861,0.033906262,0.002354076
76072000,0.50160766,-0.010473839,-7.7935953,0.019949226,0.036045957,0.0012433933
76076000,0.5017361,-0.008048641,-7.8138943,0.020147787,0.03765778,0.000880305
76080000,0.49514404,-0.004077729,-7.8094034,0.019956203,0.038719248,0.0014015312
76084000,0.49245223,0.000112712754,-7.8109455,0.020544626,0.040413868,0.0011053485
76088000,0.5007831,0.0012624072,-7.8238416,0.020675885,0.042058606,0.0006591571
76092000,0.49917063,-0.0057076034,-7.8511972,0.022862436,0.04333554,0.0011212729
76096000,0.496873,-0.009385887,-7.8847957,0.023429642,0.044897094,0.0013499038
76100000,0.5057372,-0.0026809257,-7.9004073,0.022988299,0.04572689,0.0008021138
76104000,0.5050334,-0.003930852,-7.931388,0.023265522,0.045923825,0.00031543197
76108000,0.50245786,-0.01014899,-7.966969,0.023404723,0.04766977,-0.00019999819
76112000,0.50326025,-0.012420215,-8.006663,0.02374262,0.050466612,0.00062068383
76116000,0.51029766,-0.012416474,-8.063047,0.02427615,0.051677994,0.0014155282
76120000,0.5132871,-0.013789662,-8.09504,0.025036529,0.053521603,0.0013614047
76124000,0.5138151,-0.012217873,-8.120037,0.025136996,0.05584894,0.0013970799
76128000,0.51890635,-0.0038437243,-8.16059,0.026168806,0.056995284,0.0020303437
76132000,0.5239037,-0.0055888076,-8.197994,0.025946282,0.05860229,0.0015796347
76136000,0.52349734,-0.008399771,-8.228324,0.025740203,0.05964234,0.0012757321
76140000,0.5150047,-0.0039250827,-8.260032,0.026548048,0.061045013,0.00083857885
76144000,0.51801527,-0.004845041,-8.3040495,0.026313895,0.06295125,-0.00029452934
76148000,0.5209837,-0.0046794484,-8.332948,0.025928134,0.06391737,0.0005039391
76152000,0.519915,-0.00338878,-8.369724,0.025874611,0.06490021,0.0011978954
76156000,0.5254867,-0.004233672,-8.426613,0.026297575,0.066314735,0.0005682282
76160000,0.52393985,-0.009355891,-8.45895,0.027412891,0.066472374,9.3880015e-05
76164000,0.5209925,-0.014910294,-8.48803,0.02784381,0.066789456,0.00085427664
76168000,0.5183228,-0.011385323,-8.523753,0.027705627,0.06800929,0.0012264247
76172000,0.5225797,0.0006256097,-8.551173,0.027298346,0.069851935,0.0012415966
76176000,0.5336317,0.0025401607,-8.584227,0.02747531,0.07183041,0.0013708903
76180000,0.53306484,-0.011153698,-8.621475,0.028157743,0.07319157,0.0016231575
76184000,0.52175546,-0.011332922,-8.654682,0.028294139,0.07439196,0.0013713269
76188000,0.5256112,-0.005801859,-8.689901,0.028964238,0.07542539,0.00055775186
76192000,0.53838754,-0.009114321,-8.730309,0.029101044,0.07639928,0.000543185
76196000,0.53751296,-0.013369238,-8.776716,0.029296698,0.078267485,0.0005825114
76200000,0.53432983,-0.007232952,-8.807919,0.030061357,0.07979428,7.967231e-05
76204000,0.5347396,0.0006130913,-8.827797,0.03030636,0.08100525,-0.0005357823
76208000,0.53609705,-0.0022943197,-8.8552,0.031519722,0.0818385,-0.00037852034
76212000,0.5405678,-0.008357993,-8.890445,0.031678557,0.08419168,0.0011838176
76216000,0.541678,-0.013929656,-8.919606,0.030795472,0.08749996,0.0013362936
76220000,0.5406529,-0.0061777555,-8.944176,0.032264747,0.0887215,-0.00021318691
76224000,0.5421949,0.0020375806,-8.979618,0.03295864,0.08936608,-0.00048356832
76228000,0.54199624,-0.0013463859,-9.0162115,0.033020057,0.08985751,0.0006441951
76232000,0.5389693,-0.0025620707,-9.044657,0.033024028,0.09171069,0.00084435276
76236000,0.5388272,-0.0022575767,-9.079327,0.03239296,0.0942036,0.0004285066
76240000,0.53627586,-0.009462615,-9.110369,0.032091178,0.09485457,0.0009227766
76244000,0.5415176,-0.010572904,-9.135813,0.03227384,0.09579574,0.00157233
76248000,0.54862106,-0.0048027183,-9.16021,0.033164375,0.09699156,0.0010613647
76252000,0.54588884,-0.0053631505,-9.187276,0.033615794,0.09878595,-0.00011799432
76256000,0.54864955,-0.0075625735,-9.211322,0.033930432,0.101710275,-4.1828756e-05
76260000,0.5475894,-0.005375881,-9.232203,0.03397628,0.10259892,0.0011045297
76264000,0.544971,-0.009481531,-9.258976,0.034190763,0.10280945,0.0016408993
76268000,0.554773,-0.008513014,-9.290238,0.034990177,0.104271844,0.0011197802
76272000,0.5622335,-0.0014238103,-9.330265,0.035662226,0.10720548,0.0011953976
76276000,0.5478249,-0.0074793855,-9.359812,0.03599647,0.10925393,0.0009623734
76280000,0.54399276,-0.011481309,-9.389666,0.03682411,0.110141814,7.846075e-05
76284000,0.55885136,-0.009745883,-9.411667,0.03660388,0.11116792,-0.000417781
76288000,0.5597478,-0.0074770604,-9.430845,0.036176607,0.11320962,-0.00015918456
76292000,0.55682766,-0.0065510557,-9.458443,0.036372967,0.11495035,0.000389467
76296000,0.5535415,7.374022e-05,-9.482937,0.03739098,0.11696249,0.0002888441
76300000,0.5557587,0.0039341347,-9.505236,0.037990663,0.119729,0.0001182789
76304000,0.5653341,-0.00035195553,-9.525576,0.038123302,0.123329826,0.00012577153
76308000,0.5644436,-0.006433885,-9.5507,0.038112342,0.12559716,0.0007431279
76312000,0.5571425,-0.011015043,-9.585122,0.037821386,0.12697929,0.00038342306
76316000,0.557135,-0.006958812,-9.619031,0.03838081,0.1293039,3.3738066e-05
76320000,0.5571105,-0.0039957566,-9.644683,0.038237832,0.13098118,-0.00016991975
76324000,0.5622494,-0.006946823,-9.667402,0.03835047,0.13360281,3.1142642e-06
76328000,0.5707768,-0.0076453197,-9.688745,0.03847571,0.13598385,0.000571539
76332000,0.5727639,-0.0051195878,-9.717451,0.038925067,0.13688165,0.00032697024
76336000,0.5738753,-0.0040452806,-9.740923,0.04003031,0.1392157,-2.6908141e-05
76340000,0.57416403,-0.010753544,-9.755165,0.040280137,0.14314225,-0.00027594023
76344000,0.57822,-0.008892432,-9.778233,0.03988827,0.1457653,-0.00066281436
76348000,0.5762714,-0.0048185866,-9.8040695,0.04028096,0.14872003,-0.00031677086
76352000,0.57052875,-0.006350483,-9.828064,0.04125338,0.15287992,0.0002746658
76356000,0.57091564,-0.0066313944,-9.857094,0.041377276,0.15715702,-2.1905116e-05
76360000,0.5786809,-0.0114722615,-9.878286,0.041341912,0.16018656,0.00013875276
76364000,0.5835055,-0.009726137,-9.887548,0.042162877,0.16282842,0.00037159456
76368000,0.58137965,-0.0063384795,-9.902143,0.042607464,0.16600987,0.0006956113
76372000,0.5748106,-0.0076333527,-9.926257,0.041546855,0.16865355,8.8406145e-05
76376000,0.5725366,-0.011991634,-9.940737,0.04130216,0.17077556,-0.00040077552
76380000,0.5819037,-0.010960554,-9.951548,0.04174973,0.17259187,0.000111276226
76384000,0.58359635,-0.0017860939,-9.966713,0.042326525,0.17367396,0.00051726087
76388000,0.58210707,-0.0064953845,-9.984535,0.04286977,0.17485772,0.00077537814
76392000,0.5787498,-0.009748674,-10.007843,0.0420389,0.17533761,0.0007362685
76396000,0.5805,-0.012975237,-10.026421,0.04176413,0.1753556,2.0683994e-05
76400000,0.5914682,-0.020966329,-10.039644,0.042026367,0.17439805,-0.000753054
76404000,0.58926487,-0.004474491,-10.055138,0.041609284,0.17192736,0.0010831136
76408000,0.5800364,0.0066250893,-10.07086,0.042054594,0.16941008,0.0010493364
76412000,0.58333594,-0.0044696964,-10.083774,0.042053264,0.16761199,-0.00032887523
76416000,0.5860597,-0.0052047684,-10.096332,0.042136196,0.16506125,-0.00050239766
76420000,0.5806718,-0.007776339,-10.122292,0.042854004,0.16220976,-0.00050426065
76424000,0.5828115,-0.00839612,-10.141993,0.04224773,0.15977216,0.00068141375
76428000,0.59064305,-0.0048703924,-10.144741,0.041293085,0.15641966,0.0008259911
76432000,0.59001887,-0.008864655,-10.154744,0.03997396,0.15268913,0.0006987024
76436000,0.5826436,-0.014015251,-10.172584,0.040138815,0.14831218,0.00065507466
76440000,0.58448064,-0.008883058,-10.19714,0.03991346,0.1442507,-0.0003896214
76444000,0.5835064,-0.0039197668,-10.212525,0.03924861,0.13989139,-0.0003167568
76448000,0.5850488,-0.010153245,-10.226133,0.040343508,0.1353876,-0.00030088777
76452000,0.5903851,-0.011433405,-10.241802,0.040210035,0.13113552,-0.00076230377
76456000,0.587601,-0.014216738,-10.250827,0.039245043,0.126474,-0.00018939629
76460000,0.59226656,-0.010185623,-10.2647915,0.03905232,0.12180214,-0.00010987085
76464000,0.5949531,-0.006757755,-10.276638,0.03867212,0.1160588,0.00014150287
76468000,0.59077764,-0.008028304,-10.290504,0.038901653,0.11072974,-0.00023629118
76472000,0.5802313,-0.012359846,-10.306135,0.039921325,0.1053717,-0.0006399313
76476000,0.5765438,-0.012502259,-10.316368,0.04022574,0.099605605,-0.0005316146
76480000,0.5812219,-0.008172042,-10.323202,0.039223704,0.09389091,-7.899316e-05
76484000,0.5836335,-0.0036530595,-10.3336735,0.038363945,0.08746004,-0.0002334214
76488000,0.5954495,-0.0022919995,-10.347484,0.03792037,0.08126787,-0.00095993595
76492000,0.5927571,-0.010862358,-10.349218,0.03876923,0.07644844,-0.00087227894
76496000,0.5854192,-0.008229188,-10.343616,0.037879735,0.07093278,-0.0002125013
76500000,0.58921945,-0.0069018756,-10.348332,0.0366448,0.06420503,-0.00013917036
76504000,0.5841565,-0.00925901,-10.351316,0.036288317,0.057666317,-1.2628315e-05
76508000,0.57921803,-0.0039193854,-10.343224,0.0357772,0.05109299,2.0041023e-05
76512000,0.5849525,-0.006413295,-10.341363,0.035436578,0.045079846,-0.0017281384
76516000,0.59317255,-0.007758315,-10.337173,0.03388965,0.03990022,-0.0012324213
76520000,0.5968896,-0.009438015,-10.3311825,0.033294115,0.034138016,0.00022853567
76524000,0.5934707,-0.006708678,-10.318289,0.033584345,0.026972938,-2.9630035e-05
76528000,0.58877206,-0.009993587,-10.303291,0.03390363,0.02149954,-0.00025172773
76532000,0.5877825,-0.016433384,-10.291874,0.032796614,0.016500536,-0.00043304774
76536000,0.58889043,-0.014493721,-10.280506,0.032055315,0.010345826,-0.0010251958
76540000,0.5856434,-0.014959032,-10.268428,0.03186896,0.0040489556,-0.0008806609
76544000,0.58357036,-0.009521531,-10.246981,0.031165745,-0.001787314,-0.00066792674
76548000,0.5816502,-0.011253084,-10.237457,0.029976351,-0.008422814,-0.0018932029
76552000,0.57797956,-0.01543813,-10.229454,0.028776567,-0.014615345,-0.0017687168
76556000,0.57967734,-0.008850866,-10.209114,0.026803149,-0.018500237,-0.0010807692
76560000,0.5815516,-0.0036072077,-10.19598,0.023821607,-0.023910532,-0.000810008
76564000,0.57832444,-0.008467788,-10.192139,0.021657713,-0.03023506,-0.0008473998
76568000,0.5780177,-0.013067071,-10.17804,0.019906126,-0.03506357,-0.00061806303
76572000,0.58225906,-0.008945027,-10.164718,0.017747195,-0.038914904,2.1523228e-05
76576000,0.58089256,-0.007669469,-10.150578,0.01410867,-0.042452347,-0.00020052961
76580000,0.58240485,-0.007914831,-10.131968,0.010577601,-0.047541976,-0.00056788244
76584000,0.590276,-0.0064803255,-10.120174,0.007937814,-0.05269768,-0.0009137054
76588000,0.5893777,-0.00942135,-10.111431,0.0045165652,-0.056761313,-6.7785746e-05
76592000,0.5846195,-0.008064535,-10.100736,0.00053642376,-0.061095648,4.2523632e-05
76596000,0.581608,-0.004320926,-10.091836,-0.0031488328,-0.066042274,-0.00085317815
76600000,0.577279,-0.0057448056,-10.078055,-0.007172534,-0.07021005,-0.002036731
76604000,0.5786059,-0.0024940763,-10.057225,-0.010900361,-0.07393634,-0.0023659237
76608000,0.58375156,-0.006808731,-10.045124,-0.015668089,-0.07777939,-0.002476051
76612000,0.58669794,-0.008284184,-10.032386,-0.020460024,-0.081586674,-0.0024187658
76616000,0.59116787,-0.00097092445,-10.014857,-0.024453344,-0.085610084,-0.0013341699
76620000,0.59327537,-0.00024966337,-10.005944,-0.027864996,-0.089581,-0.0018863211
76624000,0.58615625,-0.008421855,-9.992374,-0.0290939,-0.09204388,-0.002515105
76628000,0.5852282,-0.01065488,-9.979206,-0.03144441,-0.09405301,-0.001797274
76632000,0.58676785,-0.010063082,-9.984548,-0.035318434,-0.097688705,-0.0015241029
76636000,0.5783128,-0.0135091925,-9.985792,-0.0383053,-0.10017754,-0.0016322363
76640000,0.58176786,-0.005780332,-9.980993,-0.03971241,-0.10211478,-0.00067979004
76644000,0.582706,-0.0058055324,-9.974261,-0.040639296,-0.10482811,-0.001416537
76648000,0.5770513,-0.0064362325,-9.957432,-0.042218946,-0.107099906,-0.00305766
76652000,0.5803484,-0.000742952,-9.942063,-0.043741234,-0.10880514,-0.0022911748
76656000,0.578793,-0.007734816,-9.925477,-0.044435754,-0.10853837,-0.001004472
76660000,0.57598406,-0.013550269,-9.912777,-0.04352198,-0.10861614,-0.0015231105
76664000,0.5748296,-0.007926826,-9.904675,-0.043413274,-0.1101007,-0.0026289518
76668000,0.5780841,-0.0091697555,-9.899958,-0.042955328,-0.111126766,-0.0019604482
76672000,0.5792446,-0.008921999,-9.901733,-0.042321328,-0.112502,-0.00037162608
76676000,0.58034563,-0.0060908208,-9.90263,-0.042748645,-0.112041734,-0.0009733243
76680000,0.57658803,-0.0071988595,-9.900726,-0.043198545,-0.11011323,-0.0026435861
76684000,0.57393,-0.00888417,-9.887009,-0.043761186,-0.109479606,-0.0030374795
76688000,0.57699907,-0.0064261276,-9.874926,-0.044101898,-0.10987093,-0.0017164182
76692000,0.5808333,-0.01047186,-9.8595495,-0.04521746,-0.1096994,-0.0017594898
76696000,0.5823449,-0.012537383,-9.8539715,-0.04654528,-0.108099714,-0.0018834589
76700000,0.58029866,-0.0060925907,-9.85382,-0.04646648,-0.106952384,-0.00071452133
76704000,0.58166003,-0.0049228505,-9.852819,-0.04528122,-0.10628315,-0.0010284344
76708000,0.5821384,-0.003933762,-9.848019,-0.04553381,-0.10604543,-0.0025608768
76712000,0.58143437,-0.00080734806,-9.835947,-0.046369363,-0.105964564,-0.0030762122
76716000,0.57623196,-0.0045550372,-9.840446,-0.046154637,-0.10443894,-0.0024896068
76720000,0.5776901,-0.009198316,-9.84097,-0.04526952,-0.103362314,-0.0018917285
76724000,0.57998425,-0.006714583,-9.820045,-0.045292426,-0.1026749,-0.0009140116
76728000,0.5793897,-0.008942268,-9.813824,-0.04528184,-0.100332215,-0.00027468798
76732000,0.57945526,-0.005851683,-9.819249,-0.044709615,-0.098685786,-0.0002851369
76736000,0.5838657,-0.0026292477,-9.8079605,-0.04441235,-0.09871807,-0.00033039314
76740000,0.5827984,-0.0056738,-9.800009,-0.04374518,-0.09820356,-0.0007932171
76744000,0.58151096,-0.009012812,-9.792595,-0.04298268,-0.09661921,-0.0016721131
76748000,0.58973426,-0.012832159,-9.785154,-0.042491224,-0.09451484,-0.0010647462
76752000,0.5870122,-0.009663328,-9.78727,-0.0415675,-0.09335686,-0.00023019438
76756000,0.58337736,-0.009020736,-9.7953205,-0.040910017,-0.09190329,-0.0005047551
76760000,0.5828453,-0.016685028,-9.79522,-0.040255368,-0.09026177,-0.00032561918
76764000,0.58051944,-0.013576976,-9.785511,-0.040197324,-0.08951897,3.3566488e-05
76768000,0.57837,-0.010325145,-9.779545,-0.039811637,-0.08801747,-0.00039196943
76772000,0.57935035,-0.01827337,-9.772833,-0.037564687,-0.08598227,-0.0009671006
76776000,0.58605015,-0.013957704,-9.764452,-0.036452994,-0.08467035,-0.00064709387
76780000,0.5910074,-0.012845165,-9.755758,-0.036082927,-0.08293442,-0.0009685333
76784000,0.5857425,-0.017549379,-9.747175,-0.0355,-0.08035994,-0.0007270088
76788000,0.58335644,-0.013135634,-9.745375,-0.034872707,-0.07880971,0.00073431095
76792000,0.5868028,-0.00736927,-9.747936,-0.034457177,-0.077255405,-0.00012516309
76796000,0.5857141,-0.010240873,-9.750698,-0.03387167,-0.074835844,-0.00089262484
76800000,0.58058816,-0.011098019,-9.748888,-0.033019207,-0.07355995,-0.00075558876
76804000,0.5781714,-0.012968971,-9.742849,-0.03234966,-0.073156275,-0.0014937306
76808000,0.58058405,-0.012839523,-9.743843,-0.030503778,-0.07212931,-0.0013765953
76812000,0.58424246,-0.009989836,-9.734885,-0.028676677,-0.07014292,-0.0007708925
76816000,0.58582056,-0.011870336,-9.72456,-0.028422879,-0.06917309,-0.00040052301
76820000,0.58418834,-0.007816991,-9.720428,-0.028346831,-0.06864515,-0.00013201212
76824000,0.5828693,-0.00638309,-9.717543,-0.027494777,-0.066495016,-0.0010091899
76828000,0.5843413,-0.014512493,-9.725744,-0.026807742,-0.06500535,-0.000743978
76832000,0.585418,-0.01902709,-9.726942,-0.025895726,-0.06359843,-0.000111890135
76836000,0.5822199,-0.009599001,-9.725161,-0.024901355,-0.062450707,-0.00043788741
76840000,0.5807731,-0.00566911,-9.719356,-0.025201311,-0.061018232,0.00017667406
76844000,0.58060175,-0.004307076,-9.710806,-0.025562186,-0.059486352,4.4485196e-06
76848000,0.58202875,-0.0041182134,-9.71202,-0.025428796,-0.058148444,-0.00017829167
76852000,0.5842907,-0.004601112,-9.712414,-0.02466151,-0.056008108,0.0005782139
76856000,0.5858032,-0.008695712,-9.7080765,-0.024065416,-0.054600134,0.0007836311
76860000,0.58682954,-0.016339088,-9.7020645,-0.023267265,-0.053678785,0.00027510588
76864000,0.58648854,-0.008670714,-9.698547,-0.021285253,-0.052897338,0.0008815505
76868000,0.5838169,-0.003051792,-9.698408,-0.02012742,-0.05130629,0.00039527996
76872000,0.58213115,-0.0052995626,-9.701323,-0.02000553,-0.049192343,8.836019e-05
76876000,0.5788014,-0.0035532778,-9.704863,-0.019433964,-0.048279647,0.0009879157
76880000,0.5740372,-0.012715392,-9.705103,-0.019066887,-0.04710846,0.0013038783
76884000,0.5804919,-0.0143422615,-9.699575,-0.018877545,-0.04636183,0.0009064651
76888000,0.58185697,-0.004423774,-9.695318,-0.017757345,-0.04566765,-0.00032974104
76892000,0.58373606,-0.007953662,-9.699232,-0.016642476,-0.044106804,-0.00048075616
76896000,0.5839143,-0.011926717,-9.700954,-0.0155336475,-0.0433081,-0.00042306527
76900000,0.5772234,-0.008166899,-9.687168,-0.015582956,-0.041966368,-0.00012163409
76904000,0.58286846,-0.007863397,-9.6769905,-0.01641011,-0.040810194,0.00027203863
76908000,0.58539385,-0.015417152,-9.678571,-0.016093615,-0.040095888,0.0002769617
76912000,0.5841507,-0.020313928,-9.688319,-0.015349658,-0.039319053,-0.0002954616
76916000,0.58593917,-0.01289465,-9.697556,-0.014832762,-0.038886372,-0.00053125067
76920000,0.5851897,-0.009039214,-9.688787,-0.013822767,-0.03722486,-0.00022846721
76924000,0.58819985,-0.0051321285,-9.681324,-0.013696942,-0.035315778,0.00025062027
76928000,0.5881854,-0.0039718216,-9.680256,-0.0140145905,-0.033957377,0.0008474165
76932000,0.58864427,-0.009890292,-9.681578,-0.013516703,-0.03273593,0.0011670124
76936000,0.58857,-0.00557129,-9.6772995,-0.014366918,-0.03167949,0.0013126226
76940000,0.58386827,-0.0027058776,-9.669924,-0.014439285,-0.030785296,0.001176809
76944000,0.58689094,-0.005201446,-9.671049,-0.012690359,-0.030150656,0.0010470347
76948000,0.5941099,-0.011259194,-9.671337,-0.011602939,-0.02974714,0.0010806281
76952000,0.5947201,-0.01271734,-9.681316,-0.011558592,-0.029595565,0.00034919486
76956000,0.5913509,-0.008793683,-9.696234,-0.01175043,-0.028467402,0.0012731894
76960000,0.58841765,-0.011336098,-9.687054,-0.010756778,-0.027837029,0.0026780306
76964000,0.58104324,-0.010778528,-9.675233,-0.009586209,-0.027082538,0.0013668495
76968000,0.5859133,-0.010686274,-9.674942,-0.009414204,-0.02496814,0.00067739125
76972000,0.5919161,-0.016027251,-9.673782,-0.008466156,-0.024563981,0.0014135925
76976000,0.58962244,-0.015477366,-9.672462,-0.0072634527,-0.024371242,0.000888447
76980000,0.58497787,-0.008510167,-9.665811,-0.0065320665,-0.023208769,0.0015734873
76984000,0.58153147,-0.010515105,-9.669751,-0.0061344923,-0.02196906,0.0022738883
76988000,0.58379585,-0.015105515,-9.67123,-0.006261093,-0.021474069,0.001566362
76992000,0.5866647,-0.0095422845,-9.670902,-0.0056213755,-0.020306781,0.0013633495
76996000,0.590362,-0.014495331,-9.684264,-0.0054400587,-0.01880272,0.0022616093
77000000,0.5906935,-0.016152063,-9.681631,-0.0060414895,-0.018832328,0.0022563431
77004000,0.5830831,-0.0074560842,-9.673591,-0.0062564127,-0.01846639,0.0014654907
77008000,0.583586,-0.011483486,-9.674961,-0.0057654516,-0.017462712,0.0017710757
77012000,0.59034926,-0.017387971,-9.670172,-0.006454767,-0.015977567,0.0012993056
77016000,0.5926386,-0.01695363,-9.66197,-0.0071914988,-0.015717618,0.0013682324
77020000,0.5981978,-0.011696279,-9.664449,-0.007236154,-0.015300538,0.0020521525
77024000,0.5939268,-0.007846363,-9.664286,-0.0072623193,-0.014026771,0.001554991
77028000,0.58972716,-0.0032636295,-9.660101,-0.0064284913,-0.013628246,0.0012901027
77032000,0.5896562,-0.0014956408,-9.670435,-0.0058283075,-0.013688325,0.0017963967
77036000,0.5868661,-0.011841934,-9.67771,-0.004013446,-0.012732392,0.0015458333
77040000,0.59008056,-0.012538329,-9.67242,-0.0032758955,-0.0119938115,0.001652953
77044000,0.589594,-0.012044692,-9.660064,-0.003709374,-0.011568714,0.0021192383
77048000,0.5892699,-0.014230283,-9.660488,-0.0022363453,-0.010469606,0.0014288219
77052000,0.5934974,-0.010406821,-9.678417,-0.0015445944,-0.010329035,0.001239534
77056000,0.59352446,-0.009684595,-9.679241,-0.0013291399,-0.010161092,0.0015022168
77060000,0.5880127,-0.010515749,-9.667305,-0.00046667465,-0.009257987,0.0008197181
77064000,0.58738434,-0.007232772,-9.660084,3.144371e-05,-0.008394995,0.0015598126
77068000,0.5898,-0.008523135,-9.663632,8.289602e-05,-0.007707326,0.0021892146
77072000,0.59044003,-0.01732566,-9.671403,-0.00107737,-0.006391137,0.0013054695
77076000,0.59759355,-0.017648477,-9.683333,-0.002038866,-0.0050583123,0.0007331829
77080000,0.60428333,-0.01345986,-9.68421,-0.0010985071,-0.0040238444,0.000929965
77084000,0.6001372,-0.008214429,-9.669161,-0.00023738938,-0.004144447,0.0016134015
77088000,0.589815,-0.011898367,-9.661793,-0.00031935007,-0.0034912913,0.0014900942
77092000,0.58707285,-0.016661035,-9.663824,0.00082402234,-0.0024881437,0.0012966897
77096000,0.5847213,-0.013581089,-9.668239,0.001509826,-0.0031419282,0.0021787167
77100000,0.587855,-0.011275789,-9.652786,0.001699541,-0.0031290378,0.0024855533
77104000,0.5984731,-0.010314675,-9.651443,0.0020988015,-0.0023200875,0.002181843
77108000,0.5962633,-0.008929758,-9.664801,0.0015440887,-0.0023964765,0.0023808533
77112000,0.5881218,-0.013018301,-9.672066,0.00097294035,-0.0021290644,0.0016792039
77116000,0.5886197,-0.012048456,-9.682743,0.0016941228,-7.526879e-05,0.0019107199
77120000,0.5924587,-0.010583916,-9.679462,0.0023004026,0.00047658285,0.0027994008
77124000,0.5917144,-0.010824092,-9.670387,0.0013835622,0.00046625352,0.001971949
77128000,0.591079,-0.013906932,-9.666641,0.0010522532,0.001260332,0.0021805963
77132000,0.5929942,-0.02348653,-9.667195,0.0021364791,0.0017890044,0.0019952832
77136000,0.59799725,-0.0182741,-9.669749,0.002998142,0.002748995,0.002064684
77140000,0.5955447,-0.011993281,-9.671596,0.0022541282,0.0029989083,0.0022667467
77144000,0.5906683,-0.013593437,-9.664846,0.0019506058,0.0024953035,0.0011374237
77148000,0.58460677,-0.018290652,-9.65927,0.0029569066,0.0035156233,0.0014156984
77152000,0.58443624,-0.015025534,-9.667973,0.0031936064,0.004263364,0.0024791043
77156000,0.59348166,-0.011082966,-9.677573,0.003215069,0.0034848822,0.0022797692
77160000,0.5935563,-0.01656778,-9.682018,0.003607164,0.004101895,0.0023942788
77164000,0.5931221,-0.018093415,-9.677044,0.0031130158,0.0054592225,0.0023018157
77168000,0.60000396,-0.014615775,-9.676239,0.0027724344,0.005518407,0.0023328476
77172000,0.59487545,-0.011532001,-9.675755,0.0042749154,0.0052841636,0.0029559126
77176000,0.59138143,-0.0113619715,-9.666409,0.0052007716,0.004755326,0.0020600713
77180000,0.59535044,-0.0100540565,-9.662722,0.0041365037,0.004933977,0.0014307117
77184000,0.5903176,-0.012045975,-9.661456,0.004134398,0.005866982,0.0022051593
77188000,0.5964713,-0.012623747,-9.667538,0.0044175363,0.0058472767,0.0026890985
77192000,0.5974487,-0.0079126945,-9.666309,0.0047079697,0.006496829,0.002163427
77196000,0.5927841,-0.011186125,-9.672449,0.005365882,0.0072573433,0.0028294618
77200000,0.5937365,-0.010815988,-9.68347,0.0057205786,0.007226922,0.002373739
77204000,0.5915772,-0.008932788,-9.677792,0.006197992,0.008155348,0.0025949948
77208000,0.5920865,-0.015189526,-9.673262,0.005460628,0.008635073,0.0025900914
77212000,0.5945898,-0.014464419,-9.671399,0.006138624,0.008902025,0.00060540444
77216000,0.59017473,-0.013183514,-9.6717415,0.0066723158,0.00926754,0.0013194234
77220000,0.5970099,-0.017797895,-9.672384,0.006500001,0.009600631,0.0024306495
77224000,0.59744596,-0.015575481,-9.669603,0.006855488,0.010150324,0.0022936359
77228000,0.5911586,-0.012070875,-9.666937,0.0071198624,0.009995163,0.0028185192
77232000,0.5997822,-0.011166558,-9.675953,0.0070550833,0.011094193,0.004097363
77236000,0.6032944,-0.01266303,-9.686656,0.0062619075,0.011267309,0.0032824276
77240000,0.6025115,-0.012138302,-9.688688,0.0066515403,0.010957403,0.001648416
77244000,0.59776735,-0.011874492,-9.686064,0.0070746057,0.011041384,0.0015582454
77248000,0.5920551,-0.017236153,-9.673485,0.006859831,0.011501874,0.0017045307
77252000,0.59230816,-0.010564613,-9.665699,0.006385483,0.012031127,0.0015699968
77256000,0.5922759,-0.0017033801,-9.66674,0.0064884718,0.01217124,0.0016520809
77260000,0.59466517,-0.007456433,-9.668489,0.007976074,0.012348025,0.0031453432
77264000,0.5982257,-0.0140873,-9.671032,0.008455098,0.011988611,0.0029566283
77268000,0.59621525,-0.014156614,-9.666207,0.008821589,0.012802347,0.0021366007
77272000,0.599369,-0.010316518,-9.675838,0.008425045,0.012609459,0.0026665796
77276000,0.59682006,-0.0114323525,-9.687912,0.008114197,0.012100683,0.0028810352
77280000,0.60169774,-0.01538439,-9.685894,0.008469654,0.012858328,0.0025038938
77284000,0.60581046,-0.008761839,-9.680937,0.008397044,0.014318437,0.0021718787
77288000,0.59589237,-0.0050789746,-9.679083,0.008636241,0.01585806,0.0013349844
77292000,0.58812046,-0.0055032843,-9.683979,0.008161596,0.015319575,0.0012451867
77296000,0.5899826,-0.001900039,-9.680031,0.0076515935,0.014117423,0.0021347473
77300000,0.59295505,-0.012160022,-9.667015,0.007644151,0.014286204,0.0019446431
77304000,0.5948572,-0.01877915,-9.667076,0.0077585084,0.014817478,0.0026338631
77308000,0.5979508,-0.009311355,-9.676795,0.00781454,0.014965578,0.0026127326
77312000,0.5938672,-0.0019397403,-9.677989,0.008267497,0.0148515925,0.0019370698
77316000,0.5935607,-0.0077842395,-9.685635,0.008487124,0.01523462,0.001788266
77320000,0.5951621,-0.012230737,-9.688263,0.008009932,0.015839767,0.0014032022
77324000,0.5923807,-0.0078064604,-9.680008,0.007539338,0.015476069,0.00070290937
77328000,0.59464216,-0.009309418,-9.676132,0.007946297,0.015606346,0.0011468659
77332000,0.6009449,-0.011441173,-9.677175,0.007972905,0.016284527,0.0024292246
77336000,0.5981976,-0.010009332,-9.676639,0.007689169,0.016338073,0.002655455
77340000,0.5949121,-0.014220733,-9.664114,0.00756934,0.017013751,0.0024158175
77344000,0.5927276,-0.026515868,-9.666687,0.0075997794,0.016885085,0.0022117773
77348000,0.5977081,-0.024129927,-9.675783,0.007194235,0.017193023,0.0020556399
77352000,0.59785295,-0.012652589,-9.681644,0.0075937756,0.018288195,0.0022180453
77356000,0.59721,-0.0106841875,-9.690964,0.009018781,0.018324638,0.0028045336
77360000,0.60144615,-0.008814208,-9.695527,0.008865007,0.018123392,0.0025998591
77364000,0.6008557,-0.0048940876,-9.693202,0.008207517,0.017752426,0.0017166046
77368000,0.59864247,-0.0096587585,-9.689611,0.007957143,0.017736914,0.0011927689
77372000,0.5932542,-0.015681263,-9.688639,0.008489606,0.017401164,0.0017260697
77376000,0.5896764,-0.015819022,-9.682171,0.009404919,0.01853609,0.001789706
77380000,0.5987644,-0.016096758,-9.667935,0.009057099,0.019634983,0.0019545706
77384000,0.6082128,-0.013736518,-9.666236,0.0081621455,0.018341461,0.0028690826
77388000,0.60385466,-0.012516869,-9.674065,0.007915833,0.019446287,0.002618331
77392000,0.6027472,-0.013924321,-9.679615,0.007873529,0.019883825,0.0019939537
77396000,0.6021348,-0.008076315,-9.695942,0.007603452,0.019671114,0.0021212315
77400000,0.604537,-0.0086323675,-9.700479,0.008223667,0.02114768,0.0021663103
77404000,0.6052245,-0.012636901,-9.691745,0.009379286,0.021432642,0.0020344534
77408000,0.6039365,-0.008548981,-9.690424,0.00895791,0.020487845,0.0029261166
77412000,0.6045177,-0.009701171,-9.691017,0.007853099,0.018286271,0.0030716294
77416000,0.5976033,-0.008613246,-9.691679,0.0075366823,0.017268961,0.002510591
77420000,0.59779346,-0.016703732,-9.68685,0.0073739565,0.017750459,0.0030130865
77424000,0.60377926,-0.021537311,-9.67841,0.0070850654,0.018187933,0.0032060852
77428000,0.6032883,-0.013255348,-9.681843,0.0074203126,0.018856151,0.0035588157
77432000,0.59441894,-0.013937783,-9.696313,0.0077707134,0.019739771,0.0032827794
77436000,0.5984974,-0.021037878,-9.711481,0.008056188,0.020525042,0.0027499292
77440000,0.60479534,-0.024298819,-9.711287,0.0073654708,0.02099143,0.0026485028
77444000,0.6029376,-0.020815453,-9.69564,0.006349124,0.021665627,0.0015311542
77448000,0.59940755,-0.022136474,-9.695988,0.0070831603,0.02149579,0.0013399869
77452000,0.60070634,-0.019625552,-9.708561,0.0076614404,0.022137335,0.002261763
77456000,0.6098026,-0.016181145,-9.705097,0.0069449325,0.022213541,0.0023027312
77460000,0.60571504,-0.013791743,-9.694908,0.0061212895,0.021503635,0.0018822949
77464000,0.59423685,-0.011539253,-9.684096,0.0060532046,0.021881972,0.0017928845
77468000,0.59361815,-0.012122631,-9.690136,0.0066470746,0.02194061,0.0011221004
77472000,0.5988581,-0.00999058,-9.703045,0.0067700464,0.021706594,0.0007398104
77476000,0.5988565,-0.010190046,-9.706942,0.0059663407,0.02185024,0.0010824071
77480000,0.60277224,-0.012032807,-9.7072315,0.0061760116,0.02172308,0.001502433
77484000,0.61112773,-0.017528696,-9.699612,0.0061237277,0.021859413,0.0019634415
77488000,0.61249655,-0.011474713,-9.696978,0.0055937,0.021652205,0.0022810611
77492000,0.6055685,-0.0014164898,-9.69467,0.005886666,0.021199564,0.0027077568
77496000,0.6029129,-0.0054391683,-9.692095,0.00615834,0.022024887,0.0020536068
77500000,0.60719943,-0.01694846,-9.702667,0.0065090796,0.02158641,0.00084048166
77504000,0.61029756,-0.02723608,-9.702766,0.0062298393,0.021164041,0.0011202234
77508000,0.6057409,-0.024006736,-9.696319,0.005468744,0.020842994,0.0021207647
77512000,0.6018964,-0.016921187,-9.698822,0.005646353,0.021423213,0.0024691517
77516000,0.60241544,-0.011956661,-9.707404,0.0050698225,0.022512421,0.0022030212
77520000,0.59963906,-0.0114252325,-9.719202,0.0047536944,0.023677943,0.0018809416
77524000,0.60365963,-0.010643482,-9.71917,0.005057887,0.024074817,0.0016811872
77528000,0.60285157,-0.006301504,-9.714512,0.0046566217,0.024369186,0.0009849049
77532000,0.5960851,-0.008612688,-9.709742,0.004896716,0.025134245,0.0010117426
77536000,0.60047305,-0.0138681885,-9.700439,0.004941925,0.023991166,0.0017222172
77540000,0.6017176,-0.012779696,-9.692578,0.0053274273,0.022592027,0.001343524
77544000,0.6047158,-0.012226037,-9.694866,0.005928928,0.02206102,0.002228233
77548000,0.60433376,-0.015990715,-9.7053585,0.006070598,0.02204522,0.0032501526
77552000,0.5992167,-0.019640313,-9.713444,0.005399229,0.020963555,0.0028220143
77556000,0.6017497,-0.018535541,-9.722443,0.0046163234,0.02158609,0.0023835283
77560000,0.60508436,-0.015179543,-9.719369,0.0041714357,0.022772979,0.0017998957
77564000,0.6050317,-0.015105108,-9.711272,0.0037627998,0.02287296,0.0016139797
77568000,0.60805315,-0.014460829,-9.718297,0.004847491,0.023862561,0.0016918038
77572000,0.60718423,-0.009953586,-9.724728,0.005335051,0.023839623,0.0016968624
77576000,0.60102034,-0.004206989,-9.719096,0.0046385587,0.023716478,0.0012793499
77580000,0.6062834,-0.010393073,-9.704019,0.004286838,0.02381968,-4.733493e-05
77584000,0.61160964,-0.016981538,-9.699999,0.0050023366,0.023366064,0.000384203
77588000,0.6076661,-0.016381895,-9.709255,0.0060243695,0.022940857,0.0013914515
77592000,0.6087262,-0.016754465,-9.716585,0.006081537,0.023247851,0.0007489661
77596000,0.61038613,-0.016682884,-9.735025,0.005589309,0.023700267,0.000888585
77600000,0.607114,-0.015716389,-9.743276,0.004419994,0.0232759,0.0009813119
77604000,0.6096688,-0.008611464,-9.733138,0.0041581667,0.022596965,0.0006707391
77608000,0.6109843,-0.012802966,-9.725178,0.004399137,0.023206074,0.0016015557
77612000,0.6131228,-0.022153117,-9.719767,0.004367329,0.024552584,0.0020708512
77616000,0.61141795,-0.017717073,-9.715729,0.005100867,0.024444064,0.0014434078
77620000,0.60294664,-0.011942673,-9.719988,0.00547469,0.023341525,0.0012250977
77624000,0.60838544,-0.019288067,-9.723377,0.0050465437,0.022897668,0.0008038593
77628000,0.6152055,-0.02673962,-9.724319,0.004039134,0.023229726,0.0004454323
77632000,0.6146469,-0.012318228,-9.735287,0.0035726933,0.023233857,0.0011355139
77636000,0.6117188,-0.007005151,-9.735039,0.0043369364,0.022851914,0.0014937749
77640000,0.6056473,-0.017613832,-9.730749,0.004809831,0.023380462,0.0012034733
77644000,0.60667646,-0.015889872,-9.728748,0.004196603,0.02418489,0.0013098742
77648000,0.6134417,-0.01365608,-9.727619,0.0032226548,0.023173872,0.00085518445
77652000,0.6143985,-0.01594354,-9.733578,0.0040229866,0.023042757,5.2939333e-05
77656000,0.61133283,-0.016256597,-9.731644,0.0039035236,0.023227392,1.710036e-05
77660000,0.60491127,-0.017113466,-9.721529,0.002779306,0.02274773,0.0011535456
77664000,0.6064396,-0.013622852,-9.721016,0.0034176118,0.022778478,0.0021589657
77668000,0.61056745,-0.010976466,-9.73263,0.0044371644,0.023210322,0.0011823231
77672000,0.6056144,-0.012416992,-9.7445965,0.0048922477,0.024445789,0.00030171868
77676000,0.60834706,-0.010406168,-9.758568,0.004917633,0.02511396,0.0009064488
77680000,0.6078379,-0.01285425,-9.761814,0.004229514,0.024284698,0.00065853685
77684000,0.6110879,-0.018960988,-9.742482,0.003767952,0.023717277,0.00029348655
77688000,0.6136238,-0.018792413,-9.731522,0.004309237,0.02452725,0.00018009632
77692000,0.60977525,-0.019673795,-9.738004,0.0046029924,0.023381066,-0.00012166932
77696000,0.61278605,-0.016647544,-9.740412,0.004331874,0.023423158,-1.1030764e-05
77700000,0.6111667,-0.012611559,-9.734207,0.0040148986,0.024864007,3.12942e-05
77704000,0.60313964,-0.015602291,-9.731856,0.003325114,0.023615353,0.0005639237
77708000,0.6055819,-0.009619636,-9.739641,0.0025883662,0.022850804,0.00023360249
77712000,0.60985017,-0.0053694225,-9.750307,0.0027438172,0.022785282,-0.00022245744
77716000,0.60746104,-0.016332211,-9.759292,0.003359357,0.022386884,3.0127207e-05
77720000,0.6100632,-0.019524787,-9.757322,0.0043577272,0.022203125,0.0006351025
77724000,0.609879,-0.01193698,-9.752192,0.0040469375,0.02275328,0.00030216435
77728000,0.6121266,-0.00964457,-9.745306,0.0046567973,0.023475662,-0.00031831354
77732000,0.6151569,-0.014329398,-9.742655,0.0042335237,0.023553347,0.00031409506
77736000,0.6137868,-0.015494666,-9.745739,0.0036464287,0.024226857,0.0009278346
77740000,0.6131909,-0.016654706,-9.743889,0.0046346174,0.024691781,0.000335475
77744000,0.6150476,-0.011961723,-9.748801,0.0033445954,0.024093159,-0.00026382646
77748000,0.61949897,-0.0112448465,-9.74896,0.0024874676,0.023944622,0.00018283633
77752000,0.6163993,-0.02390288,-9.750664,0.0019394147,0.024852613,0.00074705173
77756000,0.61488277,-0.021277465,-9.765683,0.0014887667,0.02514473,0.0008236148
77760000,0.6086574,-0.015648518,-9.775217,0.0016040995,0.024490492,0.00017579492
77764000,0.60665125,-0.019173488,-9.759142,0.0025396224,0.024003107,0.00083961507
77768000,0.61305463,-0.017663442,-9.747915,0.002671947,0.02418784,0.0012417919
77772000,0.6199832,-0.017148566,-9.748091,0.0021383623,0.023559015,0.0011497546
77776000,0.62209743,-0.01582436,-9.743145,0.0021779947,0.02308008,0.0013806459
77780000,0.619291,-0.011710694,-9.739524,0.0027487224,0.023621818,0.0011028578
77784000,0.62036145,-0.01538668,-9.745442,0.0028643152,0.02348161,0.00068243535
77788000,0.6152171,-0.019075882,-9.752834,0.0024742715,0.023208719,0.0012705312
77792000,0.6103003,-0.016135057,-9.75633,0.0023718893,0.023572782,0.001423116
77796000,0.61232567,-0.01789395,-9.766815,0.0020244773,0.022974335,0.00045212734
77800000,0.6239643,-0.02026973,-9.765715,0.0025151195,0.0228417,0.00085513265
77804000,0.6219001,-0.019537125,-9.760273,0.0022725433,0.023941372,0.0013084965
77808000,0.6155023,-0.013811111,-9.757595,0.0018434001,0.024278075,0.0007472838
77812000,0.61820817,-0.016149117,-9.755888,0.0017297927,0.023846267,0.0007036474
77816000,0.6184021,-0.018394398,-9.759279,0.0015391579,0.023574825,0.0008945323
77820000,0.6165957,-0.013152042,-9.756504,0.0016166411,0.023693878,0.00059730856
77824000,0.61747456,-0.019585904,-9.754576,0.0020883966,0.023684002,0.0003568906
77828000,0.6204548,-0.021055738,-9.759515,0.0025183684,0.023439422,0.0005202736
77832000,0.6203649,-0.018763958,-9.7705345,0.0024314828,0.023234844,0.00048464825
77836000,0.61810786,-0.014964658,-9.775806,0.001662082,0.0229305,0.00050471263
77840000,0.6139388,-0.012858862,-9.773501,0.0017504573,0.022974728,0.0011828338
77844000,0.6138336,-0.013911883,-9.767647,0.0023352145,0.02412054,0.0011750329
77848000,0.6153883,-0.011638667,-9.762449,0.0022058128,0.024363331,0.0006260596
77852000,0.609214,-0.015107419,-9.760839,0.002496705,0.023787964,-0.0004148326
77856000,0.6084851,-0.015896259,-9.755541,0.0031428062,0.02353587,-0.0005822715
77860000,0.6130072,-0.015349593,-9.754927,0.0028197218,0.022884082,0.000724487
77864000,0.6185034,-0.014258813,-9.747883,0.0018644716,0.0231269,0.0008257982
77868000,0.6233359,-0.012711437,-9.745636,0.0013818503,0.023518896,0.00012824289
77872000,0.61809707,-0.015374624,-9.756382,0.00076468906,0.023701891,0.0011084339
77876000,0.6199715,-0.014301213,-9.76165,0.00095011515,0.023317607,0.0020375599
77880000,0.6223377,-0.014615691,-9.764484,0.001333837,0.022377957,0.0010607674
77884000,0.61106944,-0.016865201,-9.764502,0.0016497565,0.022691872,-5.7176352e-05
77888000,0.60799325,-0.016276024,-9.761781,0.0014960993,0.022116428,0.001141676
77892000,0.61651164,-0.014086296,-9.766605,0.0005438815,0.022662133,0.0018730602
77896000,0.623765,-0.013735548,-9.766748,0.0011950068,0.023531511,0.0010238679
77900000,0.61852866,-0.014793013,-9.756223,0.0018991656,0.022217385,0.00071864575
77904000,0.6109271,-0.010919884,-9.751568,0.0010138218,0.021657605,-0.00013842018
77908000,0.6127178,-0.007366895,-9.758732,-6.289855e-05,0.021177689,0.00035341224
77912000,0.6167642,-0.013691721,-9.772522,-0.00055752596,0.021184653,0.00034940147
77916000,0.62438726,-0.015716657,-9.786398,-9.403528e-05,0.022300966,-7.4606876e-05
77920000,0.62504447,-0.013129211,-9.781853,1.0072396e-05,0.021575391,0.0005947526
77924000,0.61665094,-0.0134453345,-9.770419,0.00012454361,0.021428203,0.00021870305
77928000,0.6148338,-0.012806978,-9.772156,0.0003351185,0.020650297,-4.0264516e-05
77932000,0.62018013,-0.016453896,-9.769938,0.00076163386,0.019659694,0.00043044402
77936000,0.613027,-0.010139142,-9.765854,0.000997171,0.019890204,0.0008638325
77940000,0.6113627,-0.0073993113,-9.758112,0.00053096324,0.019696802,0.0004810821
77944000,0.6218765,-0.012381425,-9.753681,0.000279905,0.0201949,0.0008143962
77948000,0.6146152,-0.013701082,-9.756153,0.0005790853,0.020218886,0.0013621195
77952000,0.6180507,-0.013864374,-9.763543,0.0013994747,0.021116164,0.0003453718
77956000,0.6262034,-0.012677716,-9.777871,0.0010083773,0.020486517,0.00010921298
77960000,0.62296784,-0.013663493,-9.776894,0.00047777398,0.019531313,9.403278e-05
77964000,0.62259805,-0.021706555,-9.767134,0.0009870448,0.020266308,0.0007426805
77968000,0.6223391,-0.022037279,-9.763842,0.0010690818,0.019858481,0.0011561278
77972000,0.6188352,-0.013504875,-9.766317,0.001052965,0.019231897,0.000525444
77976000,0.6122716,-0.019566292,-9.771206,0.00050777174,0.01921931,7.3031595e-07
77980000,0.6205468,-0.01697966,-9.766287,-0.00042286326,0.019185578,-0.0004164484
77984000,0.6241409,-0.014168709,-9.758506,-7.0075526e-05,0.018314362,-4.074619e-05
77988000,0.6190772,-0.018019533,-9.7597065,0.00043380636,0.018594988,0.00059371005
77992000,0.6139859,-0.0164718,-9.770567,0.0001763209,0.019372009,0.0009283709
77996000,0.61792296,-0.019991044,-9.787348,-0.00079389283,0.019389395,0.00012590866
78000000,0.6219977,-0.015891794,-9.787654,-0.0016634592,0.019612838,0.00034019476
78004000,0.6215134,-0.013439336,-9.770428,-0.0016790687,0.019422911,0.0009115745
78008000,0.6263521,-0.014543255,-9.763833,-0.0017590368,0.018609274,0.0002011427
78012000,0.6298034,-0.009134294,-9.767274,-0.0018009751,0.016759075,-0.00023319038
78016000,0.63230467,-0.015016482,-9.764532,-0.0017114005,0.016987618,0.00075844507
78020000,0.6275976,-0.012533821,-9.762114,-0.0013970456,0.017711738,0.0005988676
78024000,0.6185298,-0.0028704384,-9.760823,0.00021619827,0.01705126,-8.4983265e-05
78028000,0.6142361,-0.0067390166,-9.765858,0.0008340278,0.017473526,0.00033254156
78032000,0.6218782,-0.009669999,-9.773518,-3.919676e-05,0.016684525,0.0008651496
78036000,0.6288264,-0.010572457,-9.779381,-0.00050088787,0.015450991,0.0013933021
78040000,0.62738305,-0.01118109,-9.786009,-0.0013747454,0.015254645,0.0004074109
78044000,0.62491673,-0.013576782,-9.78289,-0.0017088392,0.015347083,0.00034759933
78048000,0.62672675,-0.013796082,-9.772097,-0.0012682505,0.016559072,0.0011855338
78052000,0.6262481,-0.011628848,-9.764231,-0.0014384199,0.016721703,0.00094907806
78056000,0.6206628,-0.011603786,-9.769342,-0.0015575718,0.015317959,0.00046224002
78060000,0.62275106,-0.012691434,-9.768505,-0.0018267771,0.015222653,0.00028056616
78064000,0.622512,-0.019772036,-9.760121,-0.0026768781,0.016016537,0.0009493676
78068000,0.62397707,-0.022940999,-9.754439,-0.0031292208,0.015121502,0.00033618906
78072000,0.63064814,-0.017490251,-9.76074,-0.0018344967,0.013573557,8.8569584e-05
78076000,0.6237594,-0.017026355,-9.779617,-0.0008479015,0.013095364,0.00067567005
78080000,0.6250203,-0.019279085,-9.7869835,-0.0012846086,0.013769634,0.00030287734
78084000,0.63000727,-0.017755887,-9.775526,-0.0017140388,0.014078118,0.0011542441
78088000,0.62022734,-0.011190235,-9.773336,-0.0017677625,0.013865587,0.0021212383
78092000,0.6199737,-0.007571624,-9.773212,-0.0015449375,0.014122575,0.0008643637
78096000,0.6268436,-0.017708678,-9.767091,-0.0010051494,0.013398176,0.00014416788
78100000,0.6251571,-0.022756431,-9.7645035,-0.0014500072,0.012598669,0.0006962787
78104000,0.624755,-0.018170001,-9.7605295,-0.0023346674,0.01216315,0.00029920766
78108000,0.62613904,-0.0137730865,-9.760223,-0.0022813969,0.01218706,-6.260143e-05
78112000,0.6281227,-0.009979313,-9.768592,-0.0023590806,0.012968171,4.2060852e-05
78116000,0.62684435,-0.016938686,-9.788242,-0.0027064055,0.012710977,0.00014874022
78120000,0.62549627,-0.016149411,-9.789526,-0.0034665284,0.01240358,0.0009739915
78124000,0.63340586,-0.011696794,-9.780731,-0.002601236,0.012398399,0.0013177028
78128000,0.6382555,-0.016733263,-9.773677,-0.0024581242,0.012213254,0.00038435817
78132000,0.63483405,-0.019469656,-9.76709,-0.0033237988,0.011712449,0.00053667295
78136000,0.63434803,-0.015625797,-9.770239,-0.0023048245,0.011338096,0.0008421039
78140000,0.630439,-0.014225842,-9.767643,-0.002434956,0.011677057,0.0007363066
78144000,0.62900627,-0.018152451,-9.764877,-0.0018727505,0.010831395,0.00051249174
78148000,0.6295089,-0.020509142,-9.765432,-0.0014514445,0.010439534,-0.00030025368
78152000,0.6234424,-0.02061415,-9.766122,-0.002308609,0.010222208,8.4272084e-05
78156000,0.6273192,-0.02663609,-9.784599,-0.0024653831,0.010175827,0.00048548207
78160000,0.6308328,-0.023601795,-9.791893,-0.0028550907,0.011110421,0.00041779433
78164000,0.62854075,-0.013267802,-9.769588,-0.0028703082,0.010710804,0.00023847079
78168000,0.6331869,-0.014131161,-9.759235,-0.0025907888,0.009989627,0.000111753565
78172000,0.6324882,-0.017952213,-9.761179,-0.0028575193,0.010140422,-0.00025060773
78176000,0.6241311,-0.017353255,-9.757714,-0.0026383875,0.009855779,0.0001323317
78180000,0.6246215,-0.013160021,-9.759483,-0.0024621966,0.009313068,0.0008453994
78184000,0.62915975,-0.010090423,-9.760256,-0.0032149653,0.009634053,0.00097272266
78188000,0.6290822,-0.013056747,-9.759915,-0.004892949,0.009552462,0.001200337
78192000,0.6263777,-0.013076312,-9.767473,-0.0045984504,0.008964982,0.0006881606
78196000,0.62803864,-0.013301445,-9.783073,-0.0029505142,0.00917343,0.0008287542
78200000,0.63523984,-0.014963739,-9.786401,-0.0036307124,0.0091889,0.0011382147
78204000,0.6373229,-0.012241503,-9.7788315,-0.004355187,0.007850692,0.0014673916
78208000,0.6377949,-0.020107435,-9.773737,-0.0048061,0.00747073,0.0013690592
78212000,0.63688767,-0.022962935,-9.774908,-0.005518286,0.007540059,0.0017420632
78216000,0.6398346,-0.019078402,-9.776552,-0.0054414533,0.006610971,0.0011431688
78220000,0.64371896,-0.014872624,-9.769214,-0.004514543,0.0058994726,-6.603395e-05
78224000,0.6358151,-0.013016356,-9.763769,-0.004136761,0.0066354787,0.000466788
78228000,0.62988794,-0.017740514,-9.766058,-0.0041477596,0.007020924,0.0001160694
78232000,0.6289676,-0.019299578,-9.774401,-0.0033139703,0.00666366,0.0007717332
78236000,0.6349289,-0.01911348,-9.784868,-0.00300001,0.007007572,0.0017909433
78240000,0.6380373,-0.023850527,-9.7943,-0.0037201173,0.007160734,0.0010175678
78244000,0.6409105,-0.019448368,-9.789501,-0.00385782,0.006840417,0.00027928714
78248000,0.64079624,-0.015055287,-9.771103,-0.0038917786,0.006623781,0.0003699287
78252000,0.6395718,-0.016348016,-9.766001,-0.0048910114,0.006675274,0.00035797342
78256000,0.6393726,-0.013577959,-9.769972,-0.0054370044,0.0064406293,-6.937087e-05
78260000,0.6300156,-0.012363046,-9.766503,-0.004969786,0.0069367667,0.00036189362
78264000,0.62844497,-0.014709444,-9.7690115,-0.005221305,0.006704892,0.0013511624
78268000,0.62612987,-0.019157957,-9.769581,-0.005064168,0.0064507076,0.0014451
78272000,0.6265522,-0.019452024,-9.778281,-0.0041987016,0.006380126,0.0017462114
78276000,0.6325897,-0.010505522,-9.787996,-0.004164733,0.0058050845,0.001080007
78280000,0.6331539,-0.012316476,-9.786403,-0.0043252446,0.0057022544,0.00033004585
78284000,0.63546723,-0.014723628,-9.786953,-0.0040237475,0.0046035773,0.0005209629
78288000,0.6384641,-0.011601527,-9.784118,-0.0040879142,0.0045920587,0.0002782841
78292000,0.6383507,-0.01670242,-9.78867,-0.0042720768,0.0051525217,0.001871573
78296000,0.634416,-0.02207684,-9.781275,-0.004552258,0.0055091805,0.0010027798
78300000,0.63433814,-0.022168398,-9.769624,-0.0049829027,0.005611027,-0.00048634474
78304000,0.6354201,-0.015177521,-9.772316,-0.0048961234,0.0043741097,0.0003740181
78308000,0.6327071,-0.018053755,-9.771152,-0.0059845685,0.0044426126,0.0001967373
78312000,0.63306713,-0.026355185,-9.77158,-0.0061597894,0.005109809,0.0004398493
78316000,0.63495946,-0.02472911,-9.782759,-0.005389576,0.0048752907,0.0017153657
78320000,0.639954,-0.020973956,-9.789844,-0.0056710527,0.0045626587,0.0011665388
78324000,0.6362059,-0.022250867,-9.786275,-0.006072238,0.0041061915,0.00018463448
78328000,0.6321056,-0.026527476,-9.777725,-0.0057807616,0.0038001905,0.00067683234
78332000,0.63486767,-0.013535722,-9.779247,-0.0052335663,0.0033218805,0.002225689
78336000,0.6317878,-0.006073258,-9.785751,-0.0057697305,0.002237104,0.0022724315
78340000,0.63017714,-0.013102021,-9.780784,-0.00576955,0.00241256,0.00090090476
78344000,0.6323395,-0.015050175,-9.780021,-0.0053750407,0.0029191505,0.00015873766
78348000,0.6390152,-0.018700358,-9.778726,-0.0048593627,0.002950392,0.0002222548
78352000,0.64304113,-0.02103683,-9.782401,-0.004998806,0.00282083,0.0011851395
78356000,0.63896513,-0.017667057,-9.798199,-0.0044457302,0.0027397927,0.0015490693
78360000,0.6332413,-0.015785243,-9.803152,-0.004467564,0.002851857,0.0016627054
78364000,0.63213336,-0.021611162,-9.791578,-0.0061949557,0.0027602832,0.0007385461
78368000,0.63188726,-0.01913155,-9.775476,-0.0056963963,0.0031124211,-8.330563e-05
78372000,0.63401586,-0.017312866,-9.779181,-0.006117063,0.0028875333,0.0012537013
78376000,0.6289442,-0.016402777,-9.784513,-0.006860506,0.0022417032,0.0011767757
78380000,0.6274315,-0.019505324,-9.768429,-0.006415096,0.0019808165,7.56241e-05
78384000,0.6386038,-0.016087668,-9.762003,-0.0066222474,0.0017392045,0.00017872255
78392000,0.6329349,-0.022228668,-9.77404,-0.0075627617,0.0013709723,0.0011567399
78396000,0.62845564,-0.020624954,-9.782311,-0.007018672,0.001493073,0.0013957896
78400000,0.6308634,-0.015638152,-9.790769,-0.0056597404,0.0013530197,0.0012723953
78404000,0.635151,-0.018797064,-9.791819,-0.0053647193,0.0019907106,0.0010804796
78408000,0.6439122,-0.021151485,-9.790506,-0.0057387813,0.0013714961,0.0011243956
78412000,0.6454035,-0.020124134,-9.793884,-0.0059328564,0.0014377093,0.0013427876
78416000,0.6448008,-0.022770211,-9.792962,-0.0055805873,0.0010199908,0.0010111505
78420000,0.6491611,-0.02429992,-9.785387,-0.0051078745,0.00036275035,0.0010470365
78424000,0.6493119,-0.020463206,-9.773449,-0.004962173,0.0008096322,0.0015755243
78428000,0.64626,-0.022107242,-9.774533,-0.0051196474,0.00086045923,0.0013693806
78432000,0.64311624,-0.020816075,-9.783912,-0.005616042,0.00044588908,0.0010827518
78436000,0.63907766,-0.021522667,-9.78363,-0.0055494662,2.0494119e-05,0.0006348966
78440000,0.6456288,-0.017752979,-9.7803135,-0.0055057313,0.000736338,0.0010707469
78444000,0.6547122,-0.016629603,-9.782545,-0.006544533,0.0008496428,0.0018238788
78448000,0.6432127,-0.019352363,-9.777998,-0.007216067,0.00010890225,0.000877515
78452000,0.63764143,-0.022522122,-9.780933,-0.0060129957,-0.00020148182,0.0006816103
78456000,0.6401249,-0.022588512,-9.776966,-0.005806339,0.00014077027,0.0011047216
78460000,0.63846135,-0.01765279,-9.766134,-0.005859202,2.0436935e-05,0.0006806361
78464000,0.6406715,-0.01929172,-9.774242,-0.0060980953,0.0002651593,0.0005296476
78468000,0.64471245,-0.022369757,-9.775312,-0.0060798023,0.0004416242,0.0012557495
78472000,0.64780104,-0.020853333,-9.775434,-0.0052741943,-0.0006222376,0.0011041064
78476000,0.6499659,-0.018527675,-9.790521,-0.0055774846,-0.0008375338,0.000775911
78480000,0.64556116,-0.01619099,-9.793367,-0.0061333375,-0.0010029613,0.0014101003
78484000,0.641748,-0.015957082,-9.7861805,-0.006102021,-0.0012316919,0.0018648617
78488000,0.6448417,-0.021327132,-9.784426,-0.0059036217,-0.0014804814,0.0021950724
78492000,0.64442587,-0.024589755,-9.785249,-0.006630202,-0.001420144,0.002308065
78496000,0.6433635,-0.017440202,-9.781061,-0.006728148,-0.0013289521,0.001742316
78500000,0.6434889,-0.017637813,-9.776566,-0.006665397,-0.0013714313,0.0006833335
78504000,0.6380843,-0.026965745,-9.777079,-0.007035883,-0.0015501903,-5.1405517e-05
78508000,0.6357552,-0.015974639,-9.776598,-0.006593346,-0.0027258322,0.0009428015
78512000,0.6336613,-0.011973755,-9.780898,-0.0064690155,-0.0022870433,0.001139421
78516000,0.63380796,-0.01965051,-9.792452,-0.0062548905,-0.00068508805,0.0008459126
78520000,0.639514,-0.021190962,-9.794746,-0.0054880837,-0.00095913594,0.0019804307
78524000,0.6458447,-0.019352738,-9.781842,-0.0052812304,-0.0009459758,0.001576805
78528000,0.6484241,-0.024221458,-9.771478,-0.0057597277,-0.0005108098,0.0007520539
78532000,0.6434921,-0.02953364,-9.777048,-0.004994273,-0.001150876,0.0015918053
78536000,0.64471626,-0.023696227,-9.772001,-0.0049912515,-0.0014265622,0.0015740899
78540000,0.64270526,-0.019424504,-9.766264,-0.0065257302,-0.000863447,9.188396e-05
78544000,0.6460456,-0.013795794,-9.7760315,-0.00636465,-0.0005153968,0.00018260628
78548000,0.6491878,-0.02145911,-9.775511,-0.0048811636,-0.00204741,0.0023680103
78552000,0.64252716,-0.027366785,-9.771671,-0.0050242045,-0.002687369,0.0027398148
78556000,0.641122,-0.024945825,-9.780653,-0.005805621,-0.0020290196,0.0010943374
78560000,0.6458683,-0.025600435,-9.785784,-0.0053819404,-0.0023605023,0.0011954822
78564000,0.64784527,-0.020968331,-9.787493,-0.00481471,-0.0030762064,0.0012804556
78568000,0.6433038,-0.022818903,-9.787489,-0.0042995545,-0.0022970585,0.0006465416
78572000,0.64578843,-0.021247314,-9.783241,-0.0045245863,-0.0012749834,0.0008328795
78576000,0.6512437,-0.01731798,-9.784234,-0.0049435715,-0.0019238291,0.0005925328
78580000,0.64977926,-0.020007968,-9.776973,-0.0048786267,-0.0018657214,0.0010535774
78584000,0.6478691,-0.023090111,-9.769144,-0.004818191,-0.0015400673,0.0021596109
78588000,0.64492023,-0.022845877,-9.774685,-0.004862542,-0.0026296133,0.0011241584
78592000,0.6411373,-0.021129822,-9.777397,-0.0048983255,-0.002344979,0.0004008289
78596000,0.6423843,-0.017906986,-9.7877,-0.0051181065,-0.0013971451,0.001154017
78600000,0.6496576,-0.014148945,-9.793883,-0.005141354,-0.0012098491,0.0014369657
78604000,0.64689213,-0.015916433,-9.789023,-0.004744988,-0.0010524396,0.0017157302
78608000,0.64305794,-0.020745233,-9.785533,-0.0050190147,-0.000921363,0.0011838664
78612000,0.6477431,-0.02103871,-9.774838,-0.00518814,-0.0016144131,0.00059775054
78616000,0.6498449,-0.016791956,-9.770591,-0.0048208125,-0.0016821888,0.00078443496
78620000,0.6497998,-0.018287396,-9.770124,-0.003977665,-0.0014731475,0.0013963163
78624000,0.64772534,-0.016130634,-9.76874,-0.0041839867,-0.0026140958,0.0019474967
78628000,0.6484002,-0.017739935,-9.7734585,-0.0040568933,-0.0016790639,0.0017718086
78632000,0.6503817,-0.021281127,-9.782152,-0.0034521194,-0.0015430934,0.0017621715
78636000,0.6488028,-0.017163524,-9.783245,-0.0040812595,-0.0020042919,0.0011766606
78640000,0.6448878,-0.013717935,-9.780075,-0.003930712,-0.0019841595,0.0007547911
78644000,0.6453756,-0.015130539,-9.781027,-0.0039735273,-0.0022148478,0.0016854762
78648000,0.6448071,-0.019767588,-9.784315,-0.0032312232,-0.001393661,0.0016341013
78652000,0.6508235,-0.023942947,-9.785175,-0.0022340887,-0.0014981647,0.0013702275
78656000,0.65567267,-0.01932619,-9.7771225,-0.0034836102,-0.0025601687,0.0011776591
78660000,0.6519133,-0.013181657,-9.771107,-0.0046343673,-0.0030195564,0.0005327105
78664000,0.6553465,-0.018519698,-9.775701,-0.0040628104,-0.0029458622,0.0007815071
78668000,0.6542828,-0.019950308,-9.774933,-0.004329722,-0.00257907,0.0012050718
78672000,0.6463903,-0.020102791,-9.780521,-0.00437769,-0.0022557757,0.0007087619
78676000,0.6455969,-0.020882076,-9.791624,-0.0034412944,-0.0024420412,0.0010802511
78680000,0.6475384,-0.02034166,-9.786422,-0.003423594,-0.0029061234,0.001344497
78684000,0.65037805,-0.022192193,-9.781872,-0.003790484,-0.002279898,0.0021611652
78688000,0.6559883,-0.022646828,-9.7840805,-0.0039509293,-0.001433971,0.0024943736
78692000,0.65653336,-0.027419306,-9.78558,-0.0036410848,-0.0015213513,0.0010543796
78696000,0.65472364,-0.022117496,-9.778603,-0.0038563004,-0.0011666773,0.00063746056
78700000,0.65538955,-0.019214522,-9.779689,-0.004239694,-0.0010444338,0.0010370695
78704000,0.6518285,-0.022943567,-9.777449,-0.0038877383,-0.0019048498,0.00087106787
78708000,0.64676607,-0.021326302,-9.766504,-0.0039952653,-0.001845195,0.000295088
78712000,0.64843,-0.028042201,-9.771378,-0.003644965,-0.00089196046,0.000508401
78716000,0.65463006,-0.025793867,-9.784119,-0.002974218,-0.00065651495,0.0014468359
78720000,0.649644,-0.019157793,-9.786442,-0.0035847633,-0.0014604221,0.0009904157
78724000,0.6509413,-0.011895467,-9.778087,-0.004283982,-0.00227995,-0.0005157685
78728000,0.65435183,-0.008969345,-9.777122,-0.0041788113,-0.0029583669,2.3449034e-06
78732000,0.6539827,-0.020138718,-9.772787,-0.0038201197,-0.002684569,0.0019512665
78736000,0.6509906,-0.022162864,-9.768875,-0.0032480112,-0.002231176,0.0016108797
78740000,0.6486113,-0.015376437,-9.766655,-0.0035812408,-0.0021807184,0.0015652796
78744000,0.6510658,-0.019062176,-9.764099,-0.0044128746,-0.0026513368,0.0018023627
78748000,0.64709085,-0.017896643,-9.761696,-0.0038795955,-0.0037387041,0.00059911987
78752000,0.6520446,-0.008913824,-9.766901,-0.0046729366,-0.0040602097,0.0014546539
78756000,0.65181875,-0.016361397,-9.780549,-0.0051583657,-0.0039097657,0.002102108
78760000,0.6499603,-0.02107753,-9.784362,-0.0040014726,-0.0028135597,0.0015137432
78764000,0.6498585,-0.013668723,-9.782036,-0.004272714,-0.0019658399,0.0017779113
78768000,0.6530055,-0.008272724,-9.780331,-0.0042204973,-0.0028957075,0.0022450897
78772000,0.656927,-0.019292302,-9.776926,-0.003580175,-0.002993195,0.0014993664
78776000,0.64870346,-0.026795892,-9.770476,-0.0035974272,-0.0029613269,0.0011071723
78780000,0.6482894,-0.020151919,-9.771252,-0.0041839182,-0.003566728,0.0015887433
78784000,0.6582069,-0.01965126,-9.775938,-0.0031985566,-0.0032498841,0.00052773976
78788000,0.6576411,-0.01699841,-9.77142,-0.0030337607,-0.0021053848,0.00015537204
78792000,0.6547085,-0.019875996,-9.771885,-0.0036812222,-0.0020754442,0.0015165156
78796000,0.6535264,-0.023052536,-9.791793,-0.004028046,-0.0030387023,0.0014515584
78800000,0.65097,-0.020182187,-9.791318,-0.00507354,-0.003094025,0.0014241402
78804000,0.65264726,-0.015321295,-9.778776,-0.0049459366,-0.0025613548,0.0010271855
78808000,0.65185714,-0.01519359,-9.778533,-0.005032675,-0.0020484445,0.0018405162
78812000,0.65813154,-0.022413725,-9.775855,-0.0046989615,-0.0009925244,0.002627753
78816000,0.657163,-0.02311168,-9.778917,-0.0044162762,-0.0008948404,0.0030158265
78820000,0.6508329,-0.01783105,-9.772321,-0.004338859,-0.002916181,0.002473638
78824000,0.6539802,-0.017354304,-9.762737,-0.004373344,-0.0035416628,0.0015591452
78828000,0.65247285,-0.020274023,-9.770489,-0.0038411363,-0.0029745912,0.0022496532
78832000,0.6545174,-0.024410738,-9.783152,-0.004196949,-0.0029562416,0.001639939
78836000,0.65414816,-0.026263218,-9.784477,-0.00558812,-0.004195003,0.0011103867
78840000,0.6506406,-0.015329786,-9.776379,-0.0053149657,-0.0042871977,0.0011779901
78844000,0.65298295,-0.013510418,-9.771943,-0.0048432425,-0.0040018396,0.0010786799
78848000,0.6571598,-0.016068108,-9.771351,-0.004735421,-0.0041149356,0.0015333327
78852000,0.6580776,-0.0134451585,-9.776184,-0.0043277447,-0.0036883026,0.001288384
78856000,0.6602871,-0.017996034,-9.773598,-0.0040326193,-0.0040979558,0.00145833
78860000,0.6583723,-0.0200887,-9.76787,-0.004662569,-0.0041139796,0.0023962501
78864000,0.6597539,-0.023686137,-9.768663,-0.0044208374,-0.00429445,0.0015385402
78868000,0.66494703,-0.023702413,-9.763737,-0.0046781087,-0.0042557414,0.0012953231
78872000,0.661814,-0.018270908,-9.768372,-0.0053821728,-0.003056441,0.0009960394
78876000,0.66374385,-0.015319958,-9.786822,-0.0055131325,-0.0027737708,0.00090288615
78880000,0.66564643,-0.016455986,-9.785929,-0.004669063,-0.00348774,0.0012661817
78884000,0.66323704,-0.0163195,-9.777115,-0.0039959694,-0.0035259833,0.0009880264
78888000,0.6595614,-0.0147672165,-9.77857,-0.0050966977,-0.0033055742,0.001899171
78892000,0.66477597,-0.014218608,-9.776772,-0.005274886,-0.003700209,0.0018117097
78896000,0.6677275,-0.020400673,-9.772003,-0.0058296863,-0.004047422,0.0013532585
78900000,0.665761,-0.022198148,-9.766378,-0.0064069624,-0.0040404233,0.0015965733
78904000,0.6669057,-0.016900677,-9.763357,-0.0065336158,-0.0044637467,0.0013342431
78908000,0.6642153,-0.012705527,-9.762728,-0.0058802566,-0.0044021457,0.0011899229
78912000,0.6564294,-0.009747462,-9.765282,-0.0048077637,-0.0038075356,0.0009203115
78916000,0.65918213,-0.010878898,-9.777752,-0.004203719,-0.0032797193,0.00064647244
78920000,0.66095465,-0.01643115,-9.784367,-0.003730331,-0.002986316,0.0014577307
78924000,0.65228665,-0.024447722,-9.774546,-0.0037603187,-0.0036034638,0.0025348568
78928000,0.65258586,-0.024426209,-9.766311,-0.0057794414,-0.0039715664,0.0023307
78932000,0.6597415,-0.02205524,-9.762123,-0.0060872696,-0.003861816,0.0020130433
78936000,0.66338253,-0.017278582,-9.765612,-0.005138933,-0.0034573532,0.0019943344
78940000,0.659047,-0.019757796,-9.761967,-0.0054052067,-0.004235647,0.0012492093
78944000,0.6546333,-0.023440018,-9.760288,-0.005392548,-0.0050599454,0.00039710864
78948000,0.66269064,-0.022826083,-9.7621765,-0.006595582,-0.0042630243,0.0013263996
78952000,0.67259544,-0.020101396,-9.764135,-0.0062243775,-0.0046417154,0.0016616035
78956000,0.66759753,-0.016742332,-9.784694,-0.0054358114,-0.0049446924,0.00055717665
78960000,0.65991956,-0.02760522,-9.789406,-0.0063904906,-0.0039998894,0.00084666203
78964000,0.65677094,-0.029568318,-9.773657,-0.0063947528,-0.004010366,0.0018759534
78968000,0.65619224,-0.026771955,-9.770939,-0.0058144927,-0.0036952875,0.0016852815
78972000,0.6563829,-0.020136831,-9.771267,-0.0051134555,-0.0040041404,0.0011040757
78976000,0.6568117,-0.013855949,-9.763407,-0.0041511487,-0.0049525024,0.0013629154
78980000,0.65890193,-0.01603057,-9.765561,-0.004107795,-0.005314913,0.0013199535
78984000,0.6647188,-0.01718158,-9.770517,-0.0041834377,-0.0043802448,0.0016751554
78988000,0.66098785,-0.024805522,-9.771604,-0.004325354,-0.003278367,0.0018804132
78992000,0.658929,-0.026788734,-9.776162,-0.0051833563,-0.004289695,0.0015409719
78996000,0.66670156,-0.026851488,-9.775883,-0.005105016,-0.004152076,0.00071539433
79000000,0.6660782,-0.020682273,-9.7782135,-0.0053205164,-0.0036769449,0.00075492926
79004000,0.6653614,-0.015153154,-9.776589,-0.0064786784,-0.0033464192,0.0019105405
79008000,0.6696354,-0.018953506,-9.767708,-0.006052049,-0.0037599234,0.0021584916
79012000,0.6631341,-0.017209785,-9.775885,-0.0055084927,-0.00423498,0.0021996798
79016000,0.66016436,-0.019106492,-9.779827,-0.00522233,-0.003707653,0.0018882386
79020000,0.66700613,-0.02078522,-9.771297,-0.0045051696,-0.0036892544,0.0017340152
79024000,0.65905464,-0.011854584,-9.767407,-0.0051159183,-0.0040198336,0.0022576759
79028000,0.6576747,-0.014965475,-9.767561,-0.0058610565,-0.0053799376,0.0026949719
79032000,0.66539025,-0.020252908,-9.7698965,-0.0054561864,-0.005997263,0.002910663
79036000,0.6646984,-0.01010806,-9.774864,-0.005788676,-0.006089645,0.0030744355
79040000,0.66412604,-0.012319085,-9.782682,-0.0053229826,-0.0059128604,0.0025470636
79044000,0.6653861,-0.022811506,-9.780215,-0.0050035366,-0.0054418775,0.0011116937
79048000,0.6670388,-0.019345088,-9.765766,-0.005708086,-0.005558933,0.0012486044
79052000,0.6701784,-0.017838452,-9.758961,-0.0057145106,-0.0055559473,0.0027696625
79056000,0.66353434,-0.026594343,-9.757568,-0.0061286543,-0.0049735634,0.0021300928
79060000,0.65949,-0.027016249,-9.754904,-0.006616158,-0.0043885545,0.001137226
79064000,0.6566688,-0.02652915,-9.757942,-0.006123885,-0.0053301197,0.0016682975
79068000,0.6558089,-0.026915926,-9.767635,-0.0055620843,-0.005215649,0.0022509971
79072000,0.65979016,-0.025778208,-9.776329,-0.005647102,-0.0057503777,0.0018149063
79076000,0.6622835,-0.02880718,-9.780085,-0.005511688,-0.005962957,0.00085384597
79080000,0.6690035,-0.02556831,-9.770567,-0.004145013,-0.0051922137,0.0016366314
79084000,0.66839755,-0.017429836,-9.766043,-0.0036360018,-0.006344509,0.002992045
79088000,0.6608264,-0.017538356,-9.768677,-0.0036089844,-0.0061845537,0.002477577
79092000,0.66039675,-0.024178592,-9.767694,-0.003154435,-0.0053433105,0.0012941401
79096000,0.6701494,-0.021855766,-9.760393,-0.003384392,-0.0059707523,0.0016392083
79100000,0.6736405,-0.026005166,-9.755262,-0.003280935,-0.006223495,0.0020764482
79104000,0.6639132,-0.026290495,-9.760714,-0.004569014,-0.00591449,0.0022332084
79108000,0.6618042,-0.02152527,-9.761656,-0.0043508452,-0.00664788,0.0026756206
79112000,0.66872746,-0.025687307,-9.772383,-0.003320232,-0.0068003363,0.0016623524
79116000,0.66313094,-0.018361885,-9.7798605,-0.0037344608,-0.0070709647,0.0016186141
79120000,0.66897744,-0.015240859,-9.772203,-0.004402197,-0.008020403,0.003507906
79124000,0.68074346,-0.02762962,-9.766375,-0.0053369356,-0.0081723165,0.0027968497
79128000,0.66994584,-0.02845939,-9.767331,-0.004175094,-0.007203406,0.0007600545
79132000,0.66406816,-0.021948567,-9.762543,-0.0039762217,-0.006190349,0.0010227653
79136000,0.67279613,-0.019768974,-9.75807,-0.004186343,-0.0061231884,0.001791836
79140000,0.67406416,-0.019250864,-9.760121,-0.0033954354,-0.005288784,0.002324951
79144000,0.66657376,-0.021119038,-9.762472,-0.003461508,-0.0052188463,0.0020388253
79148000,0.6664703,-0.01947918,-9.763611,-0.0032803218,-0.0061208564,0.0012550523
79152000,0.67282903,-0.013777927,-9.767437,-0.002697161,-0.0067005027,0.0018240666
79156000,0.6752192,-0.012988021,-9.768045,-0.0019381469,-0.0066848337,0.0016515832
79160000,0.66874987,-0.023610082,-9.764576,-0.001919105,-0.00632737,0.001284704
79164000,0.6640104,-0.027000943,-9.7686615,-0.0024093683,-0.0067963926,0.0024149914
79168000,0.66563255,-0.023487832,-9.763413,-0.0032994468,-0.00734445,0.00198356
79172000,0.66334933,-0.021842396,-9.760411,-0.003084857,-0.008658709,0.001280124
79176000,0.66693294,-0.018106842,-9.758264,-0.0026160413,-0.008714103,0.0019182032
79180000,0.6657882,-0.015211682,-9.7511635,-0.0027368388,-0.007252526,0.001841199
79184000,0.6630881,-0.015586367,-9.749561,-0.0027140072,-0.007977642,0.0014187141
79188000,0.66798615,-0.012942591,-9.7435,-0.002998718,-0.007991304,0.0014988976
79192000,0.666425,-0.01434142,-9.752293,-0.003197115,-0.007703502,0.002135911
79196000,0.6610507,-0.020187035,-9.764303,-0.0033983127,-0.008392815,0.0021552967
79200000,0.6642467,-0.021836618,-9.764967,-0.0028500734,-0.008782319,0.0024752184
79204000,0.67103225,-0.023634246,-9.759624,-0.0030595255,-0.008193759,0.0022005022
79208000,0.66674566,-0.017388502,-9.761147,-0.0034607535,-0.007757629,0.0014072993
79212000,0.66414213,-0.014566387,-9.766367,-0.003177216,-0.008045779,0.0019749212
79216000,0.6748302,-0.02424615,-9.752838,-0.0021940637,-0.008234682,0.0028582974
79220000,0.67473036,-0.024823576,-9.752321,-0.0017473939,-0.008624002,0.0022110762
79224000,0.6678468,-0.018012675,-9.750656,-0.00077896303,-0.007852414,0.0019587993
79228000,0.66813874,-0.022665948,-9.746201,0.00018735287,-0.006757778,0.0028587002
79232000,0.6729382,-0.023203136,-9.757338,-0.0008274868,-0.0073562213,0.0030830447
79236000,0.67103916,-0.011445508,-9.76106,-0.0013194042,-0.008200276,0.0035096838
79240000,0.6731085,-0.014319499,-9.764692,-0.0009595966,-0.0077387877,0.0023163587
79244000,0.6783,-0.019710895,-9.766031,-0.0018464006,-0.0077731,0.0016742555
79248000,0.6725706,-0.01885707,-9.754881,-0.001643195,-0.007814343,0.0016050935
79252000,0.6745212,-0.013934276,-9.752964,-0.0001028462,-0.0082421275,0.0021905997
79256000,0.6824548,-0.0148186665,-9.758995,0.0004177804,-0.008338136,0.0024668952
79260000,0.681128,-0.024443736,-9.756108,0.0008447056,-0.008929416,0.0016322955
79264000,0.676044,-0.026455933,-9.757655,0.0013094244,-0.009679333,0.002041454
79268000,0.6749468,-0.023598611,-9.761082,0.0017225259,-0.009360787,0.0011410936
79272000,0.6693056,-0.018488007,-9.760802,0.0011597415,-0.008766418,0.0006679674
79276000,0.67016137,-0.015645703,-9.765309,0.0011431053,-0.008996111,0.0025560197
79280000,0.6729027,-0.014010697,-9.770371,0.0015121362,-0.0093485,0.0028377527
79284000,0.66382307,-0.01704278,-9.764033,0.0012124737,-0.00872562,0.0019947374
79288000,0.6692618,-0.02012779,-9.754283,0.00042221116,-0.00798325,0.0024779746
79292000,0.67878246,-0.017272037,-9.757547,0.0010382466,-0.0076690223,0.0021869633
79296000,0.6757102,-0.010118249,-9.753855,0.0019985838,-0.0084067555,0.0015412939
79300000,0.6728245,-0.015026055,-9.74292,0.0024599514,-0.008974034,0.0014962737
79304000,0.67560697,-0.025127789,-9.750369,0.0027975924,-0.008607319,0.0017267176
79308000,0.672205,-0.022306565,-9.750573,0.0018724847,-0.008526109,0.002058933
79312000,0.66533375,-0.014928119,-9.754437,0.0012841653,-0.0087065315,0.0014586237
79316000,0.6712905,-0.020280141,-9.766417,0.0024267826,-0.007892939,0.0013400029
79320000,0.6779492,-0.027347876,-9.765077,0.0027379629,-0.008068022,0.0021484876
79324000,0.6743737,-0.022626443,-9.769945,0.0026600168,-0.008688709,0.001823705
79328000,0.673571,-0.023322923,-9.774126,0.0034426893,-0.007715147,0.0021212187
79332000,0.675385,-0.017739313,-9.765141,0.003383458,-0.0069777514,0.0025147097
79336000,0.6690867,-0.014314452,-9.7609,0.0035545558,-0.0076305023,0.0014744946
79340000,0.67633563,-0.027329637,-9.759987,0.0039038323,-0.008175647,0.0014106449
79344000,0.6828381,-0.024939967,-9.748495,0.00388714,-0.008483406,0.0024994086
79348000,0.6732889,-0.017853197,-9.748039,0.003963185,-0.008901601,0.0024800817
79352000,0.6741637,-0.022610493,-9.762879,0.0044956794,-0.00891037,0.0022398198
79356000,0.6740332,-0.030454295,-9.770522,0.004479995,-0.008058782,0.001968083
79360000,0.6703441,-0.023592755,-9.764902,0.005073136,-0.008311198,0.0020868215
79364000,0.67699826,-0.015969228,-9.754652,0.005014505,-0.008861398,0.002887493
79368000,0.68284404,-0.01745071,-9.757969,0.0051494255,-0.008870986,0.0023958052
79372000,0.67630017,-0.017057821,-9.763686,0.0058483565,-0.008686588,0.0023978997
79376000,0.66962326,-0.0217056,-9.761744,0.0049997796,-0.00874618,0.0026153927
79380000,0.6703578,-0.026620183,-9.745858,0.004612163,-0.009534852,0.0015165352
79384000,0.67746496,-0.024544861,-9.741028,0.005133878,-0.008986131,0.0008754458
79388000,0.67656195,-0.020389587,-9.756363,0.0059095677,-0.009078058,0.0023402688
79392000,0.6699108,-0.0197412,-9.764624,0.0061180266,-0.008721768,0.0028381879
79396000,0.67732954,-0.022476638,-9.767667,0.006541747,-0.0076526077,0.0017745966
79400000,0.67508984,-0.030024962,-9.771095,0.0070316377,-0.008499269,0.0011770442
79404000,0.6660789,-0.025202448,-9.761122,0.006335752,-0.008684714,0.0012245189
79408000,0.6705128,-0.016392559,-9.756195,0.006406406,-0.0078051332,0.0027729585
79412000,0.68000597,-0.01653183,-9.763214,0.0075627672,-0.007821466,0.0028974528
79416000,0.6805455,-0.019329457,-9.7587,0.007892238,-0.008548027,0.00221035
79420000,0.6757932,-0.021612069,-9.753533,0.007767493,-0.008098836,0.0015741712
79424000,0.6680788,-0.02679461,-9.750862,0.008142795,-0.007439478,0.0007402432
79428000,0.6753021,-0.026563039,-9.752019,0.008019521,-0.008077788,0.0018088066
79432000,0.680861,-0.024025593,-9.762705,0.009057965,-0.008411428,0.0019387183
79436000,0.67633295,-0.031397924,-9.775303,0.009379034,-0.007562,0.0022159126
79440000,0.6797003,-0.02892245,-9.770168,0.007847855,-0.0075928182,0.0029744657
79444000,0.6807302,-0.021974064,-9.757594,0.008439673,-0.008116101,0.0020999548
79448000,0.6783105,-0.019968579,-9.751875,0.008933938,-0.0071615027,0.0015123297
79452000,0.68420494,-0.01602889,-9.761797,0.009454344,-0.007576765,0.00185754
79456000,0.68175465,-0.019582579,-9.757885,0.010128207,-0.007972674,0.0016440991
79460000,0.66742426,-0.024197897,-9.749226,0.008792622,-0.0063532493,0.0012256633
79464000,0.67599773,-0.021077266,-9.756138,0.008817681,-0.0062788725,0.0013796717
79468000,0.67990935,-0.021942059,-9.760796,0.009357146,-0.0077629364,0.0011335394
79472000,0.676084,-0.022840211,-9.767711,0.009786468,-0.007327921,0.0017634599
79476000,0.6801062,-0.01853157,-9.77904,0.009815246,-0.0077637215,0.002022707
79480000,0.67773426,-0.017134793,-9.777216,0.008801587,-0.008159114,0.0018865806
79484000,0.6772113,-0.018862063,-9.770771,0.008941942,-0.008182969,0.0021314912
79488000,0.66919416,-0.026384074,-9.768921,0.01002953,-0.008435755,0.001821543
79492000,0.672637,-0.019648282,-9.761659,0.01038266,-0.007641219,0.002133156
79496000,0.67785347,-0.011230601,-9.759234,0.009775341,-0.007387163,0.0022928137
79500000,0.6790655,-0.019213455,-9.7626705,0.010399425,-0.006886432,0.0020683287
79504000,0.6906471,-0.020370154,-9.760355,0.011425367,-0.005732427,0.0021435476
79508000,0.6889659,-0.017206859,-9.76532,0.011585095,-0.004933944,0.0019495387
79512000,0.6830233,-0.010716172,-9.778486,0.011157012,-0.006411286,0.0023848652
79516000,0.68065643,-0.0095743155,-9.781258,0.011065935,-0.0074315174,0.002414087
79520000,0.6838727,-0.01717684,-9.773633,0.010721987,-0.006645765,0.0015171132
79524000,0.68002385,-0.015262278,-9.771414,0.011279903,-0.006262994,0.0014876015
79528000,0.672806,-0.016584164,-9.769478,0.011828564,-0.007016788,0.0017553733
79532000,0.67232525,-0.023288017,-9.765311,0.011345722,-0.006598333,0.002336327
79536000,0.6786515,-0.023803376,-9.768705,0.011052288,-0.0063827997,0.0023343654
79540000,0.6864697,-0.019989312,-9.765241,0.010739449,-0.0067632548,0.0017443167
79544000,0.68789506,-0.018569151,-9.765118,0.01119673,-0.006551608,0.00096741953
79548000,0.68729967,-0.031065127,-9.770607,0.011670449,-0.006406799,0.0009628857
79552000,0.67898595,-0.030249326,-9.767585,0.011499532,-0.005982564,0.0015959651
79556000,0.6795804,-0.023338992,-9.7708435,0.012071168,-0.005191352,0.0013942656
79560000,0.6841439,-0.027143968,-9.778413,0.011698735,-0.0054868404,0.0018368502
79564000,0.68167907,-0.027569812,-9.771353,0.011610173,-0.0065582735,0.0022644121
79568000,0.68162584,-0.022138184,-9.766737,0.012577792,-0.0053164284,0.002565407
79572000,0.6852647,-0.02046484,-9.771502,0.011699012,-0.0041726353,0.0022912573
79576000,0.6856532,-0.021283772,-9.772034,0.012313611,-0.0046103424,0.0015404808
79580000,0.6852026,-0.021041552,-9.768315,0.012730823,-0.005424704,0.0012415436
79584000,0.68522,-0.021558138,-9.765526,0.012176159,-0.0056033907,0.00080654
79588000,0.6776103,-0.016263904,-9.757153,0.011888362,-0.0049449103,0.0011901846
79592000,0.6794857,-0.021335661,-9.760635,0.012183249,-0.004658804,0.001643765
79596000,0.6846595,-0.02558235,-9.779522,0.012893205,-0.004347737,0.0009839361
79600000,0.6824421,-0.018112509,-9.782795,0.011794354,-0.0035831942,0.001179064
79604000,0.6844461,-0.014652345,-9.776152,0.011538265,-0.0029150974,0.0021433246
79608000,0.6830524,-0.017608713,-9.773974,0.011973966,-0.0035888376,0.0021561026
79612000,0.681339,-0.018989038,-9.773538,0.012620202,-0.004474265,0.0019123829
79616000,0.6832293,-0.018448446,-9.771751,0.013650608,-0.0044551743,0.0013593436
79620000,0.6814083,-0.01772992,-9.764608,0.013085373,-0.003569202,0.0013176049
79624000,0.6839186,-0.014823521,-9.762815,0.011436893,-0.002412924,0.0021303887
79628000,0.68468815,-0.019934306,-9.765138,0.011763354,-0.0031411024,0.0018248219
79632000,0.68744177,-0.026429344,-9.769849,0.012963708,-0.003735236,0.001352896
79636000,0.69524026,-0.027321303,-9.784145,0.012072812,-0.0034121086,0.001419361
79640000,0.6890551,-0.021983435,-9.785949,0.011923378,-0.0032216855,0.0009807337
79644000,0.68479633,-0.018538889,-9.775341,0.011713719,-0.0025861901,0.000840949
79648000,0.6854497,-0.020245686,-9.778023,0.012007288,-0.0018353725,0.0009880796
79652000,0.68828857,-0.016767167,-9.780668,0.012860343,-0.0020245183,0.0012254589
79656000,0.69325566,-0.017954238,-9.769937,0.013358189,-0.002506783,0.0018444627
79660000,0.6888753,-0.020349054,-9.758135,0.013459958,-0.0017747901,0.0013251471
79664000,0.6848273,-0.023144184,-9.760523,0.012512479,-0.0012261256,0.0005546431
79668000,0.6868554,-0.02061462,-9.764436,0.011958515,-0.0008337854,-5.991866e-05
79672000,0.6875369,-0.015115588,-9.770882,0.012312679,-0.00096490706,-0.00081679114
79676000,0.6838907,-0.02302048,-9.7846775,0.012287631,-0.0022513387,-0.00022159323
79680000,0.68443835,-0.02612685,-9.789717,0.011829504,-0.001636794,0.0011903716
79684000,0.69219077,-0.028470127,-9.779439,0.011898916,-0.00070707186,0.0019495401
79688000,0.6880065,-0.025594695,-9.76355,0.012375589,-0.0005889197,0.0026081337
79692000,0.68340015,-0.01807284,-9.7655735,0.012758522,-0.00019879935,0.0016743507
79696000,0.68685496,-0.022771828,-9.776941,0.012157339,-0.00041719916,0.0007977663
79700000,0.6911589,-0.026195616,-9.774013,0.011901669,-0.00093180273,0.0010772526
79704000,0.69216067,-0.02213203,-9.7633095,0.012078034,-0.00033912316,0.0006986119
79708000,0.6856857,-0.018402595,-9.764402,0.012236978,0.00022318788,-2.5720148e-05
79712000,0.6845457,-0.023292644,-9.778622,0.011777274,-0.0012088687,-0.00020245298
79716000,0.6861929,-0.022422634,-9.791645,0.011972336,-0.0007848704,0.0003776446
79720000,0.69215405,-0.018545208,-9.785709,0.012283692,0.0008419997,-0.00011273863
79724000,0.69051874,-0.022014322,-9.7744465,0.011784976,0.0011299027,-3.9671297e-05
79728000,0.68403184,-0.024783526,-9.7786255,0.011220253,0.0005389311,-0.00016597747
79732000,0.68722254,-0.031904865,-9.779523,0.011114959,0.00034794916,0.0007710803
79736000,0.68502295,-0.028800061,-9.774172,0.010894084,0.00023230101,0.0018239324
79740000,0.6850083,-0.020531084,-9.765734,0.010444294,0.0005737996,0.00035592064
79744000,0.6902921,-0.02267755,-9.760477,0.010718304,0.0016535425,-0.00019417137
79748000,0.6897301,-0.026376057,-9.765821,0.0107756285,0.0020617426,0.0006636879
79752000,0.6892315,-0.028518213,-9.777668,0.010857525,0.0014848474,0.0016567913
79756000,0.6878285,-0.026636485,-9.792227,0.010707547,0.0003832466,0.0016153759
79760000,0.6894902,-0.027440496,-9.789692,0.011682731,0.0010763059,0.00011680223
79764000,0.69211423,-0.021659747,-9.783892,0.012794738,0.0017411625,0.00048369498
79768000,0.6965404,-0.02039706,-9.783963,0.011977373,0.0016394466,0.00087323313
79772000,0.69572955,-0.02470791,-9.780689,0.012273251,0.0028880795,0.00053082337
79776000,0.68312705,-0.028510693,-9.777595,0.01226576,0.0035355326,0.0009503745
79780000,0.68532157,-0.024511224,-9.767379,0.011142237,0.0026630913,0.00051509443
79784000,0.693148,-0.01916829,-9.76404,0.010783703,0.0019794323,0.0010328195
79788000,0.69098043,-0.027663963,-9.765545,0.010361097,0.0023833623,0.0021724938
79792000,0.6917623,-0.027260244,-9.772366,0.010443798,0.0026603998,0.0015536272
79796000,0.6922039,-0.017319113,-9.786155,0.010247447,0.0027542596,-8.377792e-05
79800000,0.6919321,-0.018906413,-9.790036,0.009828461,0.0032516397,4.430027e-05
79804000,0.68261373,-0.02269129,-9.787802,0.009392823,0.0038892203,0.00069940265
79808000,0.6838803,-0.020419514,-9.785689,0.009715554,0.0035227088,0.0014076885
79812000,0.69386137,-0.025057796,-9.781113,0.010721079,0.002650084,0.0015327435
79816000,0.688482,-0.028801331,-9.776886,0.010311886,0.0030979444,0.00079505326
79820000,0.68992674,-0.024782147,-9.776119,0.009830652,0.0037284873,0.0014064397
79824000,0.69175327,-0.022514092,-9.771762,0.010349534,0.0039244746,0.0014104139
79828000,0.6905192,-0.024310442,-9.766811,0.010957448,0.0042995657,0.0015968547
79832000,0.69103646,-0.023288561,-9.769175,0.010295074,0.00441758,0.0018853799
79836000,0.69465,-0.024703437,-9.784248,0.009412581,0.004454776,0.0007295448
79840000,0.69733644,-0.02734435,-9.786512,0.00919315,0.0045656785,0.0012221418
79844000,0.69246566,-0.026638003,-9.780245,0.009281431,0.004740126,0.0020313065
79848000,0.69031876,-0.027535819,-9.781963,0.008890333,0.0045082164,0.00088909786
79852000,0.68961203,-0.026106842,-9.778278,0.007901451,0.0050471574,-0.00035627186
79856000,0.68847215,-0.023495559,-9.778398,0.008510523,0.0053406777,-1.8637642e-05
79860000,0.69021034,-0.030069722,-9.772293,0.008414077,0.004812072,0.00066893845
79864000,0.69588804,-0.03038233,-9.762974,0.0071505494,0.0057576518,0.0010900735
79868000,0.6966499,-0.025422644,-9.773479,0.00782201,0.005829,0.0015561146
79872000,0.6946856,-0.021952797,-9.777107,0.008594726,0.005142874,0.0017966039
79876000,0.6894959,-0.019840878,-9.785223,0.008215591,0.005293183,0.0014263078
79880000,0.68750525,-0.017762054,-9.789263,0.0075826477,0.0059197093,0.00088705233
79884000,0.6934352,-0.014252099,-9.782017,0.007054097,0.0065908213,0.0010231286
79888000,0.69383085,-0.015981633,-9.785142,0.0068033133,0.0067252815,0.0013662587
79892000,0.69026774,-0.018543249,-9.78114,0.0067123426,0.006094404,0.0011158905
79896000,0.68956447,-0.02257707,-9.78097,0.006645676,0.005852231,0.0010166717
79900000,0.690436,-0.029116746,-9.781905,0.0063917553,0.006417743,0.0010534477
79904000,0.69128805,-0.03102455,-9.779025,0.0068090465,0.0064308816,0.0005664317
79912000,0.6919763,-0.029277405,-9.792564,0.006176911,0.007058864,0.00041498797
79916000,0.6912402,-0.030999418,-9.791191,0.0072776843,0.0073299245,0.00026372407
79920000,0.6919342,-0.026013453,-9.801918,0.0064511183,0.0070952806,8.871362e-05
79924000,0.6904375,-0.021481067,-9.801802,0.0060943384,0.007053772,-0.0003067381
79928000,0.69149,-0.022449538,-9.785491,0.006683011,0.007321968,0.00033141524
79932000,0.69971013,-0.021117393,-9.786175,0.006604339,0.0076908655,0.00079740793
79936000,0.6948396,-0.023676826,-9.794881,0.005630784,0.008083134,0.00013648333
79940000,0.6895522,-0.024909459,-9.785698,0.005577044,0.007905576,0.0002951566
79944000,0.6958184,-0.020005738,-9.779625,0.005952505,0.008266021,0.00044297773
79948000,0.7021695,-0.021547664,-9.7770405,0.005251796,0.008345446,0.0007318804
79952000,0.70159006,-0.02667174,-9.773486,0.004483291,0.008746871,0.001664476
79956000,0.69873506,-0.024816891,-9.767,0.005186353,0.008842294,0.0013551166
79960000,0.69726276,-0.019647183,-9.7606535,0.0054087774,0.008930237,0.0008507106
79964000,0.6953091,-0.022814833,-9.756861,0.0041920072,0.009298173,0.0010492244
79968000,0.6968024,-0.024541598,-9.75725,0.0037502453,0.008069905,0.00069270696
79972000,0.6950088,-0.024641478,-9.77301,0.0026883474,0.0074401596,0.00029862704
79976000,0.6931128,-0.02464054,-9.782789,0.0026407214,0.0072930534,0.00081853056
79980000,0.6985543,-0.02468288,-9.780596,0.0038808475,0.007323064,0.0009586778
79984000,0.6998638,-0.0235723,-9.775993,0.0035561644,0.0078851,0.00063804263
79988000,0.69731426,-0.020929908,-9.773769,0.002557659,0.008916971,-0.00017130566
79992000,0.7012236,-0.019547887,-9.773087,0.0025171658,0.00856203,-0.00025388735
79996000,0.69798136,-0.01758169,-9.769483,0.0024012076,0.008495453,0.00038905608
80000000,0.69068146,-0.019239116,-9.768558,0.0024046118,0.009294803,-0.00045434418
80004000,0.6929735,-0.023874208,-9.77376,0.002408605,0.008467166,-0.00024491615
80008000,0.7008418,-0.029690826,-9.772401,0.0022593446,0.008233916,0.0010176811
80012000,0.6928561,-0.024561366,-9.772202,0.00315142,0.008575345,0.0008479844
80016000,0.69546413,-0.01848065,-9.784889,0.0037350669,0.008366263,0.00089605356
80020000,0.70184493,-0.018758802,-9.789656,0.0031653536,0.007839743,0.0010650518
80024000,0.7008194,-0.022062978,-9.77903,0.0030472213,0.008403038,-0.00039812434
80028000,0.69997334,-0.024488792,-9.7721405,0.002958896,0.0090090465,-0.0007601563
80032000,0.69157356,-0.018546784,-9.772078,0.002206892,0.008611421,0.00016422098
80036000,0.6901159,-0.016505579,-9.766113,0.0018322702,0.00884319,0.00073886337
80040000,0.69413984,-0.020260341,-9.768595,0.0022836803,0.00850882,0.001151787
80044000,0.697969,-0.02544576,-9.773619,0.0026486376,0.008004146,0.0002948664
80048000,0.69940215,-0.028694617,-9.775822,0.001293793,0.009476615,-0.00018048321
80052000,0.69701564,-0.022582527,-9.78455,0.0008577765,0.009966303,-0.00051129604
80056000,0.69639134,-0.021979129,-9.787615,0.0013046783,0.00913729,0.00029256818
80060000,0.698238,-0.02330107,-9.779858,0.000984719,0.008972924,0.0010848759
80064000,0.7010441,-0.019781373,-9.776043,0.00072196464,0.009364245,0.0006403672
80068000,0.69997704,-0.019724414,-9.77936,0.00013395971,0.009608685,8.3335384e-05
80072000,0.69207215,-0.019073363,-9.7775,0.0007027679,0.008669776,0.00024707732
80076000,0.69013363,-0.024833724,-9.774654,0.0020502242,0.0077704773,0.0011750571
80080000,0.694026,-0.022978678,-9.772654,0.0012055876,0.00792441,0.001046735
80084000,0.70088285,-0.023470826,-9.767994,0.00012673225,0.008483248,0.00095875125
80088000,0.70163393,-0.030380802,-9.767456,6.490538e-05,0.0088886935,0.0011884008
80092000,0.700259,-0.024156159,-9.778315,-0.00012413989,0.008726699,0.0011114494
80096000,0.7012446,-0.011934319,-9.791027,-9.245433e-05,0.008671954,0.00037359423
80100000,0.7061547,-0.016876461,-9.789836,-0.00034047358,0.008120911,-0.00038317777
80104000,0.7048801,-0.028103543,-9.780058,-0.0012330832,0.0080771865,0.00013054437
80108000,0.69836235,-0.030577935,-9.784868,-0.0011894093,0.008726357,0.0011272326
80112000,0.7000828,-0.026964074,-9.7826605,-0.0014440132,0.008032394,0.00096923363
80116000,0.70094824,-0.024078982,-9.774443,-0.001268995,0.008213043,-8.605792e-05
80120000,0.6988934,-0.022638543,-9.779373,-0.00066396495,0.008672611,-0.00031562612
80124000,0.70102787,-0.021831714,-9.772517,-0.0013033408,0.007790768,0.0007064081
80128000,0.7029346,-0.030116385,-9.76471,-0.0013298535,0.008388326,0.001070995
80132000,0.7048637,-0.029776476,-9.77329,-0.0009245627,0.009513332,0.0004143312
80136000,0.7068879,-0.025752274,-9.790004,-0.000966582,0.009611198,0.00019154891
80140000,0.70237756,-0.023932815,-9.790159,-0.0012683225,0.009478696,0.00064849
80144000,0.700317,-0.026188944,-9.783334,-0.0010636258,0.009454183,0.0003079522
80148000,0.6994717,-0.021423513,-9.784237,-0.001345696,0.0085937325,0.00026752948
80152000,0.69265604,-0.021246996,-9.77408,-0.0015238934,0.008158316,0.0010498398
80156000,0.69262886,-0.02413407,-9.7780075,-0.0014073894,0.0076362374,0.0011084392
80160000,0.6971238,-0.018395085,-9.77808,-0.0015922402,0.007238548,0.00055820786
80164000,0.70014405,-0.0165014,-9.770019,-0.0010637427,0.0074817548,0.00030686188
80168000,0.7039735,-0.024867168,-9.777054,-0.00184492,0.008373632,0.0006532764
80172000,0.6996271,-0.028589698,-9.784897,-0.0024509653,0.008774567,0.0004107587
80176000,0.6992724,-0.025960296,-9.79055,-0.0015652903,0.007995964,0.0009681039
80180000,0.7050728,-0.025200602,-9.784525,-0.0016268414,0.008249974,0.001461736
80184000,0.69831073,-0.02059219,-9.78232,-0.0016956003,0.008799308,0.0015387454
80188000,0.69676167,-0.023116158,-9.775915,-0.002098368,0.008490248,0.0014646623
80192000,0.7018393,-0.028167026,-9.77474,-0.002022071,0.007656292,0.00016646572
80196000,0.70274794,-0.025652679,-9.779119,-0.0016714362,0.008532653,-9.9066834e-05
80200000,0.7070939,-0.020434279,-9.771718,-0.001307912,0.00878177,0.00089893787
80204000,0.70673156,-0.025325812,-9.774259,-0.001481286,0.007759738,0.00071644335
80208000,0.7000054,-0.026657984,-9.779213,-0.0027676548,0.007841519,0.00026122754
80212000,0.7058563,-0.018936062,-9.786427,-0.0025564088,0.008353168,0.00047052503
80216000,0.71108055,-0.019498745,-9.796901,-0.0024188587,0.007257532,-0.00021384898
80220000,0.70766187,-0.026496194,-9.7950325,-0.002952009,0.0071308943,-0.00064111076
80224000,0.7075105,-0.02351055,-9.781553,-0.0018165392,0.007764027,-0.0007574195
80228000,0.7067754,-0.023625748,-9.779724,-0.0018592031,0.007397146,0.00035175306
80232000,0.7102898,-0.029602913,-9.784199,-0.0026731507,0.0065633114,0.00024631157
80236000,0.7087102,-0.025557881,-9.780483,-0.0025506879,0.0057308925,0.00036254135
80240000,0.70346403,-0.022392126,-9.773373,-0.002772554,0.0062688105,0.00097302755
80244000,0.7052414,-0.021917071,-9.766975,-0.002805963,0.0068315472,0.0008847849
80248000,0.70849097,-0.02400729,-9.758614,-0.0027243535,0.0073988084,0.0012198846
80252000,0.7053218,-0.023732465,-9.765028,-0.0029552837,0.0075462204,0.0009245854
80256000,0.7015532,-0.025372693,-9.777178,-0.00286614,0.006824046,0.0006673276
80260000,0.70313454,-0.029225506,-9.771914,-0.0025295767,0.006842081,0.00064410537
80264000,0.70166737,-0.02687114,-9.77437,-0.0040567704,0.0074611283,0.0018146018
80268000,0.70670664,-0.024044275,-9.776785,-0.0036693804,0.007541622,0.002188673
80272000,0.7093798,-0.024603346,-9.776639,-0.002351698,0.0072143343,0.0018327188
80276000,0.6932077,-0.022886258,-9.777303,-0.0019192592,0.006399692,0.0008213588
80280000,0.6954553,-0.022718612,-9.766985,-0.0013597542,0.0058108973,-0.00019315492
80284000,0.7012687,-0.021604728,-9.766036,-0.0024823314,0.0062147146,5.6900128e-05
80288000,0.70106983,-0.024434453,-9.766188,-0.002671658,0.0063414234,0.00015734228
80292000,0.70157623,-0.021800414,-9.772144,-0.0022804532,0.006619521,0.0005045409
80296000,0.6988412,-0.01933069,-9.790142,-0.0027344231,0.006798204,0.0017314126
80300000,0.7063302,-0.026294261,-9.789509,-0.0038853663,0.006985291,0.0013279015
80304000,0.70130455,-0.025253722,-9.775217,-0.004869271,0.007816297,0.0006909686
80308000,0.6999594,-0.02791305,-9.767658,-0.0038852196,0.008059417,0.0009172306
80312000,0.7099355,-0.029367786,-9.767353,-0.0035395168,0.008231235,0.0005839132
80316000,0.71308684,-0.025097687,-9.769022,-0.004539445,0.0076056737,0.0008551812
80320000,0.71444833,-0.022241652,-9.769579,-0.004615493,0.00698528,0.0012389787
80324000,0.7135185,-0.022571739,-9.767875,-0.0036603543,0.006838787,0.0013235384
80328000,0.7030677,-0.02232804,-9.767403,-0.0030554906,0.0062246174,0.0010405652
80332000,0.69893074,-0.020315839,-9.7719345,-0.003379765,0.006284841,0.0005294881
80336000,0.7088197,-0.020815356,-9.781525,-0.0030622445,0.006591122,0.0013127063
80340000,0.7175282,-0.025060255,-9.785055,-0.0034363244,0.0065101897,0.0021969979
80344000,0.7101298,-0.024549518,-9.77911,-0.004144681,0.006934634,0.0016222895
80348000,0.7030034,-0.022957426,-9.775417,-0.0034537856,0.006984542,0.0010183415
80352000,0.7081146,-0.02704223,-9.777918,-0.0031195474,0.006977763,0.0014538605
80356000,0.71308655,-0.024831837,-9.7726345,-0.0036860895,0.006938468,0.0014665073
80360000,0.7091994,-0.020122258,-9.764717,-0.0039084167,0.006324975,0.0011454339
80364000,0.7074934,-0.023148574,-9.769901,-0.0037701766,0.0068547707,0.0011065904
80368000,0.7113584,-0.028703025,-9.770757,-0.004018991,0.007290413,0.0015963542
80372000,0.71338123,-0.033334833,-9.776306,-0.0044269543,0.0072070006,0.0015425278
80376000,0.7147832,-0.030344281,-9.79339,-0.003916379,0.0059372997,0.00041793004
80380000,0.7108604,-0.028634544,-9.783779,-0.004268583,0.004263739,0.0011808987
80384000,0.7078786,-0.02686558,-9.771144,-0.005071922,0.004477236,0.001996886
80388000,0.7152535,-0.027611205,-9.7748375,-0.003968048,0.004968076,0.0020834093
80392000,0.7155749,-0.032409277,-9.771591,-0.002752664,0.0057873907,0.0017118742
80396000,0.7087462,-0.025650885,-9.767338,-0.0024056588,0.0050492603,0.0018288838
80400000,0.71305895,-0.015715798,-9.765362,-0.003299846,0.0040565226,0.0012921002
80404000,0.7099005,-0.011180989,-9.766787,-0.0038688332,0.0047395104,4.3515483e-05
80408000,0.7089383,-0.017796883,-9.761033,-0.0042990725,0.0052988315,0.0007229581
80412000,0.7091494,-0.024173696,-9.767509,-0.0042185057,0.0059516267,0.0018379497
80416000,0.7100316,-0.015111308,-9.782755,-0.0036235007,0.005529723,0.0022643183
80420000,0.7108966,-0.017246712,-9.780912,-0.0030872184,0.0053161327,0.0018515299
80424000,0.71261334,-0.032375228,-9.773174,-0.0033816348,0.0054115225,0.0020469287
80428000,0.70913637,-0.030669384,-9.770165,-0.0035433834,0.0050223097,0.0018757329
80432000,0.70322263,-0.022610823,-9.769615,-0.0028430417,0.005630272,0.0016111745
80436000,0.70572686,-0.02294104,-9.764095,-0.0038790898,0.006128532,0.0016271163
80440000,0.7076802,-0.026345309,-9.763546,-0.004063589,0.005188868,0.0020176654
80444000,0.70525587,-0.033282496,-9.764797,-0.0033184385,0.0043235486,0.0023482472
80448000,0.7071475,-0.029399557,-9.766209,-0.0028770515,0.004581742,0.00093399244
80452000,0.7124798,-0.0252988,-9.775632,-0.0030455503,0.004711544,0.0010031447
80456000,0.7117709,-0.026661228,-9.783022,-0.003582416,0.0050966805,0.0009690581
80460000,0.71142626,-0.026610347,-9.7809725,-0.003533582,0.005157253,0.00037864957
80464000,0.7150285,-0.03033912,-9.7726755,-0.003798209,0.0039876853,0.0014274726
80468000,0.71691525,-0.030262548,-9.77303,-0.004435228,0.0035508424,0.0016664558
80472000,0.7108536,-0.026080037,-9.780331,-0.004330822,0.00438474,0.00065028627
80476000,0.7111356,-0.023116218,-9.774513,-0.004802726,0.005574556,0.0008791487
80480000,0.7130865,-0.025564034,-9.760101,-0.0050484883,0.005068757,0.0022422865
80484000,0.7074833,-0.03057616,-9.763031,-0.004400471,0.003863867,0.0017355145
80488000,0.70450795,-0.028771363,-9.770813,-0.004684506,0.004814056,0.0007867781
80492000,0.70519906,-0.02305104,-9.770241,-0.003986192,0.0049937856,0.000931052
80496000,0.7090188,-0.023019293,-9.775706,-0.0037008747,0.004494057,0.0009334652
80500000,0.7087009,-0.029738277,-9.775156,-0.0032756021,0.004353782,0.0014316884
80504000,0.71318394,-0.030420836,-9.774473,-0.0026149296,0.004308545,0.0019767073
80508000,0.72104496,-0.028939491,-9.77511,-0.0033766904,0.0040834723,0.0013657717
80512000,0.7093855,-0.030616913,-9.76935,-0.0038339111,0.0034887767,0.0012579926
80516000,0.7029989,-0.02109589,-9.767702,-0.0039912346,0.002778787,0.0017640141
80520000,0.70687854,-0.019131124,-9.764027,-0.0039562713,0.0021861035,0.0016072732
80524000,0.7103243,-0.024865733,-9.762154,-0.004623486,0.0021765782,0.0009232715
80528000,0.71072805,-0.030331882,-9.761705,-0.003980858,0.0016053028,0.0015306175
80532000,0.7126664,-0.027749185,-9.771931,-0.0026846163,0.0020460319,0.0025549578
80536000,0.71308887,-0.024895303,-9.7829895,-0.0035113394,0.0035637713,0.0017101205
80540000,0.7120323,-0.032590766,-9.784561,-0.004667882,0.003984237,0.0014813525
80544000,0.71854424,-0.028676905,-9.785332,-0.0051386463,0.0032945827,0.0015206276
80548000,0.71603477,-0.027385576,-9.768308,-0.0051493295,0.0031899826,0.0010167948
80552000,0.7105824,-0.027800383,-9.764963,-0.0047683967,0.002913027,0.0009336509
80556000,0.7093781,-0.016128564,-9.772609,-0.0031840913,0.002255488,0.0019188325
80560000,0.7076569,-0.018491663,-9.766853,-0.0038337107,0.0020072863,0.0017995889
80564000,0.7086799,-0.02697321,-9.76082,-0.0056727338,0.0021852814,0.0012307996
80568000,0.711782,-0.023921985,-9.759314,-0.0056424737,0.0023634494,0.0018893279
80572000,0.71506876,-0.025714148,-9.766501,-0.0050021443,0.002411461,0.0018061618
80576000,0.7209467,-0.030351274,-9.781234,-0.004649604,0.0024168284,0.0023922848
80580000,0.72594637,-0.030125171,-9.776494,-0.0043519153,0.0028181926,0.0027363845
80584000,0.7274272,-0.023558637,-9.765909,-0.0036019534,0.0024213318,0.001931412
80588000,0.7228079,-0.019448932,-9.770551,-0.0029603285,0.0016013578,0.0017216131
80592000,0.72245365,-0.023968287,-9.771285,-0.0036498883,0.0012181757,0.0017029449
80596000,0.7158401,-0.025873864,-9.770338,-0.0039100996,0.00047678803,0.0013874272
80600000,0.7105917,-0.023896502,-9.763303,-0.0036308002,0.0009442316,0.0008525421
80604000,0.715888,-0.024048148,-9.762394,-0.0037711514,0.0008761332,0.00097190036
80608000,0.71313685,-0.02833849,-9.770691,-0.0039003708,0.00019650924,0.0020832173
80612000,0.7174827,-0.030146671,-9.767927,-0.0043266774,0.0011639034,0.0019981565
80616000,0.71818805,-0.024669247,-9.771105,-0.004624246,0.0020878555,0.002333551
80620000,0.7190597,-0.022513907,-9.779389,-0.005790081,0.0018711525,0.0024854916
80624000,0.7219086,-0.026944779,-9.778429,-0.005708635,0.0014493788,0.001619622
80628000,0.71391606,-0.021866534,-9.771664,-0.0055100042,0.0015537874,0.0016576713
80632000,0.70902663,-0.023961486,-9.771108,-0.0068729087,0.001757594,0.0020180386
80636000,0.7150487,-0.027660621,-9.770849,-0.006862715,0.0011830155,0.0009827989
80640000,0.721853,-0.024712423,-9.764549,-0.0047126664,0.0006164685,0.0008772034
80644000,0.7174295,-0.030938132,-9.763407,-0.003590457,0.00036666752,0.0018400467
80648000,0.7155539,-0.029821077,-9.76816,-0.004420803,0.0004008957,0.0015377857
80652000,0.7197802,-0.027278226,-9.777176,-0.0052550994,-7.3883966e-05,0.0008345349
80656000,0.713617,-0.0346486,-9.78385,-0.005710725,0.00031302887,0.00095679425
80660000,0.7150707,-0.034151495,-9.784937,-0.005298202,0.0005077298,0.0016478953
80664000,0.71496916,-0.029594544,-9.781974,-0.004543197,-0.00046988996,0.0017295001
80668000,0.71026903,-0.028497655,-9.772085,-0.004845565,-0.00028566702,0.0023590897
80672000,0.71231425,-0.028444005,-9.767748,-0.004815419,-3.3547098e-05,0.0025121458
80676000,0.7072834,-0.02695092,-9.773952,-0.005076566,0.00017534429,0.0022224206
80680000,0.7155767,-0.025173362,-9.768887,-0.0047901087,3.5492452e-05,0.0017204232
80684000,0.72337615,-0.033459924,-9.764138,-0.0044494225,0.00046698202,0.0011665185
80688000,0.7215099,-0.034957916,-9.768009,-0.0043926584,0.000720587,0.0022873485
80692000,0.7175528,-0.037483945,-9.774122,-0.004301191,-0.00023809193,0.0025331017
80696000,0.72130334,-0.04151707,-9.788731,-0.0054774308,0.0001421458,0.0016685678
80700000,0.7283286,-0.036483552,-9.798016,-0.0063875425,0.00063369423,0.0015481603
80704000,0.71988755,-0.029211733,-9.782047,-0.0067153117,0.0009671482,0.0017921072
80708000,0.7150819,-0.027405705,-9.769558,-0.005855066,-4.5147433e-05,0.0029124317
80712000,0.7183887,-0.026297517,-9.77589,-0.0051467367,-0.00036441695,0.003097272
80716000,0.7173364,-0.028412739,-9.772773,-0.005716226,0.00052258995,0.0019883243
80720000,0.7139183,-0.030704007,-9.760736,-0.005498309,-9.139958e-05,0.0017666799
80724000,0.7232393,-0.027320879,-9.761078,-0.0062922267,-0.00038611077,0.0021835559
80728000,0.72384036,-0.025851293,-9.766396,-0.0058352407,-0.0005323609,0.002488346
80732000,0.7201443,-0.021894034,-9.774178,-0.0051892144,-0.0013652488,0.0033695959
80736000,0.7246853,-0.025735307,-9.78963,-0.005460681,-0.0018621248,0.003448385
80740000,0.7206439,-0.02514833,-9.790507,-0.005187899,-0.0010347266,0.0020243626
80744000,0.71619517,-0.024876755,-9.77375,-0.0064518875,-0.0001577156,0.0015898196
80748000,0.7196621,-0.028814875,-9.769697,-0.006274059,-0.00024675415,0.002018754
80752000,0.7154886,-0.029124526,-9.772688,-0.005866405,-0.00065177324,0.0019584151
80756000,0.7116858,-0.027716693,-9.766506,-0.006194081,-0.00070138014,0.0025125225
80760000,0.7137624,-0.026737003,-9.76285,-0.00589627,-0.0005974794,0.00327486
80764000,0.7169279,-0.021727182,-9.768071,-0.005566138,-0.0011752372,0.0025810488
80768000,0.716288,-0.014486778,-9.775999,-0.005274677,-0.001755025,0.0025935282
80772000,0.71628046,-0.02369893,-9.779075,-0.0051484774,-0.0010318934,0.0025368803
80776000,0.7185234,-0.026616221,-9.783168,-0.005372571,-0.0011948844,0.0018502923
80780000,0.7221757,-0.030404665,-9.790209,-0.0055304356,-0.0027184868,0.0021246728
80784000,0.7209259,-0.032161497,-9.792608,-0.0055231187,-0.0022868412,0.0021621468
80788000,0.7175902,-0.024155188,-9.782129,-0.005291643,-0.00093500916,0.0020577337
80792000,0.7257759,-0.029887049,-9.771069,-0.0048208325,-0.0010162742,0.0024834357
80796000,0.72731173,-0.029361295,-9.772432,-0.0044824933,-0.0009124873,0.0026226244
80800000,0.7299906,-0.023304462,-9.781491,-0.0043067285,-0.001047147,0.0016776316
80804000,0.7242433,-0.017580302,-9.779228,-0.005013806,-0.0011008556,0.002167531
80808000,0.718731,-0.01977671,-9.772904,-0.0053246035,-9.8034885e-05,0.0023548503
80812000,0.72233975,-0.028004123,-9.781447,-0.0055277064,-0.000777157,0.0015190769
80816000,0.7183231,-0.030331584,-9.788453,-0.005534766,-0.0014486656,0.0017270999
80820000,0.71950483,-0.03222472,-9.786148,-0.0057889554,-0.001957966,0.0025543212
80824000,0.72779113,-0.03638209,-9.782851,-0.0063280617,-0.0019268797,0.0025479072
80828000,0.7241322,-0.031817034,-9.784892,-0.005850183,-0.00080969126,0.0021955697
80832000,0.72195065,-0.025844634,-9.78154,-0.0061573316,-0.002592761,0.0023237886
80836000,0.724894,-0.028978981,-9.769386,-0.0064957673,-0.0029149558,0.0022383393
80840000,0.7213409,-0.030585205,-9.763571,-0.0073072053,-0.0018253893,0.0027948753
80844000,0.71840686,-0.031490304,-9.764303,-0.007724023,-0.0022026906,0.00292006
80848000,0.72011817,-0.036990643,-9.771664,-0.00663407,-0.0026295537,0.002585754
80852000,0.72438645,-0.030178957,-9.78154,-0.0059651933,-0.002504159,0.0028550213
80856000,0.7232545,-0.018145408,-9.785393,-0.0056684497,-0.0030431855,0.0026721763
80860000,0.71715,-0.024635524,-9.785528,-0.005597097,-0.003173911,0.0020785069
80864000,0.71663535,-0.027115317,-9.782499,-0.0053364346,-0.0023277402,0.0024861414
80868000,0.7204931,-0.021388086,-9.779516,-0.00508937,-0.0018557071,0.0017107188
80872000,0.72243917,-0.028089268,-9.7836,-0.005380048,-0.00073042925,0.001125113
80876000,0.72192085,-0.03399504,-9.782345,-0.005192835,-0.00059956376,0.0014466516
80880000,0.7209148,-0.03145076,-9.775395,-0.006159589,-0.0009918852,0.0019071961
80884000,0.71870285,-0.027744984,-9.766759,-0.0070618414,7.274267e-05,0.0018392014
80888000,0.7229109,-0.028333751,-9.768974,-0.006315359,-0.00020275872,0.0016136358
80892000,0.7287521,-0.03392362,-9.780063,-0.005538621,-0.0019981768,0.0014201155
80896000,0.72838485,-0.029870847,-9.795948,-0.0055587846,-0.0018272536,0.0021490536
80900000,0.72774553,-0.026168786,-9.79084,-0.0058339867,-0.0016221695,0.0027254017
80904000,0.7246486,-0.0295026,-9.774561,-0.0063214367,-0.0015929235,0.0015135276
80908000,0.7235768,-0.022186317,-9.768698,-0.006508615,-0.00247075,0.0023198072
80912000,0.7192463,-0.021078054,-9.761658,-0.0060888566,-0.0037417922,0.0023386045
80916000,0.71524173,-0.028684273,-9.767391,-0.0058464347,-0.0039078584,0.0013517122
80920000,0.7186545,-0.024832498,-9.770819,-0.0058318065,-0.003967086,0.002327512
80924000,0.72406954,-0.022648392,-9.7774315,-0.006345004,-0.0036451106,0.0028315126
80928000,0.72537386,-0.024807783,-9.778227,-0.006109035,-0.0035497772,0.0024130326
80932000,0.7295711,-0.023509743,-9.777343,-0.0059329956,-0.003967756,0.0021500094
80936000,0.7334481,-0.021534193,-9.790588,-0.006735319,-0.0033562083,0.002201801
80940000,0.73076904,-0.029288111,-9.790659,-0.0066917157,-0.003157228,0.0029224744
80944000,0.727944,-0.030223763,-9.778826,-0.0064640697,-0.003741611,0.0027454318
80948000,0.72165465,-0.02395604,-9.776557,-0.0060932757,-0.0031735708,0.0015925947
80952000,0.7218859,-0.02422658,-9.777028,-0.0057472643,-0.003138314,0.0019640257
80956000,0.72790736,-0.020694567,-9.773842,-0.0058615254,-0.003521265,0.0031803166
80960000,0.72304356,-0.023389138,-9.774014,-0.006207014,-0.002897119,0.0036150897
80964000,0.7176684,-0.027693052,-9.775659,-0.0067141964,-0.002305636,0.0030242526
80968000,0.7246624,-0.028527549,-9.773997,-0.0061944365,-0.0022038422,0.002012023
80972000,0.7266518,-0.036743708,-9.776472,-0.00600247,-0.0030881453,0.0014355124
80976000,0.7191974,-0.034227267,-9.787928,-0.0063067824,-0.0041719396,0.0020954055
80980000,0.7231223,-0.02547346,-9.79278,-0.00547756,-0.0036310826,0.002637146
80984000,0.7236678,-0.028301097,-9.790639,-0.0057998598,-0.0026198754,0.0021855766
80988000,0.7164509,-0.024569439,-9.789034,-0.0064427163,-0.0022074059,0.0016791511
80992000,0.7253434,-0.02090351,-9.78154,-0.00585296,-0.0023361135,0.0018525056
80996000,0.7264962,-0.02505518,-9.774345,-0.005297589,-0.0021678922,0.002642685
81000000,0.7262558,-0.026549159,-9.768648,-0.00572255,-0.0026444371,0.0028432906
81004000,0.7298821,-0.016969731,-9.773751,-0.006305356,-0.0029248812,0.0023886268
81008000,0.72409785,-0.017707719,-9.774856,-0.0056844177,-0.003058296,0.0018596463
81012000,0.7242254,-0.027881932,-9.776686,-0.0060321474,-0.0035416782,0.001517564
81016000,0.724968,-0.031101404,-9.793082,-0.0062400056,-0.0039719325,0.0019940173
81020000,0.7242663,-0.034773186,-9.787268,-0.006215501,-0.00393269,0.0033817631
81024000,0.7273011,-0.028289748,-9.772575,-0.007124878,-0.00254333,0.0028918013
81028000,0.72937405,-0.026545046,-9.777353,-0.00694932,-0.003218784,0.0023940918
81032000,0.72585356,-0.031059226,-9.7817,-0.005929591,-0.0046164417,0.0033227936
81036000,0.7259978,-0.024263341,-9.781977,-0.005409885,-0.00426952,0.0024004402
81040000,0.7302573,-0.019527152,-9.775837,-0.00598227,-0.0037650045,0.0012073554
81044000,0.72246325,-0.024395933,-9.77319,-0.0063535166,-0.003892822,0.0017658409
81048000,0.72040284,-0.029947294,-9.777983,-0.0065623606,-0.003981783,0.0021897962
81052000,0.73091096,-0.028920293,-9.781338,-0.006261548,-0.0040176664,0.0022828863
81056000,0.7327782,-0.022309098,-9.790336,-0.0058245324,-0.004697767,0.0025304782
81060000,0.7287656,-0.026736228,-9.789738,-0.005808597,-0.004914377,0.001885819
81064000,0.7330133,-0.031360555,-9.780631,-0.0064020567,-0.004595669,0.00074657385
81068000,0.73252726,-0.03758079,-9.774157,-0.0070946673,-0.004115599,0.0013716925
81072000,0.7341387,-0.03874658,-9.7743845,-0.006379794,-0.0029160583,0.0026638827
81076000,0.73501253,-0.0319482,-9.7791395,-0.0055664512,-0.0027403804,0.003000149
81080000,0.7235688,-0.024540354,-9.774519,-0.0051597687,-0.0033076687,0.0026976303
81084000,0.7243282,-0.021570273,-9.764511,-0.0057751494,-0.0034696567,0.0014221385
81088000,0.73088944,-0.030740641,-9.76519,-0.0061207353,-0.003781142,0.0016148634
81092000,0.73322797,-0.03228848,-9.7745,-0.0058897617,-0.004040582,0.0023782167
81096000,0.7303923,-0.03081774,-9.77972,-0.005618393,-0.0036852353,0.0029029674
81100000,0.72671694,-0.024844378,-9.778797,-0.0055327597,-0.0032216134,0.0030578137
81104000,0.72858083,-0.027656348,-9.773026,-0.006132497,-0.004164341,0.00256097
81108000,0.7295378,-0.032255307,-9.768871,-0.006154077,-0.004240183,0.0029489722
81112000,0.7298886,-0.022304358,-9.777571,-0.0059792865,-0.003785547,0.0025171633
81116000,0.7298851,-0.018547917,-9.77285,-0.006158554,-0.0043405825,0.002579908
81120000,0.73354185,-0.024954649,-9.764839,-0.0056410106,-0.0046904217,0.0036342368
81124000,0.7381277,-0.03406746,-9.764572,-0.004544945,-0.0049987216,0.003695819
81128000,0.73218054,-0.03510358,-9.76288,-0.0049264147,-0.0049124053,0.003259457
81132000,0.7208389,-0.04058426,-9.77645,-0.005534193,-0.004160011,0.0023793408
81136000,0.72463566,-0.035138004,-9.788907,-0.005285948,-0.003570318,0.0017406096
81140000,0.7355623,-0.023044987,-9.784515,-0.00470622,-0.0034601633,0.0018071168
81144000,0.7328179,-0.026153838,-9.774883,-0.0044499445,-0.0039466466,0.0025478203
81148000,0.72908866,-0.031575926,-9.769243,-0.0053265146,-0.0039106384,0.0027413885
81152000,0.7265638,-0.02986555,-9.770869,-0.0052391887,-0.0022987707,0.0016378403
81156000,0.73052216,-0.028912373,-9.770052,-0.0041663796,-0.001517345,0.00087381754
81160000,0.7335613,-0.025270527,-9.762772,-0.0039180275,-0.0025824169,0.0010450437
81164000,0.7281047,-0.024659945,-9.761525,-0.004774398,-0.003374362,0.0021774266
81168000,0.73233664,-0.031430617,-9.76273,-0.0040604775,-0.0030870622,0.0033954952
81172000,0.73463094,-0.030214753,-9.769306,-0.0036471372,-0.0031953012,0.0029259515
81176000,0.7288606,-0.030423135,-9.776612,-0.0041701337,-0.003918678,0.002387464
81180000,0.73338735,-0.025562169,-9.786513,-0.0038924136,-0.004608303,0.0024504503
81184000,0.73767626,-0.02547758,-9.786709,-0.0046307156,-0.0050677108,0.001635264
81188000,0.73665,-0.031721473,-9.777073,-0.004139891,-0.004584169,0.0020164477
81192000,0.72909844,-0.033470206,-9.772877,-0.0024720675,-0.0042741816,0.0029451197
81196000,0.7264663,-0.029488627,-9.76587,-0.00216984,-0.0055170045,0.0031464358
81200000,0.73286676,-0.030760122,-9.764017,-0.0031501006,-0.005196452,0.0026016135
81204000,0.7324773,-0.033889793,-9.759338,-0.003050648,-0.0037563543,0.0014644505
81208000,0.73647046,-0.029242424,-9.756336,-0.0027252778,-0.0033555117,0.001081542
81212000,0.74082303,-0.025417276,-9.766148,-0.0029667155,-0.002871731,0.0013503027
81216000,0.7324047,-0.024857722,-9.780461,-0.003303119,-0.003071107,0.0019924026
81220000,0.72715306,-0.030385768,-9.7776375,-0.0038883996,-0.0021370382,0.0019748516
81224000,0.7322118,-0.032562263,-9.77561,-0.0039673485,-0.0012260011,0.0019332229
81228000,0.73038167,-0.03173851,-9.778185,-0.003319105,-0.0017052089,0.0025886965
81232000,0.7293726,-0.029840609,-9.766504,-0.002678196,-0.001988951,0.0015630777
81236000,0.7364677,-0.028447581,-9.760271,-0.0027586732,-0.0025375404,0.0024691448
81240000,0.73098916,-0.029248944,-9.759041,-0.0030619004,-0.0034569842,0.0041550878
81244000,0.72267437,-0.024367426,-9.764524,-0.0024679943,-0.004089266,0.0027143394
81248000,0.72625905,-0.025012553,-9.776485,-0.0022683542,-0.0038979128,0.0018825787
81252000,0.73346555,-0.03165844,-9.776233,-0.0030151804,-0.0034479161,0.0028685941
81256000,0.73628896,-0.03265293,-9.774464,-0.0021708366,-0.003026016,0.0033406164
81260000,0.73653746,-0.024755843,-9.779698,-0.00202561,-0.0031410595,0.0031783588
81264000,0.74077463,-0.022588503,-9.775312,-0.0018468972,-0.0019866412,0.0030912163
81268000,0.74112785,-0.0268759,-9.766804,-0.0016505056,-0.0006415657,0.0034899015
81272000,0.73892736,-0.025245933,-9.768507,-0.0016237757,-0.0022571841,0.0028150708
81276000,0.7327328,-0.028288372,-9.7678795,-0.0009553794,-0.0024558262,0.0019343315
81280000,0.7305331,-0.03098324,-9.758091,-0.00029181555,-0.0016412754,0.0025028118
81284000,0.7373914,-0.029041814,-9.753504,-0.00021463101,-0.0022304961,0.0027554112
81288000,0.7358173,-0.026634993,-9.756721,-0.00096180337,-0.0021234353,0.0019211174
81292000,0.7320157,-0.023658028,-9.764962,-0.0006301955,-0.0019352537,0.0012910909
81296000,0.7326547,-0.025047924,-9.781942,-0.00035344696,-0.0015643724,0.0023386942
81300000,0.73533505,-0.023434259,-9.78571,-0.0008879504,-0.0010340217,0.0025631823
81304000,0.73062646,-0.029557029,-9.772227,-0.0012961733,-0.0012980573,0.001854326
81308000,0.7280493,-0.031993613,-9.770359,-0.00080636796,-0.00078294106,0.002153577
81312000,0.7369466,-0.024097774,-9.768501,-8.567283e-05,0.00023330079,0.0023666485
81316000,0.7372263,-0.02957116,-9.766413,-0.0009948217,-0.0005029842,0.0020851586
81320000,0.7320634,-0.0334505,-9.76202,-0.001181095,-0.0014481875,0.0024273482
81324000,0.7385303,-0.02574828,-9.755618,-0.0014230227,-0.0015493016,0.0034468821
81328000,0.74202555,-0.023567311,-9.757801,-0.0013553614,-0.0011646822,0.0036843275
81332000,0.73345196,-0.024845967,-9.7654915,-0.0009376385,-0.0010285234,0.0024157679
81336000,0.7345069,-0.026613474,-9.779981,-0.00022018663,-0.001384656,0.0017835568
81340000,0.73778903,-0.029569255,-9.785355,0.0003659356,-0.0015392103,0.0027266042
81344000,0.731423,-0.02779672,-9.775537,-0.0014721024,-0.0008741152,0.0022172497
81348000,0.73595154,-0.02956743,-9.765779,-0.0012362226,-0.0015334177,0.0024808703
81352000,0.7350209,-0.029427469,-9.763641,0.00020616988,-0.001381129,0.0035689194
81356000,0.727973,-0.023356412,-9.761791,-0.000472016,-0.0006875468,0.0026374594
81360000,0.7320826,-0.02367454,-9.762228,-0.000652289,-0.0018150569,0.002139719
81364000,0.7339597,-0.024749625,-9.7575035,-0.000219861,-0.0011957987,0.0024926069
81368000,0.7319149,-0.026015665,-9.754105,-1.6203041e-06,0.0003351364,0.002310942
81372000,0.7242851,-0.029657159,-9.7583065,0.0010138069,-4.0198986e-05,0.002338966
81376000,0.7279371,-0.022975516,-9.766492,0.0012433742,-0.00089106255,0.0025358496
81380000,0.7399054,-0.019176997,-9.77594,0.002029761,0.00038030188,0.0020906788
81384000,0.74241674,-0.02529426,-9.776729,0.0030668792,0.0005946852,0.0015911169
81388000,0.7368068,-0.02662519,-9.773196,0.0012487608,-0.00027746067,0.0017755135
81392000,0.7295623,-0.02718797,-9.773708,1.2027875e-05,-0.00018050287,0.002543161
81396000,0.7294285,-0.03568384,-9.7677355,0.0006830048,0.00013033507,0.0030735824
81400000,0.73747957,-0.03239438,-9.762911,0.00026383047,0.00021088748,0.002784243
81404000,0.74433917,-0.026582848,-9.764908,0.00062774663,0.00020957578,0.0022878181
81408000,0.7416911,-0.031604223,-9.760357,0.0009783194,-2.851192e-05,0.0022077353
81412000,0.73614234,-0.03125202,-9.763002,0.00052026846,0.00015713528,0.0020437576
81416000,0.73535854,-0.023687314,-9.7773,0.0013074611,0.0006562317,0.0010538385
81420000,0.7333919,-0.02139741,-9.783821,0.0015834757,0.00051347,0.001440572
81424000,0.7320903,-0.02556454,-9.775818,0.0014342056,0.0007996047,0.0028198569
81428000,0.735922,-0.028188039,-9.773792,0.0007365364,0.0014135097,0.0018296187
81432000,0.7402928,-0.028384874,-9.773118,0.0006122074,0.0006772208,0.0016024004
81436000,0.74325144,-0.028330604,-9.761803,0.0015072222,0.00072382245,0.002075481
81440000,0.74038684,-0.025563002,-9.756655,0.0014496183,0.0010730467,0.0019903325
81444000,0.7360413,-0.02417466,-9.766996,0.002115271,0.0009186364,0.0015722438
81448000,0.73713684,-0.022183508,-9.772923,0.0014472723,0.0019360259,0.0020300846
81452000,0.7380003,-0.027554015,-9.77429,0.0006584118,0.0014245046,0.002591775
81456000,0.73723125,-0.037481576,-9.780291,0.0014356604,0.0013309087,0.0018675905
81460000,0.7360176,-0.0371552,-9.77892,0.00083338807,0.001668469,0.0020963727
81464000,0.7394453,-0.031571824,-9.768631,0.00046297052,0.0015225207,0.0024992058
81468000,0.7425407,-0.026497783,-9.7603,0.00095940166,0.0008551925,0.0027431184
81472000,0.7460638,-0.025752021,-9.763349,-0.00016495354,0.0015280339,0.0028632688
81476000,0.7495619,-0.026552713,-9.759957,0.00016300796,0.0021838956,0.0015288019
81480000,0.74183404,-0.030936014,-9.7541685,0.0014066456,0.0012967357,0.0015742141
81484000,0.7406621,-0.029207852,-9.758823,0.00094294053,0.0016785994,0.002472249
81488000,0.7409185,-0.023330793,-9.759117,0.0014396857,0.0023290566,0.002531476
81492000,0.7400336,-0.026096426,-9.763527,0.0022028303,0.0023944967,0.0026228484
81496000,0.73957056,-0.02619992,-9.775477,0.0026320003,0.0022314382,0.001636491
81500000,0.73364127,-0.024292264,-9.780205,0.0028832555,0.002962247,0.0013587129
81504000,0.7369983,-0.023937881,-9.773988,0.0024562946,0.0023582247,0.0015954219
81508000,0.73478717,-0.02511629,-9.768316,0.0017303397,0.0022840565,0.0022899804
81512000,0.73335737,-0.031535506,-9.769698,0.0016621366,0.0035617976,0.0027444598
81516000,0.74262995,-0.0300964,-9.775316,0.0014699227,0.003581733,0.0017226374
81520000,0.7442913,-0.025102971,-9.767139,0.00058671343,0.004074978,0.0013272424
81524000,0.7402887,-0.027599787,-9.756182,0.00093230477,0.0043974165,0.0011168037
81528000,0.7388986,-0.02907559,-9.763314,0.0011977336,0.0035950362,0.002326876
81532000,0.73642355,-0.031740066,-9.771392,0.0013144272,0.003419546,0.0030585562
81536000,0.7412013,-0.03462892,-9.771551,0.001699553,0.0034399133,0.002592118
81540000,0.7447773,-0.029655974,-9.773662,0.0017408604,0.003233787,0.0021822972
81544000,0.7372703,-0.025418067,-9.771473,0.00148904,0.0030884396,0.0016099364
81548000,0.7396059,-0.03630901,-9.764769,0.0015110184,0.0027859302,0.0018242771
81552000,0.7442744,-0.04087007,-9.767254,0.002030864,0.0038003626,0.001899629
81556000,0.74172986,-0.027025247,-9.767416,0.0018542276,0.003931855,0.0017434113
81560000,0.738906,-0.024532754,-9.763621,0.0020056677,0.003766587,0.0012083527
81564000,0.74310297,-0.026707638,-9.764488,0.0024593733,0.004336773,0.0021270376
81568000,0.7425094,-0.029999763,-9.766639,0.0024548331,0.0046596234,0.00255767
81572000,0.7414683,-0.03404931,-9.765894,0.0028125325,0.0046819127,0.0011475547
81576000,0.7518269,-0.031196417,-9.770853,0.0027709918,0.004763985,0.0021359725
81580000,0.75606257,-0.030603515,-9.7778015,0.002426042,0.005111057,0.0025175828
81584000,0.7484689,-0.028038077,-9.781378,0.0024921652,0.00484539,0.0014894747
81588000,0.73862314,-0.028398497,-9.78349,0.0021532616,0.0053861924,0.0018850105
81592000,0.74033594,-0.02940312,-9.77588,0.0028052274,0.0060830098,0.0025987993
81596000,0.747396,-0.027524631,-9.767126,0.0031878364,0.006513643,0.0028740107
81600000,0.7477478,-0.024839628,-9.76979,0.0029053395,0.0064458475,0.0021867186
81604000,0.74694246,-0.023321137,-9.770163,0.002364633,0.0060709217,0.0020996532
81608000,0.74423516,-0.021695655,-9.763428,0.0017582134,0.006290027,0.0023383019
81612000,0.7483281,-0.022306195,-9.76383,0.0022014235,0.0054879156,0.0021784548
81616000,0.7462101,-0.029108984,-9.776186,0.001906444,0.0051207556,0.0022862104
81620000,0.7416897,-0.031627074,-9.776846,0.00083981786,0.0060301684,0.0024863237
81624000,0.7417443,-0.029353611,-9.766211,0.0012675801,0.0063317963,0.0018176726
81628000,0.7439687,-0.033576243,-9.7661915,0.0030715934,0.0060815415,0.0013955282
81632000,0.74943674,-0.040145867,-9.768778,0.0032367154,0.0069495426,0.0016678112
81636000,0.7478168,-0.037534267,-9.769545,0.0019164608,0.0069231936,0.0011654627
81640000,0.7414315,-0.02798147,-9.769786,0.0019932291,0.0062340144,0.001526512
81644000,0.73685074,-0.024102388,-9.763903,0.003004001,0.0072931806,0.0019498703
81648000,0.74213314,-0.02911376,-9.760706,0.0031073948,0.007656282,0.002317232
81652000,0.7419711,-0.032133415,-9.771057,0.001936256,0.0075853798,0.0019548535
81656000,0.7432095,-0.033637173,-9.784338,0.0016092987,0.0074594696,0.002036758
81660000,0.7413563,-0.037338894,-9.783976,0.0026015888,0.008312354,0.0028869787
81664000,0.73636127,-0.034512684,-9.784527,0.002924034,0.00881316,0.0022211494
81668000,0.7420319,-0.036843494,-9.783087,0.002448114,0.009224061,0.0021338786
81672000,0.7415199,-0.039765485,-9.778612,0.0028292662,0.010422321,0.0021224662
81676000,0.7451978,-0.035155304,-9.779552,0.0032125148,0.009120938,0.0016836191
81680000,0.74887466,-0.03725054,-9.773146,0.002912026,0.007887788,0.0022188998
81684000,0.7440324,-0.035944723,-9.768883,0.0026561834,0.008057806,0.0035919712
81688000,0.7408196,-0.03301744,-9.762836,0.003548132,0.008064282,0.0034928871
81692000,0.7443906,-0.023276435,-9.762218,0.0034909297,0.008436871,0.002543796
81696000,0.74810404,-0.019505989,-9.782652,0.002316238,0.00814847,0.0026134837
81700000,0.7437099,-0.032489654,-9.788647,0.0028216813,0.007794526,0.0023870068
81704000,0.7414082,-0.02600859,-9.770214,0.0031403662,0.008993569,0.0019306062
81708000,0.7399688,-0.023915322,-9.769415,0.0037416408,0.009023648,0.0021581796
81712000,0.74003434,-0.027145099,-9.7686,0.004023172,0.009383335,0.0024918832
81716000,0.7403816,-0.022673005,-9.7657175,0.0029892763,0.009884628,0.0021319417
81720000,0.74340916,-0.023388635,-9.767133,0.0022734893,0.008862718,0.0029255876
81724000,0.74706334,-0.017877823,-9.766409,0.003324631,0.009528179,0.0034156207
81728000,0.7465463,-0.020403257,-9.770069,0.0037993,0.010137199,0.0024112419
81732000,0.74952066,-0.027993642,-9.77683,0.0031047135,0.010428529,0.002289802
81736000,0.75054324,-0.025994536,-9.787015,0.0030701333,0.009900081,0.0027854063
81740000,0.7489069,-0.026967479,-9.776073,0.0033462474,0.010077194,0.0034580994
81744000,0.7476984,-0.0360578,-9.767561,0.0029885203,0.0112443045,0.0031006553
81748000,0.74714303,-0.04026722,-9.7706585,0.0033277262,0.010318853,0.0020072623
81752000,0.7464913,-0.0402327,-9.762981,0.0035112177,0.009555359,0.0016568515
81756000,0.745749,-0.035060793,-9.763814,0.0030196111,0.009207787,0.0016827818
81760000,0.7509328,-0.03059168,-9.76399,0.0027741753,0.008523396,0.0018859003
81764000,0.75222766,-0.033754945,-9.761157,0.0029169284,0.008936788,0.0027050094
81768000,0.75115544,-0.032033883,-9.765377,0.003189763,0.009799255,0.0031281805
81772000,0.74829304,-0.026857445,-9.764111,0.0026064948,0.009891563,0.0030264014
81776000,0.7502863,-0.021630833,-9.771104,0.0023539958,0.010177877,0.0028935298
81780000,0.75957876,-0.026442926,-9.775752,0.0028498026,0.010246232,0.001522875
81784000,0.7548851,-0.031141434,-9.770729,0.0027174167,0.010002597,0.0012092137
81788000,0.7499652,-0.026834186,-9.770384,0.0029330112,0.010561357,0.0027596182
81792000,0.7538735,-0.030813623,-9.765753,0.0033946275,0.011553113,0.0031695827
81796000,0.75875413,-0.033953004,-9.762295,0.0029519624,0.011323505,0.0022879413
81800000,0.75363576,-0.030966323,-9.757858,0.0035263486,0.011044611,0.0014220809
81804000,0.7415237,-0.036669996,-9.752469,0.0036527484,0.011866226,0.0019691545
81808000,0.7423487,-0.032805447,-9.756596,0.0026350077,0.0115510905,0.0022826097
81812000,0.74944305,-0.027956918,-9.774513,0.0018964002,0.011036505,0.0018833661
81816000,0.7524234,-0.032938465,-9.783217,0.0021827149,0.010654517,0.001451183
81820000,0.7500704,-0.02775942,-9.776976,0.0029947774,0.010307613,0.0012802656
81824000,0.75045276,-0.024412537,-9.773689,0.0034443256,0.010313401,0.0017008916
81828000,0.7490369,-0.022567434,-9.7732315,0.0036273333,0.009442083,0.0023803157
81832000,0.74465936,-0.026961394,-9.769724,0.0035161197,0.00993014,0.0028978116
81836000,0.74672854,-0.028533746,-9.7641735,0.0030383714,0.011849386,0.0020509188
81840000,0.7511945,-0.025704702,-9.756887,0.0026157645,0.011601377,0.0014548893
81844000,0.7534744,-0.02707441,-9.760709,0.0027617859,0.010379344,0.0010416935
81848000,0.7542373,-0.030626092,-9.768076,0.0024930176,0.009990116,0.0014963518
81852000,0.75848013,-0.037617058,-9.764477,0.0027193732,0.010193162,0.0018203696
81856000,0.75803435,-0.039656885,-9.772274,0.003638215,0.010826629,0.0023308182
81860000,0.75743294,-0.03232117,-9.783764,0.003987785,0.010544493,0.0030905083
81864000,0.7547518,-0.02878282,-9.778763,0.0038267404,0.010193712,0.0020929233
81868000,0.7477236,-0.02725091,-9.768751,0.0036540981,0.010231446,0.0014709072
81872000,0.747686,-0.02998815,-9.771946,0.0040283487,0.010358461,0.0018022349
81876000,0.74883926,-0.033387206,-9.767593,0.004132665,0.011098928,0.0022997493
81880000,0.7550882,-0.030526513,-9.761402,0.003955309,0.010697488,0.0025999926
81884000,0.75752115,-0.03521816,-9.758596,0.0023371053,0.009839359,0.0017764372
81888000,0.752713,-0.0420814,-9.754229,0.0021229864,0.009753601,0.00081945007
81892000,0.7506762,-0.035522528,-9.7637,0.0032644533,0.00969114,0.0011000921
81896000,0.7466264,-0.03227988,-9.7740555,0.0034234184,0.009788608,0.001538518
81900000,0.7475904,-0.036058888,-9.774305,0.0032960456,0.009595627,0.0017887725
81904000,0.7486883,-0.032879442,-9.767679,0.003453871,0.010247941,0.0018997386
81908000,0.74859834,-0.03159217,-9.766047,0.0042194156,0.010585123,0.0015560035
81912000,0.7523137,-0.028655253,-9.767155,0.0039247153,0.010117713,0.0018808169
81916000,0.7490769,-0.034188498,-9.762972,0.0043905145,0.01109718,0.0019311301
81920000,0.74467695,-0.032982435,-9.764013,0.00409362,0.011570898,0.0022577308
81924000,0.7512833,-0.025233636,-9.760767,0.0035629824,0.011665542,0.0025607497
81928000,0.75479186,-0.019861314,-9.763487,0.004052737,0.011865661,0.0015024748
81932000,0.7495202,-0.017385965,-9.775103,0.0036966915,0.010913057,0.0013118088
81936000,0.7514698,-0.026957503,-9.776879,0.0036731786,0.010102658,0.0020750586
81940000,0.75840795,-0.031309813,-9.774635,0.0037168032,0.010079627,0.002862188
81944000,0.7596499,-0.03165771,-9.767286,0.003917508,0.009436716,0.00214966
81948000,0.7528431,-0.032665305,-9.756483,0.004030717,0.009466408,0.0008890294
81952000,0.75330627,-0.030342285,-9.757015,0.0033570777,0.010020365,0.0013982707
81956000,0.75876427,-0.02967525,-9.755399,0.002522421,0.009655653,0.0021763972
81960000,0.7567247,-0.031750333,-9.750592,0.0035480207,0.009341479,0.0014703209
81964000,0.7572726,-0.03330666,-9.755551,0.0043971217,0.009487813,0.0019632797
81968000,0.757113,-0.03452226,-9.753185,0.0050107194,0.01056721,0.002670194
81972000,0.75353956,-0.03954167,-9.758671,0.0051835184,0.011053576,0.0021911864
81976000,0.7533422,-0.04153817,-9.773315,0.0046270876,0.010513318,0.0027237365
81980000,0.75001407,-0.03769619,-9.776361,0.0045154486,0.010450964,0.0022360669
81984000,0.74931747,-0.032209545,-9.769409,0.004638283,0.010634272,0.0015358488
81988000,0.7567365,-0.029167283,-9.765758,0.0049895844,0.011221956,0.0018871647
81992000,0.7578198,-0.030042442,-9.763022,0.004166752,0.011188882,0.0012078548
81996000,0.7524454,-0.028745089,-9.758245,0.004442259,0.011185537,0.0009053441
82000000,0.7548362,-0.03061137,-9.75769,0.004564536,0.0112297265,0.0014408465
82004000,0.7587271,-0.031050684,-9.756451,0.0036419407,0.010649588,0.0020757455
82008000,0.7596638,-0.030066336,-9.755664,0.0041799303,0.010693425,0.0020523341
82012000,0.75925946,-0.034344465,-9.760649,0.0043125604,0.011161929,0.0019880012
82016000,0.7517274,-0.030988324,-9.77216,0.0035950548,0.011700191,0.0021041885
82020000,0.74817646,-0.02779924,-9.772718,0.0041778726,0.010674463,0.0022822083
82024000,0.75134474,-0.03225723,-9.766644,0.0053718695,0.010171793,0.0019524007
82028000,0.75036126,-0.024300473,-9.766961,0.0053242934,0.010626125,0.0014004512
82032000,0.75329065,-0.024649335,-9.765207,0.005003103,0.010042031,0.002075654
82036000,0.75684166,-0.032008246,-9.762846,0.004717252,0.009492268,0.0021679485
82040000,0.759984,-0.031972375,-9.760502,0.004055798,0.009498924,0.0017560049
82044000,0.76008797,-0.028778635,-9.756886,0.004446063,0.009003338,0.0016708123
82048000,0.75739384,-0.02279928,-9.758574,0.005123864,0.008934633,0.0020400367
82052000,0.75535405,-0.027914459,-9.763693,0.005217292,0.010071638,0.0025906267
82056000,0.7567346,-0.02847682,-9.77899,0.0049064844,0.010405703,0.0020355273
82060000,0.76064396,-0.028785111,-9.785069,0.004816921,0.010795099,0.0010987244
82064000,0.75501335,-0.027447665,-9.770272,0.004279165,0.0108481,0.0013462008
82068000,0.7573058,-0.027234126,-9.765707,0.0050263493,0.011393036,0.0016544842
82072000,0.75260043,-0.030194478,-9.759344,0.0057445117,0.011317257,0.0012607765
82076000,0.74939513,-0.023187216,-9.753258,0.006027278,0.009568466,0.0021776923
82080000,0.75480026,-0.03277574,-9.754944,0.0066951755,0.009158795,0.0028125104
82084000,0.75333405,-0.036679614,-9.754467,0.0060399664,0.009771516,0.0017121146
82088000,0.7581644,-0.032987773,-9.755718,0.005477819,0.010228402,0.0017580985
82092000,0.7579594,-0.03754717,-9.762625,0.005572986,0.010438538,0.0017281298
82096000,0.7559768,-0.035257075,-9.775209,0.0059723626,0.009742042,0.001018313
82100000,0.7574793,-0.028165163,-9.774015,0.005592763,0.009172676,0.0013619295
82104000,0.75853664,-0.022237191,-9.759541,0.0057237623,0.009114773,0.0017025414
82108000,0.7597215,-0.030495698,-9.75831,0.0060394774,0.010355705,0.0027334497
82112000,0.7566848,-0.037017487,-9.756337,0.005408433,0.010687062,0.002848334
82116000,0.754303,-0.029150726,-9.757247,0.0049549807,0.010736073,0.0014869726
82120000,0.7557802,-0.025122745,-9.759451,0.00435493,0.010686287,0.0015827824
82124000,0.75982976,-0.034359284,-9.750366,0.0054136496,0.010600387,0.0019744858
82128000,0.75159407,-0.037016056,-9.753223,0.0064212647,0.011017173,0.0016766284
82132000,0.7522557,-0.033040352,-9.759821,0.0059566917,0.009737779,0.0019627688
82136000,0.7597891,-0.032128826,-9.770771,0.006210529,0.009251814,0.001971343
82140000,0.7552388,-0.036810093,-9.7828865,0.006024717,0.009381923,0.0017901406
82144000,0.7661667,-0.03951034,-9.768717,0.005755125,0.009443527,0.0019205832
82148000,0.7696706,-0.032541096,-9.7618885,0.006200012,0.009501689,0.0015373646
82152000,0.7644004,-0.029580407,-9.762986,0.006952855,0.009655131,0.0017816651
82156000,0.75900644,-0.030047195,-9.757656,0.0064790854,0.009662049,0.0023981933
82160000,0.7578161,-0.027123822,-9.756795,0.00556636,0.008555933,0.0021839854
82164000,0.76369226,-0.029783024,-9.752813,0.006456884,0.007592809,0.0019104198
82168000,0.7562902,-0.035009086,-9.760584,0.0071758693,0.008507891,0.002094088
82172000,0.74904,-0.034108695,-9.766539,0.006602468,0.008393676,0.00230467
82176000,0.7520169,-0.026271876,-9.768923,0.005867717,0.007751413,0.0028581854
82180000,0.7593696,-0.026293252,-9.767008,0.005626699,0.007879309,0.0016687174
82184000,0.7588519,-0.027084867,-9.756243,0.0062775253,0.00818146,0.0009766886
82188000,0.7579887,-0.033057798,-9.753698,0.0070208176,0.0098959105,0.0014593927
82192000,0.7556349,-0.042986553,-9.7574215,0.0066340826,0.009849974,0.000647293
82196000,0.7566971,-0.034996558,-9.757011,0.0059332903,0.008469459,0.0013191628
82200000,0.7639664,-0.033751644,-9.752674,0.005859614,0.008387797,0.0029600516
82204000,0.7665841,-0.03162212,-9.749048,0.005055084,0.00869388,0.003081372
82208000,0.76409495,-0.027259097,-9.747282,0.00597374,0.008629089,0.0014731209
82212000,0.7558999,-0.027670871,-9.7532425,0.0067244903,0.008512087,0.0018700439
82216000,0.75659424,-0.02765283,-9.766611,0.005337579,0.009171439,0.001768468
82220000,0.7570882,-0.033728693,-9.762603,0.006088609,0.00916987,0.0014317832
82224000,0.7566499,-0.027251195,-9.753129,0.00739996,0.0088987835,0.0026974166
82228000,0.7602855,-0.024453819,-9.756069,0.006670902,0.008845648,0.0024721036
82232000,0.7641995,-0.034032874,-9.760296,0.006503114,0.009054004,0.0020462691
82236000,0.7619126,-0.027285766,-9.755916,0.0061763246,0.0088278195,0.001882899
82240000,0.75782603,-0.02353347,-9.747782,0.0064750775,0.009320901,0.0022178527
82244000,0.7554053,-0.026467992,-9.742506,0.007503461,0.010459392,0.002147921
82248000,0.7568146,-0.025470244,-9.740531,0.007216517,0.008616414,0.0022801224
82252000,0.76493216,-0.025133519,-9.748356,0.007560937,0.0075443434,0.0022384282
82256000,0.7656008,-0.029690264,-9.767338,0.0074242083,0.008232138,0.0013972272
82260000,0.76071256,-0.029475607,-9.771196,0.0067087505,0.0076243454,0.0016001262
82264000,0.7550705,-0.028468408,-9.759724,0.0060188067,0.00701975,0.0017732041
82268000,0.75663745,-0.03147576,-9.7595215,0.0057948553,0.008359115,0.0019506919
82272000,0.75930285,-0.031277858,-9.764854,0.006220272,0.008428838,0.0016631363
82276000,0.76308584,-0.037014186,-9.758783,0.006083831,0.007937153,0.0016724584
82280000,0.7627163,-0.03497854,-9.749997,0.006143551,0.00816525,0.0017754167
82284000,0.76084185,-0.030380523,-9.747161,0.0060785906,0.007775446,0.00151394
82288000,0.76514566,-0.030581618,-9.749325,0.006470936,0.008171529,0.0032252346
82292000,0.7606759,-0.026889963,-9.759558,0.006971825,0.008284696,0.0039104093
82296000,0.76022404,-0.034458082,-9.763857,0.00614145,0.008020274,0.0019152549
82300000,0.760386,-0.040816955,-9.761457,0.0059672208,0.0074375127,0.0010900939
82304000,0.75853074,-0.034281295,-9.757402,0.0062893457,0.0077589713,0.0016520314
82308000,0.7644384,-0.030575931,-9.754929,0.0054226886,0.007960111,0.0019464663
82312000,0.7624962,-0.030496309,-9.752607,0.0052156695,0.007688506,0.001991248
82316000,0.76496154,-0.033732455,-9.75514,0.0051231636,0.0077379635,0.0019051943
82320000,0.7735201,-0.039577745,-9.75222,0.004968029,0.007447263,0.0023060122
82324000,0.76373076,-0.037937563,-9.747073,0.005664954,0.0073721274,0.001898038
82328000,0.7569561,-0.036801457,-9.756952,0.0053564245,0.00799086,0.0013654121
82332000,0.7589811,-0.035329334,-9.767729,0.005571963,0.0078814095,0.0014574748
82336000,0.7600595,-0.0324751,-9.76976,0.006225939,0.0069946526,0.0017354934
82340000,0.7660738,-0.02910081,-9.766562,0.0055747796,0.0073351646,0.0010994228
82344000,0.7627357,-0.024227232,-9.764944,0.005883065,0.007040626,0.001030577
82348000,0.7637012,-0.027460385,-9.765816,0.0072432742,0.0073350677,0.002124136
82352000,0.7648442,-0.029793553,-9.76955,0.0066283224,0.008168914,0.002560433
82356000,0.7581408,-0.020838598,-9.764962,0.005449132,0.0077874684,0.0020729932
82360000,0.76374304,-0.016592678,-9.749889,0.0051005157,0.00709972,0.0012664855
82364000,0.7680247,-0.02945664,-9.74614,0.005384495,0.006414645,0.00163319
82368000,0.7693205,-0.034302745,-9.759098,0.0059193037,0.0065758647,0.0016912735
82372000,0.7698376,-0.026388504,-9.767372,0.006396606,0.0071898294,0.0021316262
82376000,0.7670121,-0.031026138,-9.77153,0.0050908285,0.0070163794,0.0022161568
82380000,0.7647153,-0.034703087,-9.767869,0.0035958039,0.0070811873,0.0024327324
82384000,0.7647579,-0.02569812,-9.757022,0.0036840683,0.006560038,0.0035492838
82388000,0.7668936,-0.03075589,-9.758987,0.0037850891,0.0060565094,0.0026839531
82392000,0.76662326,-0.033373643,-9.765717,0.004162272,0.0067926873,0.0017904365
82396000,0.7603435,-0.025292836,-9.758171,0.0038134856,0.006382179,0.0024440705
82400000,0.7628066,-0.025083415,-9.749273,0.0036706363,0.006057734,0.0018057129
82404000,0.7703932,-0.02839539,-9.753185,0.005002444,0.005855575,0.0015608767
82408000,0.77407587,-0.029538149,-9.751102,0.005354965,0.006280916,0.0016343906
82412000,0.77591383,-0.03169282,-9.749946,0.0037379905,0.0068552736,0.0016195524
82416000,0.7708771,-0.032768264,-9.763298,0.004194665,0.0069852364,0.0017039484
82420000,0.76780987,-0.031179657,-9.769887,0.0048416113,0.0070310473,0.0025590854
82424000,0.7696934,-0.036771867,-9.762678,0.0041601956,0.0065494566,0.0031337077
82428000,0.7763943,-0.040184498,-9.760233,0.0040199286,0.006896898,0.0014255664
82432000,0.77461636,-0.039382562,-9.761571,0.0028969613,0.006890273,0.00085357303
82436000,0.77064264,-0.033104856,-9.758181,0.0026523934,0.0063750492,0.0019157621
82440000,0.7774931,-0.033474002,-9.753801,0.0035674898,0.0066643073,0.0018370138
82444000,0.77649814,-0.039927214,-9.751124,0.0038806128,0.0073427767,0.0017047143
82448000,0.77126914,-0.037016876,-9.759372,0.0032297375,0.0072339,0.0021346128
82452000,0.7664412,-0.035204872,-9.767425,0.0026951807,0.0070749596,0.001597428
82456000,0.7624552,-0.029085563,-9.774664,0.003524688,0.0066230376,0.0017159696
82460000,0.76577914,-0.030676547,-9.7744465,0.0029571855,0.006435583,0.002213301
82464000,0.766015,-0.028131464,-9.764706,0.001794723,0.0066967085,0.0014413239
82468000,0.7665094,-0.022429379,-9.759188,0.0022524192,0.00620972,0.0010423857
82472000,0.7681285,-0.028562186,-9.759224,0.0018595385,0.00582623,0.0018029219
82476000,0.76982975,-0.038833193,-9.753278,0.0012208192,0.0057719382,0.0012262571
82480000,0.7641864,-0.04161188,-9.743875,0.00025000997,0.0059563024,0.0014210108
82484000,0.7639077,-0.035721306,-9.743339,-0.00017746775,0.0063283546,0.0006049973
82488000,0.7684419,-0.033663627,-9.738115,0.0007493388,0.005396746,-5.10696e-05
82492000,0.76769006,-0.031788483,-9.751419,0.0016268531,0.0045553553,0.0011704612
82496000,0.7672943,-0.025975587,-9.769863,0.0023999042,0.004934437,0.0013346073
82500000,0.771618,-0.021274686,-9.766643,0.002414136,0.0051532686,0.0017932887
82504000,0.77321255,-0.02628586,-9.759419,0.0017285796,0.0052226046,0.0024113853
82508000,0.7718471,-0.035185345,-9.758455,0.002280952,0.0046269223,0.002671145
82512000,0.777241,-0.035748933,-9.762167,0.0023782607,0.004643021,0.0027002285
82516000,0.77827656,-0.031951666,-9.759872,0.0019265913,0.00505811,0.0028302015
82520000,0.77995694,-0.037103035,-9.754335,0.0023934073,0.0052417256,0.002298424
82524000,0.7744075,-0.039320804,-9.749338,0.0020204948,0.0047630575,0.0019785762
82528000,0.77155435,-0.040920176,-9.745352,0.0015063628,0.0053687748,0.0017696096
82532000,0.7715231,-0.04010032,-9.759344,-1.1930007e-05,0.005200554,0.0019767561
82536000,0.7698346,-0.030728519,-9.774111,-0.0003601645,0.0039277025,0.0020777714
82540000,0.77048874,-0.029488944,-9.766256,0.00069904124,0.0051918468,0.0020653498
82544000,0.7681987,-0.032209218,-9.753601,0.00050313433,0.0059637474,0.0021672673
82548000,0.77534485,-0.03503161,-9.75322,0.00018382612,0.0049921838,0.0020258864
82552000,0.78214324,-0.036526434,-9.760628,-0.0003191458,0.0040261107,0.002014041
82556000,0.78437465,-0.037337914,-9.760368,-0.0009595899,0.0044048293,0.0023024902
82560000,0.78271174,-0.038527284,-9.756269,7.587326e-05,0.004787956,0.0027642373
82564000,0.7796303,-0.03210315,-9.756698,0.0002675301,0.004190202,0.0012661875
82568000,0.78008854,-0.027609188,-9.755447,-0.00094076135,0.0034376686,0.0015015801
82572000,0.77432853,-0.029494459,-9.760767,-0.0017085425,0.0035751008,0.0020486377
82576000,0.7701405,-0.027518429,-9.772909,-0.0017905962,0.00326762,0.0016725508
82580000,0.77109325,-0.026457204,-9.769375,-0.0014121119,0.0026744246,0.0022016056
82584000,0.76263076,-0.031098178,-9.762764,-0.00214782,0.0035555826,0.0020485595
82588000,0.7638931,-0.032926127,-9.763684,-0.0025826169,0.0042279153,0.0019788719
82592000,0.7754464,-0.04002838,-9.767319,-0.0025155055,0.0044339006,0.002101063
82596000,0.7800176,-0.040426422,-9.76594,-0.002334041,0.004231643,0.0017764925
82600000,0.7780116,-0.034496836,-9.759861,-0.0016963409,0.0034867516,0.0013027904
82604000,0.77732146,-0.034306753,-9.768427,-0.0013988497,0.003825393,0.002457918
82608000,0.77485937,-0.034024745,-9.775745,-0.0013322914,0.0042287344,0.0028794382
82612000,0.7702087,-0.041440688,-9.775316,-0.0014895496,0.0031362977,0.001359259
82616000,0.7773781,-0.04207865,-9.776531,-0.0021879857,0.002363908,0.0008928594
82620000,0.7785616,-0.03459841,-9.77791,-0.0026565236,0.0018483867,0.0011010877
82624000,0.77708906,-0.027253706,-9.775536,-0.0029689982,0.0020321948,0.0011591413
82628000,0.77553284,-0.029983545,-9.766241,-0.0020163949,0.0019433689,0.00072547834
82632000,0.7743592,-0.03415416,-9.758965,-0.0017609622,0.0020090898,0.0009706563
82636000,0.77728105,-0.03261851,-9.758303,-0.0028091744,0.0025855755,0.0011192533
82640000,0.77414334,-0.03546215,-9.760616,-0.0020818396,0.0039152973,0.0016092014
82644000,0.76725984,-0.034975618,-9.767155,-0.0014370265,0.0035932565,0.002676466
82648000,0.7672862,-0.034687806,-9.768021,-0.00179841,0.0026998303,0.0025259242
82652000,0.7742175,-0.035776827,-9.770351,-0.0027809583,0.0035327636,0.0024282325
82656000,0.7768935,-0.031252906,-9.783688,-0.003130471,0.0023280554,0.0010059964
82660000,0.77614176,-0.030387383,-9.782656,-0.0027416393,0.0016518836,0.0010497083
82664000,0.7757058,-0.026211929,-9.774578,-0.0025970873,0.0023009854,0.0026813417
82668000,0.7812495,-0.031060277,-9.770439,-0.0036055504,0.0018495254,0.0024045734
82672000,0.7825868,-0.036970466,-9.772749,-0.004067884,0.001626631,0.00203165
82676000,0.7814815,-0.03126934,-9.774267,-0.0034242182,0.0020027347,0.0020176978
82680000,0.7872964,-0.037030052,-9.770981,-0.0032260693,0.0014439019,0.0019948499
82684000,0.7849299,-0.033472776,-9.773695,-0.0033601092,0.0008666358,0.0017841691
82688000,0.77730703,-0.030660257,-9.773336,-0.0034747357,0.0012485618,0.0017290078
82692000,0.7814313,-0.036660008,-9.776735,-0.003865799,0.0012785288,0.0020010574
82696000,0.7808536,-0.031528465,-9.782259,-0.0028252143,0.0018010648,0.001574975
82700000,0.7747377,-0.02998118,-9.782378,-0.0019106951,0.0014792087,0.0018955951
82704000,0.7762083,-0.037974477,-9.77795,-0.0022298659,0.00076189,0.0022596838
82708000,0.7841955,-0.039947763,-9.775156,-0.0024799616,0.00093122746,0.0018350856
82712000,0.7796871,-0.035939965,-9.778687,-0.0036537107,0.0007032039,0.0013169098
82716000,0.7803129,-0.029626152,-9.775215,-0.004395972,0.0012771691,0.0016317613
82720000,0.7831036,-0.032560755,-9.767536,-0.004585741,0.0014311443,0.0023060676
82724000,0.7777943,-0.038598567,-9.770454,-0.0045961575,0.0006977626,0.0022482814
82728000,0.7821561,-0.03655257,-9.769332,-0.004877471,0.0012366001,0.00206007
82732000,0.78295535,-0.034525037,-9.776264,-0.0051850397,0.0023556305,0.0015374178
82736000,0.77813953,-0.041535407,-9.791095,-0.0058829277,0.0015286609,0.0025895073
82740000,0.77469283,-0.03365739,-9.78942,-0.005799919,0.00096233224,0.002670642
82744000,0.7791628,-0.027477857,-9.783997,-0.004346429,0.0008847425,0.0010795874
82748000,0.77840626,-0.03569497,-9.769071,-0.004068422,0.0009325868,0.0013634878
82752000,0.7784889,-0.032349117,-9.765701,-0.0047831675,0.0011400213,0.001933764
82756000,0.7728958,-0.03250706,-9.769779,-0.0040947543,0.00071302324,0.0013698146
82760000,0.76900756,-0.04092651,-9.768339,-0.0035318313,0.0012945683,0.0014766678
82764000,0.77580774,-0.043075446,-9.769468,-0.004648586,0.0013369309,0.0017783721
82768000,0.78041255,-0.0358981,-9.771345,-0.0049713287,0.00027937672,0.0015612516
82772000,0.7813792,-0.035230167,-9.779232,-0.004970543,0.0007818265,0.00204663
82776000,0.77801204,-0.0352007,-9.792987,-0.0052413843,0.00049355085,0.0027794414
82780000,0.7773092,-0.03923561,-9.800919,-0.0055656238,-0.00087065133,0.001692536
82784000,0.781592,-0.04265956,-9.788187,-0.0058691036,-0.00059368135,0.0011638512
82788000,0.78630984,-0.039856512,-9.777053,-0.005777499,-0.00020209314,0.0021230534
82792000,0.79066074,-0.03770769,-9.778196,-0.005645465,-0.00031278908,0.002862076
82796000,0.791393,-0.03144439,-9.784341,-0.0058949506,-0.0006739377,0.0022402965
82800000,0.7874597,-0.0278788,-9.781218,-0.0070215827,-0.00042706204,0.0012689328
82804000,0.7862677,-0.029273562,-9.773937,-0.0070963968,0.0003458081,0.001847764
82808000,0.7826464,-0.03169136,-9.78134,-0.0063400855,0.00072718516,0.0017316047
82812000,0.7798383,-0.033240307,-9.788499,-0.00704567,0.0010643419,0.001486538
82816000,0.7799481,-0.038521238,-9.795239,-0.007236412,0.00015824349,0.0024932355
82820000,0.78148556,-0.03766168,-9.798558,-0.007103668,0.0003274953,0.0026293295
82824000,0.7930932,-0.033802263,-9.796988,-0.00661637,0.0006797117,0.0018499964
82828000,0.7877692,-0.038575277,-9.792788,-0.004749302,-0.00065181893,0.0017056521
82832000,0.7740084,-0.037356563,-9.781327,-0.0046378975,-0.0013231649,0.0017221365
82836000,0.7820431,-0.037139006,-9.775664,-0.00570201,-0.0010184086,0.00232679
82840000,0.7915798,-0.035015486,-9.773813,-0.0062947413,3.7093196e-05,0.0029371344
82844000,0.78952,-0.032802172,-9.777573,-0.006917357,-0.00029553266,0.0025666282
82848000,0.78502893,-0.032945674,-9.782145,-0.0065760203,-0.00041364183,0.0019477259
82852000,0.788621,-0.025681568,-9.784151,-0.006329424,0.0006176804,0.0014666297
82856000,0.7860698,-0.019818585,-9.787498,-0.0065433895,-7.904138e-05,0.0006776144
82860000,0.778106,-0.027201299,-9.79879,-0.0058036176,-0.0010767034,0.0011332491
82864000,0.77986205,-0.041908927,-9.7972975,-0.005500538,-6.792759e-05,0.0019956392
82868000,0.77916217,-0.03526219,-9.787142,-0.0062522786,-0.00024316862,0.0015182868
82872000,0.77869594,-0.024454577,-9.788489,-0.0072153755,-0.00081124733,0.0012565069
82876000,0.7801691,-0.029075012,-9.78567,-0.0073442347,-0.0008721166,0.0016614421
82880000,0.78866506,-0.037130237,-9.780117,-0.0066270824,-0.00039545397,0.002509144
82884000,0.7880841,-0.036670238,-9.7760315,-0.006121567,8.0133424e-05,0.0024608653
82888000,0.78311765,-0.027245957,-9.777222,-0.006239997,-0.0009829097,0.0015703383
82892000,0.7930148,-0.026149245,-9.784552,-0.006724992,-0.0014012142,0.001602455
82896000,0.79017293,-0.027608229,-9.790718,-0.0066859256,-0.001315772,0.0018704805
82900000,0.77991056,-0.03253054,-9.797315,-0.0064072795,-0.0015724412,0.0019024037
82904000,0.7862563,-0.034215793,-9.794011,-0.00745226,-0.0015750047,0.0016097907
82908000,0.79308224,-0.027659886,-9.789032,-0.007964117,-0.0011599755,0.0015539775
82912000,0.78594816,-0.026712291,-9.787762,-0.0078527145,-0.0013777749,0.0016450706
82916000,0.7850361,-0.033728357,-9.778788,-0.008412417,-0.0015505638,0.0019036807
82920000,0.78328544,-0.03475127,-9.780762,-0.00837827,-0.0013416467,0.0027758006
82924000,0.78167224,-0.036949843,-9.783844,-0.007912698,-0.0005561497,0.0021348165
82928000,0.7853012,-0.041363455,-9.777346,-0.00772379,-0.0003616337,0.0018104936
82932000,0.78431225,-0.039733507,-9.792244,-0.006542677,-0.00031659304,0.0023069452
82936000,0.78484905,-0.037750565,-9.804569,-0.007037948,0.00060424174,0.0018595717
82940000,0.7795248,-0.033760536,-9.795505,-0.007530304,0.00023478249,0.0021831433
82944000,0.7779159,-0.03875859,-9.786731,-0.0065472075,-0.00067927304,0.0016351922
82948000,0.78240234,-0.039132126,-9.7847185,-0.007016493,-0.00065069203,0.0006845407
82952000,0.7846736,-0.038780376,-9.790254,-0.007348194,-0.00039983247,0.0018081992
82956000,0.7841018,-0.039650213,-9.792089,-0.00651481,-0.00092150987,0.0031006534
82960000,0.7819176,-0.038086414,-9.788403,-0.0069678645,-0.0006705805,0.0018584722
82964000,0.7781757,-0.035594612,-9.785697,-0.0073275515,-0.000110106834,0.001373949
82968000,0.77978575,-0.03618268,-9.78336,-0.0069354796,-0.0013502195,0.0020052623
82972000,0.78855646,-0.040458944,-9.789912,-0.007194267,-0.0014767201,0.0023715303
82976000,0.7889513,-0.027151847,-9.80409,-0.0069192634,-0.00081350666,0.003181199
82980000,0.78831685,-0.019816421,-9.805239,-0.0067120586,-0.0008308087,0.002568028
82984000,0.787043,-0.028645117,-9.794758,-0.0070041562,-0.00017891188,0.0019896657
82988000,0.7811067,-0.038189694,-9.7926445,-0.006884281,-0.0007300868,0.0019464473
82992000,0.7868614,-0.038529605,-9.794189,-0.006734222,-0.0012283793,0.0024768864
82996000,0.788389,-0.032085225,-9.787699,-0.007319336,-0.0010264444,0.0018456002
83000000,0.7860043,-0.03079465,-9.778304,-0.007609469,-0.0013042617,0.0014939659
83004000,0.7946639,-0.034048975,-9.773385,-0.007509102,-0.0015559705,0.0014493418
83008000,0.7899214,-0.033117507,-9.778452,-0.007089082,-0.0014994526,0.0016755814
83012000,0.7857728,-0.036414906,-9.7880125,-0.0064016166,-0.001780847,0.0027547767
83016000,0.7815299,-0.039536774,-9.79987,-0.0066526914,-0.0017927325,0.0026055153
83020000,0.77975833,-0.034195017,-9.797039,-0.007135574,-0.00075007445,0.0026934382
83024000,0.7876429,-0.032643087,-9.790298,-0.0070301513,-0.000971595,0.003179513
83028000,0.7884308,-0.034422092,-9.78105,-0.0069026477,-0.0012386467,0.0032240201
83032000,0.7855744,-0.03464838,-9.774767,-0.006805471,-0.0019545301,0.0024884702
83036000,0.78663397,-0.029607523,-9.779951,-0.0064411205,-0.0021774466,0.0026059411
83040000,0.7866156,-0.032638863,-9.777764,-0.0056297337,-0.0011331678,0.0027866608
83044000,0.7879424,-0.034613907,-9.777554,-0.006807684,-0.0011177787,0.002496097
83048000,0.7892169,-0.031091414,-9.782915,-0.007504242,-0.001937921,0.002859479
83052000,0.7851281,-0.0356842,-9.788944,-0.0073153097,-0.0024277116,0.0033716257
83056000,0.7834585,-0.04364814,-9.79545,-0.0071181655,-0.0028060423,0.0029413502
83060000,0.7862603,-0.038104434,-9.796068,-0.0066013965,-0.0019630226,0.0012986966
83064000,0.7889486,-0.027456645,-9.786645,-0.006901831,-0.0013825424,0.0017770398
83068000,0.789968,-0.03218945,-9.781298,-0.0073610772,-0.0021008207,0.0031913077
83072000,0.79414827,-0.040056158,-9.78616,-0.007742401,-0.002083819,0.003179686
83076000,0.8031637,-0.040718265,-9.781688,-0.007220951,-0.0016814277,0.0027277418
83080000,0.7980449,-0.034934416,-9.76951,-0.006514312,-0.0019257447,0.002740243
83084000,0.7909855,-0.03476108,-9.767424,-0.0072930213,-0.00245047,0.002910703
83088000,0.7911507,-0.03167963,-9.763813,-0.008019213,-0.0020935112,0.003171465
83092000,0.7918514,-0.025107527,-9.769819,-0.0069301096,-0.0022095852,0.00283752
83096000,0.7882973,-0.02207287,-9.784336,-0.0069073467,-0.0025866658,0.0017990525
83100000,0.78295004,-0.022511072,-9.786859,-0.007562344,-0.0037754232,0.0026704057
83104000,0.78716433,-0.031083932,-9.786311,-0.0067005833,-0.0043222164,0.0036440685
83108000,0.7906568,-0.037219882,-9.790379,-0.006059906,-0.0032631133,0.0029512756
83112000,0.7925942,-0.03819537,-9.785577,-0.0057676677,-0.0032316428,0.0030676636
83116000,0.7892244,-0.03549236,-9.770547,-0.0064354804,-0.0032575226,0.0029530681
83120000,0.7907108,-0.03278476,-9.766662,-0.0071514957,-0.003033155,0.0019752616
83124000,0.79079884,-0.036453933,-9.770498,-0.007111996,-0.0028628984,0.002225763
83128000,0.78858674,-0.038485087,-9.770988,-0.006710581,-0.002525313,0.002924508
83132000,0.7886456,-0.0388667,-9.769894,-0.007094709,-0.0027854193,0.0027451606
83136000,0.7930913,-0.040843308,-9.781254,-0.0067392397,-0.0019304354,0.0024489847
83140000,0.79287237,-0.037928768,-9.786825,-0.005878056,-0.0017695405,0.0024390316
83144000,0.78539234,-0.03755948,-9.779257,-0.006669187,-0.002921517,0.0031935803
83148000,0.7869073,-0.037655305,-9.776678,-0.006608551,-0.0025789256,0.0033277639
83152000,0.7872803,-0.035888992,-9.774439,-0.006302073,-0.001107578,0.002957972
83156000,0.7870151,-0.03524971,-9.775222,-0.006086422,-0.0015297435,0.0032059206
83160000,0.79394877,-0.029616011,-9.772925,-0.0061665634,-0.002824079,0.0026327753
83164000,0.79972184,-0.033455383,-9.766056,-0.0058347927,-0.0033744047,0.0019695137
83168000,0.79652166,-0.040804468,-9.768497,-0.005360484,-0.0040368307,0.002377071
83172000,0.79255974,-0.035832886,-9.774561,-0.0051560313,-0.0028884928,0.0034345444
83176000,0.7880403,-0.029786505,-9.781603,-0.004099504,-0.0022656582,0.0037104385
83180000,0.7871455,-0.031429324,-9.777437,-0.004689865,-0.0029208192,0.00314843
83184000,0.7949188,-0.03884241,-9.772871,-0.0055826283,-0.0029038705,0.0030949032
83188000,0.7942686,-0.03878642,-9.778484,-0.00543556,-0.00359894,0.00404902
83192000,0.79389095,-0.036157276,-9.778145,-0.005793662,-0.003701939,0.0032683904
83196000,0.7994498,-0.030945746,-9.774267,-0.006830384,-0.0024076488,0.0020344728
83200000,0.80038273,-0.033006143,-9.765673,-0.007935527,-0.0025323734,0.0024400584
83204000,0.7988429,-0.034763526,-9.758335,-0.0077910107,-0.0031655144,0.0026116525
83208000,0.79128706,-0.028482242,-9.758922,-0.0066761686,-0.0028492194,0.0021980468
83212000,0.7869803,-0.037119012,-9.769148,-0.0054892814,-0.0031195462,0.0021265603
83216000,0.7919048,-0.044284496,-9.784634,-0.005585818,-0.0031089615,0.0023701733
83220000,0.79070073,-0.044659074,-9.783778,-0.006856906,-0.0024431988,0.0024385776
83224000,0.7928253,-0.0417983,-9.773828,-0.0068803616,-0.002226435,0.0033431419
83228000,0.8012502,-0.03729814,-9.769117,-0.005141471,-0.0018333416,0.0032154894
83232000,0.795717,-0.03297146,-9.7690525,-0.004950249,-0.0019528307,0.0029747433
83236000,0.7939253,-0.034994613,-9.755608,-0.00672973,-0.0031965626,0.0029939916
83240000,0.7968251,-0.0354461,-9.752834,-0.005658372,-0.003443777,0.002563867
83244000,0.79642516,-0.034397103,-9.763903,-0.004386711,-0.0029971784,0.002899259
83248000,0.79633915,-0.035496667,-9.763058,-0.0051994463,-0.002313692,0.0029947255
83252000,0.79462457,-0.03441646,-9.76276,-0.0049694497,-0.0014208516,0.0026348718
83256000,0.7955954,-0.040189564,-9.774757,-0.0047765216,-0.0019317424,0.0025956256
83260000,0.79400206,-0.036056407,-9.783129,-0.004937227,-0.0030519704,0.0025217452
83264000,0.7930906,-0.025913624,-9.771362,-0.004954391,-0.0027545788,0.0022438362
83268000,0.7910013,-0.02221184,-9.770403,-0.004712779,-0.0019258789,0.0026742497
83272000,0.7924135,-0.023484202,-9.76791,-0.0045693023,-0.0015949354,0.0032411278
83276000,0.7946707,-0.029134033,-9.763552,-0.005255206,-0.002566732,0.0028351874
83280000,0.79436445,-0.034109265,-9.769064,-0.005192211,-0.002421317,0.0021294823
83284000,0.79460037,-0.036908593,-9.770253,-0.0051459395,-0.0014741854,0.001997622
83288000,0.79679525,-0.034692246,-9.765566,-0.0057794047,-0.0020985678,0.0022994678
83292000,0.7995664,-0.03308555,-9.765526,-0.0053961463,-0.0021457116,0.0030848188
83296000,0.7967357,-0.035756145,-9.77037,-0.0056340923,-0.0020856098,0.0029921809
83300000,0.78893685,-0.03730786,-9.771285,-0.005971987,-0.0019021098,0.0024565198
83304000,0.79585874,-0.038027324,-9.769062,-0.0060052713,-0.0018816298,0.0024601112
83308000,0.801593,-0.027692774,-9.767078,-0.006235431,-0.0023231474,0.003343722
83312000,0.79654217,-0.029263735,-9.761165,-0.0056193066,-0.003093939,0.0030028499
83316000,0.80125916,-0.039604824,-9.758429,-0.0060163117,-0.0032907156,0.0027542412
83320000,0.80050933,-0.039744318,-9.7601,-0.0064920597,-0.0025298016,0.0036192914
83324000,0.8019253,-0.037438914,-9.759489,-0.0062204986,-0.0022605148,0.0028455807
83328000,0.8000761,-0.0341983,-9.759278,-0.007119892,-0.00240409,0.0024519404
83332000,0.7946029,-0.033453558,-9.759472,-0.0067859376,-0.0028866066,0.003181954
83336000,0.79264,-0.030520037,-9.76593,-0.0057779336,-0.0028645138,0.0030723987
83340000,0.79427975,-0.026235972,-9.768799,-0.0058508646,-0.0026103246,0.0027331864
83344000,0.8024981,-0.028562445,-9.766098,-0.0065396093,-0.0033883338,0.002969276
83348000,0.80232906,-0.036579214,-9.7644615,-0.0066990056,-0.0031087617,0.0028198624
83352000,0.80078983,-0.0389244,-9.764404,-0.0057367794,-0.0032255172,0.0023535136
83356000,0.80361414,-0.042895544,-9.762598,-0.0056276815,-0.003324032,0.002863262
83360000,0.80235064,-0.03868617,-9.751541,-0.005517925,-0.0024802042,0.002945535
83364000,0.7951151,-0.03413778,-9.7505865,-0.004820888,-0.0024191828,0.002182131
83368000,0.7953801,-0.03723964,-9.757753,-0.005216781,-0.002465526,0.0022160888
83372000,0.8022454,-0.035916194,-9.764128,-0.0064917877,-0.0020134712,0.0016525957
83376000,0.80261517,-0.031808536,-9.769478,-0.006098082,-0.002412285,0.002370742
83380000,0.79932475,-0.027700307,-9.771938,-0.0058215684,-0.0029020892,0.0034316937
83384000,0.7973139,-0.028520769,-9.76664,-0.0058150133,-0.0013525859,0.0027584387
83388000,0.8078726,-0.026576145,-9.762251,-0.0056978744,-0.0015920148,0.0023821057
83392000,0.80820405,-0.028796392,-9.7695465,-0.0074656424,-0.002555984,0.0027843267
83396000,0.7974916,-0.037006862,-9.764068,-0.0077224676,-0.0018713,0.0034682434
83400000,0.79508567,-0.036068168,-9.753225,-0.0064952457,-0.0012424393,0.003104922
83404000,0.79607356,-0.030874468,-9.749677,-0.0072080716,-0.00074875203,0.0022172898
83408000,0.7987697,-0.032930925,-9.755304,-0.007613854,-0.0004932281,0.0028451735
83412000,0.8004221,-0.036125466,-9.776222,-0.006569899,-0.0019386999,0.0036454152
83416000,0.80169976,-0.040645033,-9.782139,-0.006568698,-0.003093237,0.0030567318
83420000,0.8053267,-0.041304067,-9.777086,-0.0063130977,-0.0033032908,0.0028491106
83424000,0.8093004,-0.041329518,-9.771949,-0.0066026766,-0.0033314426,0.0029257087
83428000,0.8054294,-0.037844315,-9.763224,-0.00741347,-0.0025063977,0.0025324824
83432000,0.8034339,-0.033153903,-9.758983,-0.006847017,-0.0019622017,0.003530135
83436000,0.8051816,-0.035330944,-9.757856,-0.0069470783,-0.0014965247,0.0034957395
83440000,0.799269,-0.03581485,-9.75793,-0.007293271,-0.0017550274,0.0019176339
83444000,0.79321903,-0.041549116,-9.7582,-0.006686503,-0.00164571,0.0027441068
83448000,0.7982329,-0.03967238,-9.760969,-0.006455941,-0.0023191175,0.004064279
83452000,0.8014896,-0.034934897,-9.769791,-0.007817657,-0.002531088,0.0029788364
83456000,0.79892874,-0.02838137,-9.770278,-0.007876805,-0.0011426808,0.002281445
83460000,0.8030421,-0.026708344,-9.75983,-0.00722404,-0.002137587,0.0022177864
83464000,0.809128,-0.04176989,-9.756424,-0.007417992,-0.0025635122,0.0029941737
83468000,0.80118465,-0.044702962,-9.759314,-0.007243551,-0.0018788284,0.0034354418
83472000,0.7941648,-0.03816389,-9.757489,-0.0077741663,-0.0017596238,0.0025585922
83476000,0.7989216,-0.04054503,-9.749319,-0.007596507,-0.0022392345,0.0022367556
83480000,0.79404587,-0.037874285,-9.747419,-0.007907355,-0.0018589013,0.002330083
83484000,0.7972486,-0.037825122,-9.750041,-0.007604785,-0.0017374089,0.002749308
83488000,0.8064725,-0.03930938,-9.751608,-0.0061752107,-0.001648918,0.0026438578
83492000,0.8067825,-0.032330003,-9.764053,-0.0069449395,-0.0016994657,0.0032660773
83496000,0.8070251,-0.031696144,-9.77042,-0.007309885,-0.0011023348,0.0030866843
83500000,0.8017554,-0.033709917,-9.7681465,-0.007126959,-6.0633397e-06,0.0025648987
83504000,58.90649,-5.8431354,-103.83906,-0.010429922,0.47389778,0.064898156
83508000,58.90507,-5.8447633,-103.84036,-0.013724484,0.9497999,0.12676817
83512000,0.7928303,-0.0333464,-9.794357,-0.014768014,0.9461294,0.12661965
83520000,0.7660203,-0.027928328,-10.067476,-0.015876371,0.85112095,0.12633424
83524000,0.72949266,-0.028448526,-9.832188,-0.014989642,0.74736387,0.12547459
83528000,0.69378895,-0.027980043,-9.200926,-0.013589958,0.62686235,0.12509732
83532000,0.6601523,-0.027356071,-8.661175,-0.012573938,0.50124025,0.12550963
83536000,0.63360393,-0.026046338,-8.180833,-0.011674465,0.3837087,0.1259763
83540000,0.6231916,-0.029884737,-7.747094,-0.011032538,0.28113988,0.12593284
83544000,0.6161907,-0.037879772,-7.3718615,-0.009796142,0.19227535,0.12513451
83548000,0.60660076,-0.03755691,-7.065981,-0.00748,0.12179858,0.124022596
83552000,0.60174024,-0.03489214,-6.823382,-0.0045124413,0.070705235,0.12481773
83556000,0.5992788,-0.031457175,-6.6217995,-0.0018403003,0.038251396,0.12427926
83560000,0.5905496,-0.031504832,-6.4462748,0.0015247918,0.021924254,0.121852785
83564000,0.5898423,-0.034394104,-6.314842,0.006244323,0.019087762,0.12191017
83568000,0.5999937,-0.03114761,-6.2050323,0.011608955,0.028988807,0.122493744
83572000,2.7749588,-1.3892608,-9.794245,-0.031092292,0.059222553,0.10307483
83576000,3.7246394,-2.1673956,-11.460318,-0.08812465,0.094858706,0.078994706
83580000,2.5316129,-1.6027225,-9.496925,-0.1108924,0.12280166,0.07037551
83584000,2.5768309,-1.6388385,-9.536251,-0.13182485,0.15170127,0.06237904
83588000,2.622192,-1.6568675,-9.562005,-0.15058947,0.18156265,0.053874735
83592000,2.667779,-1.6403617,-9.562307,-0.16994828,0.21207291,0.043128435
83596000,5.527534,1.8519561,-13.493709,-0.09634734,0.2918091,0.04087677
83600000,6.1415176,3.8095357,-14.04128,-0.005442574,0.39174086,0.020211369
83604000,3.9159055,1.0089551,-10.679842,0.002139243,0.45632383,-0.0077546258
83608000,3.8664837,-0.32342872,-10.624631,0.002795039,0.5137883,-0.013205026
83612000,3.753972,-0.33354837,-10.432508,0.0034027388,0.56366944,-0.016912725
83616000,3.62924,-0.2577929,-10.206473,0.0035659538,0.6051821,-0.018615758
83620000,3.5292196,-0.2059136,-10.002251,0.003643533,0.63714665,-0.018635629
83624000,3.4604015,-0.16913967,-9.833724,0.004142253,0.6611459,-0.01889707
83628000,3.4155905,-0.14158042,-9.698938,0.0034922485,0.67991143,-0.01908227
83632000,3.389851,-0.12720169,-9.595067,0.003211426,0.6944281,-0.02019684
83636000,3.3842154,-0.11877556,-9.511717,0.003389208,0.70654327,-0.020425893
83640000,3.4040499,-0.11660059,-9.462976,0.0034233343,0.7167446,-0.01939122
83644000,3.4294195,-0.1134357,-9.427893,0.004415931,0.7266109,-0.019388257
83648000,3.4652426,-0.114163995,-9.416886,0.005489584,0.73731387,-0.019823473
83652000,3.5141315,-0.12050466,-9.4168,0.0048015947,0.7474012,-0.01953107
83656000,3.5596638,-0.121060945,-9.412281,0.0031843183,0.75761837,-0.019840123
83660000,3.608329,-0.12575483,-9.41534,0.0034829942,0.77067435,-0.020863272
83664000,3.6533144,-0.12881719,-9.422653,0.003782903,0.78425324,-0.021596488
83668000,3.6956313,-0.12604205,-9.426971,0.0034353503,0.79950154,-0.021561734
83672000,3.7417164,-0.13635227,-9.422414,0.003515489,0.81559706,-0.020391809
83676000,3.7860615,-0.14359426,-9.421507,0.003401849,0.8325341,-0.019876814
83680000,3.830601,-0.14276615,-9.4152565,0.0039823875,0.85160077,-0.02090887
83684000,3.1058822,0.47724357,-8.541376,0.02123994,0.84837115,-0.013880841
83688000,3.6351824,-0.013131161,-9.203327,0.020788083,0.85534483,-0.0092045795
83692000,4.412151,-0.64680344,-10.0440445,0.00322118,0.8837313,-0.012771966
83696000,3.9359672,-0.15389112,-9.348696,0.0023974115,0.9025395,-0.011951355
83700000,3.9827037,-0.13942222,-9.337934,0.0023926017,0.9222573,-0.011327218
83704000,4.021988,-0.13943304,-9.326235,0.002569032,0.9419762,-0.01051954
83708000,4.049416,-0.14113788,-9.297852,0.0027975894,0.96332157,-0.0106149
83712000,4.070451,-0.1487831,-9.267338,0.0025754792,0.984648,-0.010963932
83716000,4.089359,-0.15755823,-9.240571,0.0014418857,1.0058773,-0.010578702
83720000,4.108065,-0.15731797,-9.2063265,0.0015036622,1.0270422,-0.010356293
83724000,4.1354837,-0.15785947,-9.173307,0.0030921139,1.0478606,-0.010638119
83728000,4.151329,-0.1636053,-9.144423,0.0028598704,1.0680132,-0.011760281
83732000,3.3690376,-0.74864733,-8.446172,-0.0046697473,1.0551147,-0.021064634
83736000,3.7736483,-0.21249995,-8.828729,-0.001733093,1.0537045,-0.029285125
83740000,4.6062884,0.37719515,-9.4835415,0.0074066324,1.084303,-0.028975947
83744000,4.287544,-0.15336987,-9.052732,0.0080628395,1.1062032,-0.029341405
83748000,4.351264,-0.15262505,-9.037458,0.008252132,1.1305821,-0.02831852
83752000,3.4701915,0.4911441,-8.206712,0.022492586,1.1215194,-0.018722204
83756000,4.100735,0.007768132,-8.845011,0.020995775,1.131989,-0.0150628155
83760000,5.076363,-0.6583563,-9.648575,0.005056816,1.1787909,-0.019994512
83764000,3.6210907,-0.7901368,-8.298157,-0.0025416736,1.1669874,-0.02973251
83768000,4.107235,-0.20594423,-8.7229,0.0006793106,1.1728746,-0.03773464
83772000,5.0712137,0.39868763,-9.379699,0.011189365,1.2216657,-0.035477974
83776000,4.67354,-0.17714694,-8.910797,0.0107754385,1.257175,-0.0359235
83780000,4.714801,-0.19017656,-8.886344,0.010800699,1.2961749,-0.037279014
83784000,4.7528095,-0.20065719,-8.854351,0.010738731,1.3358097,-0.03775373
83788000,3.8003817,-0.7646514,-8.178154,0.00526521,1.3274922,-0.04992893
83792000,3.2215915,0.15224805,-7.893703,0.015026173,1.2838401,-0.045258332
83796000,4.6397347,0.6229153,-8.876411,0.020955598,1.302095,-0.034668736
83800000,5.288535,-0.28112784,-9.085997,0.012873789,1.3554024,-0.040791716
83804000,4.9432793,-0.18386748,-8.666151,0.014654693,1.3989987,-0.04136716
83808000,3.980217,-0.78103185,-8.065619,0.008878787,1.3940176,-0.05607727
83812000,3.4299693,0.1882336,-7.900587,0.016218876,1.3503155,-0.050142024
83816000,4.9146395,0.639631,-8.775557,0.02241457,1.3793828,-0.035095204
83820000,5.592576,-0.3545397,-8.880977,0.015128882,1.453178,-0.03967463
83824000,5.27143,-0.24425925,-8.5137615,0.015013317,1.5149028,-0.039747868
83828000,2.8498561,-0.13920677,-6.5465765,0.01882681,1.4727898,-0.03999172
83832000,5.4796343,-0.28440297,-8.425335,0.019733092,1.5491495,-0.04086275
83836000,7.9043274,-0.3833509,-10.206951,0.016324297,1.729748,-0.041937534
83840000,5.2439585,-0.22897221,-8.112167,0.017041871,1.7899674,-0.04237848
83844000,5.2056274,-0.21446352,-8.005245,0.019170245,1.8469856,-0.0447335
83848000,5.083948,-0.16939819,-7.880305,0.019849407,1.894306,-0.045320056
83852000,4.94557,-0.1247991,-7.7546864,0.020286668,1.9285461,-0.045694035
83856000,4.8649898,-0.09410372,-7.661154,0.021596294,1.9518678,-0.048169084
83860000,2.5993261,-0.049405973,-6.311694,0.025092296,1.8551285,-0.04832011
83864000,5.0906954,-0.11649411,-7.569076,0.025656726,1.8885657,-0.05049783
83868000,7.429945,-0.15226534,-8.768538,0.025010312,2.0442028,-0.053964254
83872000,5.116872,-0.11683297,-7.3669057,0.027523482,2.082097,-0.05642544
83876000,5.2392373,-0.15546753,-7.2668514,0.029055573,2.1323476,-0.059279174
83880000,4.2479115,-0.5843702,-7.1305666,0.03075615,2.1105874,-0.082408935
83884000,3.768419,0.40854388,-7.571123,0.029447692,2.0284238,-0.07904375
83888000,2.3230774,0.8975499,-6.630129,0.031420987,1.8706106,-0.053414673
83892000,5.8488307,-0.34165934,-6.9793167,0.03310778,1.9611435,-0.055335015
83896000,8.515809,-0.4431421,-7.7390356,0.031461112,2.219994,-0.058301922
83900000,5.6799493,-0.24362513,-6.5880337,0.033069137,2.3140113,-0.059133805
83904000,5.6977468,-0.26794076,-6.3639717,0.034261413,2.4182668,-0.059503518
83908000,4.606038,0.50252736,-6.7051034,0.030634062,2.4209635,-0.03812954
83912000,3.9290986,0.04944642,-7.3072815,0.03277018,2.3401737,-0.048791394
83916000,2.3198602,-0.6029224,-6.535933,0.044178747,2.1618407,-0.0808641
83920000,6.053028,-0.025215346,-5.9284506,0.049476437,2.2870085,-0.07994403
83924000,8.628236,-0.059517667,-6.0041275,0.05078965,2.5982928,-0.08130038
83928000,5.4609995,-0.114769146,-5.6215286,0.053683028,2.6829076,-0.08416932
83932000,5.44155,-0.13024224,-5.350676,0.05715153,2.777035,-0.08696927
83936000,2.8594072,-0.07690331,-5.554582,0.061625484,2.664056,-0.08839238
83940000,5.5019674,-0.18434002,-4.8136153,0.06266176,2.7778716,-0.08731386
83944000,7.8874865,-0.2092439,-4.2204404,0.060537163,3.0941353,-0.086271934
83948000,5.035656,-0.07287151,-4.584626,0.060345206,3.1764374,-0.08489193
83952000,2.6456149,-0.042286593,-5.303117,0.06324558,3.044899,-0.08356124
83956000,5.064872,-0.11843531,-3.9306386,0.06530702,3.1536672,-0.082431845
83960000,7.2447968,-0.11700194,-2.8006606,0.06431946,3.4748247,-0.08127548
83964000,4.6165886,-0.018442571,-3.7720153,0.064164355,3.5522587,-0.08077856
83968000,2.43169,-0.014819541,-5.020668,0.06542751,3.408278,-0.08013942
83972000,4.553509,-0.16260478,-2.5911899,0.06473896,3.5387785,-0.07560058
83976000,6.418866,-0.22348294,-0.119464345,0.0627347,3.9305775,-0.06954412
83980000,2.1341481,-0.06747572,-2.6765444,0.06217353,3.902907,-0.06788358
83984000,3.6951466,-0.091197856,-0.48838416,0.06444467,4.0991473,-0.06281572
83988000,4.9559116,-0.08286916,1.1697829,0.06908184,4.4696836,-0.05869426
83992000,1.496604,-0.00039825655,-1.6686594,0.07203041,4.464734,-0.0602271
83996000,2.3600688,0.13936582,-1.5794917,0.103771865,4.5353637,-0.11281855
84000000,2.3500946,0.14209361,-1.3475883,0.13771115,4.6203446,-0.16460551
84004000,2.5373836,-0.044057522,0.41911513,0.12999494,4.798361,-0.15479521
84008000,2.5366373,-0.043310355,0.5694196,0.12128562,4.9853296,-0.14551789
84012000,1.638928,-0.09558405,-0.97516555,0.09673797,5.042358,-0.10992077
84016000,1.6289489,-0.09474658,-0.8710329,0.07128813,5.1049356,-0.07386438
84020000,0.19596314,-0.0025291778,-2.412175,0.07455386,4.980873,-0.07347321
84024000,2.7184749,-0.44502258,-1.5683433,0.024799284,5.0592675,-0.00652999
84028000,3.8448224,-0.7185633,-1.6434196,-0.049132977,5.198,0.0927478
84032000,1.3676385,-0.27787822,-4.6572237,-0.07403184,5.0021415,0.12472058
84036000,3.3051715,0.21414207,-1.8810763,-0.055816434,5.0586634,0.10137902
84040000,4.662365,0.41720182,-0.51682293,-0.021003267,5.2689805,0.058972545
84044000,163.48044,114.08723,12.83522,3.4782047,3.6253064,-12.893803
84048000,227.05159,46.89646,77.56543,8.857585,6.671358,-23.376951
84052000,64.88749,-67.74526,58.861813,11.143254,10.733328,-20.915682
84056000,433.55624,-64.040985,61.234642,5.0196576,6.28947,3.914767
84060000,433.52628,-62.89342,61.315323,-1.6458269,2.1632445,28.722458
84064000,-0.42419165,0.7715688,-8.236667,-1.9052528,1.5796813,28.683796
84068000,-0.45434532,0.71881306,-8.050669,-2.0503306,0.9413474,28.65411
84072000,222.26099,82.81536,23.07628,2.7561996,-0.7497711,13.152565
84076000,222.22946,82.39894,24.062775,7.624464,-2.32833,-2.333346
84080000,-0.50400805,-0.13091318,-5.3417616,7.6264973,-2.6609466,-2.331437
84084000,-0.45471576,-0.0932905,-4.420798,7.629221,-2.8891199,-2.3302238
84088000,-0.40586975,-0.06632889,-3.731787,7.625184,-3.06563,-2.328997
84092000,-0.3669345,-0.044490337,-3.214722,7.614359,-3.2041786,-2.3271189
84096000,-0.33604693,-0.024863036,-2.812591,7.5990458,-3.313389,-2.3261905
84100000,-0.29928285,-0.008510535,-2.5145178,7.5803013,-3.399552,-2.325397
84104000,-0.27413934,0.0017391024,-2.2904844,7.560986,-3.468765,-2.3234594
84108000,-0.2529546,0.011431235,-2.0991724,7.5410914,-3.5250347,-2.3209972
84112000,-0.2310614,0.016206296,-1.9598669,7.5199294,-3.5712526,-2.3201008
84116000,-0.22142053,0.019251296,-1.853856,7.497452,-3.6094313,-2.3196125
84120000,-0.21631674,0.026635954,-1.7594085,7.474665,-3.6393406,-2.318104
84124000,-0.2041497,0.036618467,-1.683949,7.4527545,-3.6649127,-2.3161056
84128000,-0.19846687,0.045535,-1.6193124,7.4290085,-3.6889005,-2.3141983
84132000,-0.19255885,0.045771513,-1.5828419,7.4040327,-3.708303,-2.312725
84136000,-0.18412969,0.04634579,-1.5480964,7.3803287,-3.7233844,-2.310737
84140000,-0.17351544,0.047786135,-1.509559,7.354703,-3.7368987,-2.3090167
84144000,-0.16721497,0.052669704,-1.4818535,7.327146,-3.7492917,-2.3070533
84148000,-0.16600794,0.061178267,-1.4612482,7.3008976,-3.7602408,-2.3059359
84152000,-0.15842511,0.064142905,-1.4472663,7.2732954,-3.7692184,-2.3047438
84156000,-0.15288177,0.061814558,-1.4238544,7.2444825,-3.7783213,-2.3021946
84160000,-0.14614242,0.06004928,-1.4091835,7.2167506,-3.787139,-2.3005874
84164000,-0.14990917,0.06791743,-1.4021611,7.1879005,-3.7948153,-2.2988763
84168000,-0.1553157,0.074110456,-1.3919625,7.157562,-3.8020365,-2.2975988
84172000,-0.14846823,0.07055109,-1.394599,7.1274915,-3.8074543,-2.2953382
84176000,-0.14497511,0.07298677,-1.3855575,7.0984297,-3.8116622,-2.2926333
84180000,-0.1394143,0.07764939,-1.373924,7.0687866,-3.8154888,-2.2905812
84184000,-0.12797976,0.078669555,-1.3689618,7.0383463,-3.8188965,-2.2890973
84188000,-0.12599322,0.08105137,-1.3607206,7.008969,-3.8203294,-2.2881713
84192000,-0.12539859,0.07927484,-1.3632007,6.9796276,-3.8215694,-2.2854273
84196000,-0.124068186,0.0790299,-1.3533696,6.9521904,-3.8240676,-2.2825804
84200000,-0.124582395,0.088079475,-1.3412192,6.9256196,-3.8248656,-2.2813945
84204000,-0.11957714,0.09040781,-1.3519838,6.8985605,-3.82327,-2.2799046
84208000,-0.1166614,0.08277658,-1.3478837,6.87247,-3.8222222,-2.277316
84212000,-0.12269845,0.08876088,-1.3354506,6.8458405,-3.8203578,-2.2747471
84216000,-0.123441,0.103120126,-1.3483732,6.819919,-3.816862,-2.2729042
84220000,-0.11402312,0.099044956,-1.3492541,6.794464,-3.8150363,-2.271988
84224000,-0.109988265,0.09339658,-1.3414373,6.7683578,-3.812647,-2.2699246
84228000,-0.10858743,0.0961508,-1.3407612,6.7418513,-3.8092306,-2.2671568
84232000,-0.10959137,0.09757023,-1.3404701,6.715248,-3.8068101,-2.264111
84236000,-0.10512626,0.094727434,-1.3441765,6.6885176,-3.80426,-2.2611568
84240000,-0.10213214,0.09565934,-1.3401287,6.6604714,-3.802659,-2.2593813
84244000,-0.108280525,0.102236785,-1.336415,6.631684,-3.7999907,-2.2575464
84248000,-0.106077164,0.10735962,-1.3354177,6.603251,-3.7975135,-2.2550616
84252000,-0.105350904,0.100496545,-1.3301327,6.5749955,-3.7965086,-2.2515638
